Confirmed,Recovered,Deaths,Date_last_updated_AEDT,date_day,New,DayElapsed,New_death,DayElapsed_death,New_recover
1722,1077,38,2020-06-17 22:00:00,2020-06-17,50,86,1,87,13
1672,1064,37,2020-06-16 22:00:00,2020-06-16,82,85,1,86,9
1590,1055,36,2020-06-15 22:00:00,2020-06-15,69,84,0,85,11
1521,1044,36,2020-06-14 22:00:00,2020-06-14,57,83,0,84,5
1464,1039,36,2020-06-13 22:00:00,2020-06-13,48,82,0,83,5
1416,1034,36,2020-06-12 22:00:00,2020-06-12,31,81,1,82,33
1385,1001,35,2020-06-11 22:00:00,2020-06-11,44,80,1,81,21
1341,980,34,2020-06-10 22:00:00,2020-06-10,42,79,0,80,20
1299,960,34,2020-06-09 22:00:00,2020-06-09,53,78,0,79,22
1246,938,34,2020-06-08 22:00:00,2020-06-08,0,77,0,78,0
1246,938,34,2020-06-07 22:00:00,2020-06-07,14,76,1,77,13
1232,925,33,2020-06-06 22:00:00,2020-06-06,20,75,0,76,15
1212,910,33,2020-06-05 22:00:00,2020-06-05,15,74,0,75,12
1197,898,33,2020-06-04 22:00:00,2020-06-04,13,73,0,74,0
1184,898,33,2020-06-03 22:00:00,2020-06-03,20,72,0,73,7
1164,891,33,2020-06-02 22:00:00,2020-06-02,21,71,0,72,14
1143,877,33,2020-06-01 22:00:00,2020-06-01,7,70,0,71,5
1136,872,33,2020-05-31 22:00:00,2020-05-31,14,69,0,70,15
1122,857,33,2020-05-30 22:00:00,2020-05-30,23,68,0,69,6
1099,851,33,2020-05-29 22:00:00,2020-05-29,23,67,0,68,28
1076,823,33,2020-05-28 22:00:00,2020-05-28,26,66,0,67,11
1050,812,33,2020-05-27 22:00:00,2020-05-27,21,65,0,66,9
1029,803,33,2020-05-26 22:00:00,2020-05-26,25,64,1,65,8
1004,795,32,2020-05-25 22:00:00,2020-05-25,6,63,0,64,6
998,789,32,2020-05-24 22:00:00,2020-05-24,9,62,1,63,6
989,783,31,2020-05-23 22:00:00,2020-05-23,8,61,0,62,6
981,777,31,2020-05-22 22:00:00,2020-05-22,12,60,0,61,6
969,771,31,2020-05-21 22:00:00,2020-05-21,5,59,0,60,13
964,758,31,2020-05-20 22:00:00,2020-05-20,15,58,0,59,16
949,742,31,2020-05-19 22:00:00,2020-05-19,1,57,0,58,15
948,727,31,2020-05-18 22:00:00,2020-05-18,2,56,0,57,12
946,715,31,2020-05-17 22:00:00,2020-05-17,13,55,0,56,1
933,714,31,2020-05-16 22:00:00,2020-05-16,17,54,0,55,9
916,705,31,2020-05-15 22:00:00,2020-05-15,18,53,0,54,11
898,694,31,2020-05-14 22:00:00,2020-05-14,18,52,0,53,6
880,688,31,2020-05-13 22:00:00,2020-05-13,4,51,0,52,6
876,682,31,2020-05-12 22:00:00,2020-05-12,4,50,0,51,28
872,654,31,2020-05-11 22:00:00,2020-05-11,16,49,0,50,27
856,627,31,2020-05-10 22:00:00,2020-05-10,0,48,0,49,0
856,627,31,2020-05-09 22:00:00,2020-05-09,6,47,0,48,7
850,620,31,2020-05-08 22:00:00,2020-05-08,8,46,0,47,15
842,605,31,2020-05-07 22:00:00,2020-05-07,10,45,0,46,10
832,595,31,2020-05-06 22:00:00,2020-05-06,12,44,0,45,25
820,570,31,2020-05-05 22:00:00,2020-05-05,17,43,0,44,27
803,543,31,2020-05-04 22:00:00,2020-05-04,8,42,0,43,12
795,531,31,2020-05-03 22:00:00,2020-05-03,6,41,0,42,12
789,519,31,2020-05-02 22:00:00,2020-05-02,16,40,0,41,49
773,470,31,2020-05-01 22:00:00,2020-05-01,0,39,0,40,0
773,470,31,2020-04-30 22:00:00,2020-04-30,23,38,1,39,39
750,431,30,2020-04-29 22:00:00,2020-04-29,0,37,0,38,0
750,431,30,2020-04-28 22:00:00,2020-04-28,24,36,2,37,21
726,410,28,2020-04-27 22:00:00,2020-04-27,0,35,0,36,0
726,410,28,2020-04-26 22:00:00,2020-04-26,14,34,1,35,7
712,403,27,2020-04-25 22:00:00,2020-04-25,34,33,0,34,9
678,394,27,2020-04-24 22:00:00,2020-04-24,15,32,0,33,9
663,385,27,2020-04-23 22:00:00,2020-04-23,29,31,0,32,29
634,356,27,2020-04-22 22:00:00,2020-04-22,25,30,1,31,11
609,345,26,2020-04-21 22:00:00,2020-04-21,25,29,0,30,18
584,327,26,2020-04-20 22:00:00,2020-04-20,22,28,0,29,13
562,314,26,2020-04-19 22:00:00,2020-04-19,14,27,0,28,12
548,302,26,2020-04-18 22:00:00,2020-04-18,9,26,0,27,19
539,283,26,2020-04-17 22:00:00,2020-04-17,21,25,0,26,6
518,277,26,2020-04-16 22:00:00,2020-04-16,24,24,1,25,26
494,251,25,2020-04-15 22:00:00,2020-04-15,19,23,1,24,3
475,248,24,2020-04-14 22:00:00,2020-04-14,8,22,1,23,16
467,232,23,2020-04-13 22:00:00,2020-04-13,21,21,0,22,15
446,217,23,2020-04-12 22:00:00,2020-04-12,13,20,0,21,20
433,197,23,2020-04-11 22:00:00,2020-04-11,17,19,0,20,15
416,182,23,2020-04-10 22:00:00,2020-04-10,7,18,1,19,17
409,165,22,2020-04-09 22:00:00,2020-04-09,9,17,0,18,11
400,154,22,2020-04-08 22:00:00,2020-04-08,17,16,0,17,23
383,131,22,2020-04-07 22:00:00,2020-04-07,6,15,1,16,15
377,116,21,2020-04-06 22:00:00,2020-04-06,16,14,1,15,12
361,104,20,2020-04-05 22:00:00,2020-04-05,29,13,2,14,5
332,99,18,2020-04-04 21:00:00,2020-04-04,28,12,2,13,10
304,89,16,2020-04-03 21:00:00,2020-04-03,27,11,0,12,22
277,67,16,2020-04-02 21:00:00,2020-04-02,18,10,1,11,15
259,52,15,2020-04-01 21:00:00,2020-04-01,16,9,2,10,0
243,52,13,2020-03-31 21:00:00,2020-03-31,20,8,2,9,8
223,44,11,2020-03-30 21:00:00,2020-03-30,11,7,1,8,11
212,33,10,2020-03-29 21:00:00,2020-03-29,26,6,2,7,2
186,31,8,2020-03-28 21:00:00,2020-03-28,0,5,0,6,14
186,17,8,2020-03-27 21:10:00,2020-03-27,12,4,2,5,0
174,17,6,2020-03-26 22:20:00,2020-03-26,28,3,1,4,0
146,17,5,2020-03-25 23:20:00,2020-03-25,23,2,0,3,7
123,10,5,2020-03-24 21:20:00,2020-03-24,34,1,0,2,8
89,2,5,2020-03-23 21:40:00,2020-03-23,13,0,3,1,0
76,2,2,2020-03-22 21:00:00,2020-03-22,0,0,0,0,0
76,2,2,2020-03-21 21:00:00,2020-03-21,12,0,0,0,2
64,0,2,2020-03-20 21:20:00,2020-03-20,0,0,0,0,0
64,0,2,2020-03-19 21:30:00,2020-03-19,5,0,0,0,0
59,0,2,2020-03-18 22:00:00,2020-03-18,8,0,1,0,0
51,0,1,2020-03-17 21:00:00,2020-03-17,9,0,0,0,0
42,0,1,2020-03-16 21:00:00,2020-03-16,4,0,0,0,0
38,0,1,2020-03-15 21:00:00,2020-03-15,5,0,0,0,0
33,0,1,2020-03-14 21:00:00,2020-03-14,10,0,0,0,0
23,0,1,2020-03-13 21:00:00,2020-03-13,8,0,0,0,0
15,0,1,2020-03-12 21:00:00,2020-03-12,5,0,1,0,0
10,0,0,2020-03-11 21:00:00,2020-03-11,4,0,0,0,0
6,0,0,2020-03-10 21:00:00,2020-03-10,4,0,0,0,0
2,0,0,2020-03-09 21:00:00,2020-03-09,2,0,0,0,0
0,0,0,2020-03-08 21:00:00,2020-03-08,0,0,0,0,0
0,0,0,2020-03-07 21:00:00,2020-03-07,0,0,0,0,0
0,0,0,2020-03-06 21:00:00,2020-03-06,0,0,0,0,0
0,0,0,2020-03-05 21:00:00,2020-03-05,0,0,0,0,0
0,0,0,2020-03-04 21:00:00,2020-03-04,0,0,0,0,0
0,0,0,2020-03-03 21:00:00,2020-03-03,0,0,0,0,0
0,0,0,2020-03-02 21:00:00,2020-03-02,0,0,0,0,0
0,0,0,2020-03-01 21:00:00,2020-03-01,0,0,0,0,0
0,0,0,2020-02-29 21:00:00,2020-02-29,0,0,0,0,0
0,0,0,2020-02-28 21:00:00,2020-02-28,0,0,0,0,0
0,0,0,2020-02-27 21:00:00,2020-02-27,0,0,0,0,0
0,0,0,2020-02-26 21:00:00,2020-02-26,0,0,0,0,0
0,0,0,2020-02-25 21:00:00,2020-02-25,0,0,0,0,0
0,0,0,2020-02-24 21:00:00,2020-02-24,0,0,0,0,0
0,0,0,2020-02-23 21:00:00,2020-02-23,0,0,0,0,0
0,0,0,2020-02-22 21:00:00,2020-02-22,0,0,0,0,0
0,0,0,2020-02-21 21:00:00,2020-02-21,0,0,0,0,0
0,0,0,2020-02-20 21:00:00,2020-02-20,0,0,0,0,0
0,0,0,2020-02-19 21:00:00,2020-02-19,0,0,0,0,0
0,0,0,2020-02-18 21:00:00,2020-02-18,0,0,0,0,0
0,0,0,2020-02-17 21:00:00,2020-02-17,0,0,0,0,0
0,0,0,2020-02-16 21:00:00,2020-02-16,0,0,0,0,0
0,0,0,2020-02-15 21:00:00,2020-02-15,0,0,0,0,0
0,0,0,2020-02-14 21:00:00,2020-02-14,0,0,0,0,0
0,0,0,2020-02-13 21:00:00,2020-02-13,0,0,0,0,0
0,0,0,2020-02-12 21:00:00,2020-02-12,0,0,0,0,0
0,0,0,2020-02-11 20:30:00,2020-02-11,0,0,0,0,0
0,0,0,2020-02-10 21:00:00,2020-02-10,0,0,0,0,0
0,0,0,2020-02-09 21:00:00,2020-02-09,0,0,0,0,0
0,0,0,2020-02-08 21:00:00,2020-02-08,0,0,0,0,0
0,0,0,2020-02-07 21:00:00,2020-02-07,0,0,0,0,0
0,0,0,2020-02-06 21:00:00,2020-02-06,0,0,0,0,0
0,0,0,2020-02-05 21:00:00,2020-02-05,0,0,0,0,0
0,0,0,2020-02-04 20:00:00,2020-02-04,0,0,0,0,0
0,0,0,2020-02-03 20:00:00,2020-02-03,0,0,0,0,0
0,0,0,2020-02-02 20:00:00,2020-02-02,0,0,0,0,0
0,0,0,2020-02-01 10:00:00,2020-02-01,0,0,0,0,0
0,0,0,2020-01-31 12:30:00,2020-01-31,0,0,0,0,0
0,0,0,2020-01-30 12:00:00,2020-01-30,0,0,0,0,0
0,0,0,2020-01-29 14:00:00,2020-01-29,0,0,0,0,0
0,0,0,2020-01-28 11:30:00,2020-01-28,0,0,0,0,0
0,0,0,2020-01-27 14:00:00,2020-01-27,0,0,0,0,0
0,0,0,2020-01-26 13:00:00,2020-01-26,0,0,0,0,0
0,0,0,2020-01-25 15:00:00,2020-01-25,0,0,0,0,0
0,0,0,2020-01-24 15:00:00,2020-01-24,0,0,0,0,0
0,0,0,2020-01-23 15:00:00,2020-01-23,0,0,0,0,0
0,0,0,2020-01-22 15:00:00,2020-01-22,0,0,0,0,0
0,0,0,2020-01-21 15:00:00,2020-01-21,0,0,0,0,0
