Confirmed,Recovered,Deaths,Date_last_updated_AEDT,date_day,New,DayElapsed,New_death,DayElapsed_death,New_recover
284,93,13,2020-07-01 22:00:00,2020-07-01,8,21,2,44,0
276,93,11,2020-06-30 22:00:00,2020-06-30,9,20,0,43,12
267,81,11,2020-06-29 22:00:00,2020-06-29,8,19,1,42,0
259,81,10,2020-06-28 22:00:00,2020-06-28,47,18,0,41,0
212,81,10,2020-06-27 22:00:00,2020-06-27,0,17,0,40,0
212,81,10,2020-06-26 22:00:00,2020-06-26,15,16,0,39,4
197,77,10,2020-06-25 22:00:00,2020-06-25,8,15,0,38,0
189,77,10,2020-06-24 22:00:00,2020-06-24,3,14,0,37,0
186,77,10,2020-06-23 22:00:00,2020-06-23,3,13,1,36,0
183,77,9,2020-06-22 22:00:00,2020-06-22,7,12,0,35,11
176,66,9,2020-06-21 22:00:00,2020-06-21,4,11,1,34,0
172,66,8,2020-06-20 22:00:00,2020-06-20,6,10,0,33,2
166,64,8,2020-06-19 22:00:00,2020-06-19,11,9,1,32,0
155,64,7,2020-06-18 22:00:00,2020-06-18,7,8,1,31,0
148,64,6,2020-06-17 22:00:00,2020-06-17,6,7,0,30,0
142,64,6,2020-06-16 22:00:00,2020-06-16,2,6,0,29,3
140,61,6,2020-06-15 22:00:00,2020-06-15,2,5,0,28,0
138,61,6,2020-06-14 22:00:00,2020-06-14,8,4,1,27,19
130,42,5,2020-06-13 22:00:00,2020-06-13,12,3,0,26,1
118,41,5,2020-06-12 22:00:00,2020-06-12,5,2,1,25,1
113,40,4,2020-06-11 22:00:00,2020-06-11,17,1,0,24,2
96,38,4,2020-06-10 22:00:00,2020-06-10,4,0,0,23,0
92,38,4,2020-06-09 22:00:00,2020-06-09,1,0,0,22,14
91,24,4,2020-06-08 22:00:00,2020-06-08,3,0,0,21,0
88,24,4,2020-06-07 22:00:00,2020-06-07,2,0,0,20,3
86,21,4,2020-06-06 22:00:00,2020-06-06,0,0,0,19,3
86,18,4,2020-06-05 22:00:00,2020-06-05,0,0,0,18,0
86,18,4,2020-06-04 22:00:00,2020-06-04,0,0,0,17,0
86,18,4,2020-06-03 22:00:00,2020-06-03,0,0,0,16,0
86,18,4,2020-06-02 22:00:00,2020-06-02,0,0,0,15,0
86,18,4,2020-06-01 22:00:00,2020-06-01,2,0,0,14,0
84,18,4,2020-05-31 22:00:00,2020-05-31,3,0,0,13,0
81,18,4,2020-05-30 22:00:00,2020-05-30,7,0,0,12,0
74,18,4,2020-05-29 22:00:00,2020-05-29,3,0,0,11,0
71,18,4,2020-05-28 22:00:00,2020-05-28,0,0,0,10,0
71,18,4,2020-05-27 22:00:00,2020-05-27,1,0,0,9,0
70,18,4,2020-05-26 22:00:00,2020-05-26,1,0,0,8,0
69,18,4,2020-05-25 22:00:00,2020-05-25,8,0,0,7,0
61,18,4,2020-05-24 22:00:00,2020-05-24,1,0,1,6,1
60,17,3,2020-05-23 22:00:00,2020-05-23,2,0,0,5,0
58,17,3,2020-05-22 22:00:00,2020-05-22,0,0,0,4,0
58,17,3,2020-05-21 22:00:00,2020-05-21,6,0,0,3,0
52,17,3,2020-05-20 22:00:00,2020-05-20,2,0,0,2,0
50,17,3,2020-05-19 22:00:00,2020-05-19,2,0,1,1,0
48,17,2,2020-05-18 22:00:00,2020-05-18,0,0,0,0,0
48,17,2,2020-05-17 22:00:00,2020-05-17,0,0,0,0,0
48,17,2,2020-05-16 22:00:00,2020-05-16,0,0,0,0,3
48,14,2,2020-05-15 22:00:00,2020-05-15,3,0,0,0,0
45,14,2,2020-05-14 22:00:00,2020-05-14,0,0,0,0,1
45,13,2,2020-05-13 22:00:00,2020-05-13,0,0,0,0,0
45,13,2,2020-05-12 22:00:00,2020-05-12,0,0,0,0,0
45,13,2,2020-05-11 22:00:00,2020-05-11,2,0,0,0,0
43,13,2,2020-05-10 22:00:00,2020-05-10,0,0,0,0,2
43,11,2,2020-05-09 22:00:00,2020-05-09,7,0,0,0,0
36,11,2,2020-05-08 22:00:00,2020-05-08,0,0,0,0,0
36,11,2,2020-05-07 22:00:00,2020-05-07,0,0,0,0,0
36,11,2,2020-05-06 22:00:00,2020-05-06,1,0,0,0,0
35,11,2,2020-05-05 22:00:00,2020-05-05,0,0,0,0,0
35,11,2,2020-05-04 22:00:00,2020-05-04,0,0,0,0,0
35,11,2,2020-05-03 22:00:00,2020-05-03,5,0,0,0,0
30,11,2,2020-05-02 22:00:00,2020-05-02,3,0,0,0,4
27,7,2,2020-05-01 22:00:00,2020-05-01,0,0,0,0,0
27,7,2,2020-04-30 22:00:00,2020-04-30,0,0,0,0,1
27,6,2,2020-04-29 22:00:00,2020-04-29,0,0,0,0,0
27,6,2,2020-04-28 22:00:00,2020-04-28,1,0,0,0,0
26,6,2,2020-04-27 22:00:00,2020-04-27,1,0,0,0,0
25,6,2,2020-04-26 22:00:00,2020-04-26,0,0,0,0,0
25,6,2,2020-04-25 22:00:00,2020-04-25,0,0,0,0,0
25,6,2,2020-04-24 22:00:00,2020-04-24,0,0,0,0,0
25,6,2,2020-04-23 22:00:00,2020-04-23,1,0,0,0,0
24,6,2,2020-04-22 22:00:00,2020-04-22,0,0,0,0,0
24,6,2,2020-04-21 22:00:00,2020-04-21,0,0,0,0,0
24,6,2,2020-04-20 22:00:00,2020-04-20,0,0,0,0,0
24,6,2,2020-04-19 22:00:00,2020-04-19,5,0,0,0,1
19,5,2,2020-04-18 22:00:00,2020-04-18,0,0,0,0,0
19,5,2,2020-04-17 22:00:00,2020-04-17,0,0,0,0,0
19,5,2,2020-04-16 22:00:00,2020-04-16,0,0,0,0,0
19,5,2,2020-04-15 22:00:00,2020-04-15,0,0,0,0,1
19,4,2,2020-04-14 22:00:00,2020-04-14,0,0,0,0,0
19,4,2,2020-04-13 22:00:00,2020-04-13,0,0,0,0,0
19,4,2,2020-04-12 22:00:00,2020-04-12,0,0,0,0,2
19,2,2,2020-04-11 22:00:00,2020-04-11,0,0,0,0,0
19,2,2,2020-04-10 22:00:00,2020-04-10,0,0,0,0,0
19,2,2,2020-04-09 22:00:00,2020-04-09,2,0,0,0,0
17,2,2,2020-04-08 22:00:00,2020-04-08,1,0,0,0,0
16,2,2,2020-04-07 22:00:00,2020-04-07,2,0,0,0,0
14,2,2,2020-04-06 22:00:00,2020-04-06,4,0,0,0,0
10,2,2,2020-04-05 22:00:00,2020-04-05,2,0,0,0,1
8,1,2,2020-04-04 21:00:00,2020-04-04,0,0,0,0,0
8,1,2,2020-04-03 21:00:00,2020-04-03,0,0,0,0,0
8,1,2,2020-04-02 21:00:00,2020-04-02,1,0,0,0,0
7,1,2,2020-04-01 21:00:00,2020-04-01,0,0,0,0,0
7,1,2,2020-03-31 21:00:00,2020-03-31,0,0,0,0,1
7,0,2,2020-03-30 21:00:00,2020-03-30,2,0,2,0,0
5,0,0,2020-03-29 21:00:00,2020-03-29,1,0,0,0,0
4,0,0,2020-03-28 21:00:00,2020-03-28,0,0,0,0,0
4,0,0,2020-03-27 21:10:00,2020-03-27,1,0,0,0,0
3,0,0,2020-03-26 22:20:00,2020-03-26,0,0,0,0,0
3,0,0,2020-03-25 23:20:00,2020-03-25,0,0,0,0,0
3,0,0,2020-03-24 21:20:00,2020-03-24,1,0,0,0,0
2,0,0,2020-03-23 21:40:00,2020-03-23,0,0,0,0,0
2,0,0,2020-03-22 21:00:00,2020-03-22,0,0,0,0,0
2,0,0,2020-03-21 21:00:00,2020-03-21,1,0,0,0,0
1,0,0,2020-03-20 21:20:00,2020-03-20,1,0,0,0,0
0,0,0,2020-03-19 21:30:00,2020-03-19,0,0,0,0,0
0,0,0,2020-03-18 22:00:00,2020-03-18,0,0,0,0,0
0,0,0,2020-03-17 21:00:00,2020-03-17,0,0,0,0,0
0,0,0,2020-03-16 21:00:00,2020-03-16,0,0,0,0,0
0,0,0,2020-03-15 21:00:00,2020-03-15,0,0,0,0,0
0,0,0,2020-03-14 21:00:00,2020-03-14,0,0,0,0,0
0,0,0,2020-03-13 21:00:00,2020-03-13,0,0,0,0,0
0,0,0,2020-03-12 21:00:00,2020-03-12,0,0,0,0,0
0,0,0,2020-03-11 21:00:00,2020-03-11,0,0,0,0,0
0,0,0,2020-03-10 21:00:00,2020-03-10,0,0,0,0,0
0,0,0,2020-03-09 21:00:00,2020-03-09,0,0,0,0,0
0,0,0,2020-03-08 21:00:00,2020-03-08,0,0,0,0,0
0,0,0,2020-03-07 21:00:00,2020-03-07,0,0,0,0,0
0,0,0,2020-03-06 21:00:00,2020-03-06,0,0,0,0,0
0,0,0,2020-03-05 21:00:00,2020-03-05,0,0,0,0,0
0,0,0,2020-03-04 21:00:00,2020-03-04,0,0,0,0,0
0,0,0,2020-03-03 21:00:00,2020-03-03,0,0,0,0,0
0,0,0,2020-03-02 21:00:00,2020-03-02,0,0,0,0,0
0,0,0,2020-03-01 21:00:00,2020-03-01,0,0,0,0,0
0,0,0,2020-02-29 21:00:00,2020-02-29,0,0,0,0,0
0,0,0,2020-02-28 21:00:00,2020-02-28,0,0,0,0,0
0,0,0,2020-02-27 21:00:00,2020-02-27,0,0,0,0,0
0,0,0,2020-02-26 21:00:00,2020-02-26,0,0,0,0,0
0,0,0,2020-02-25 21:00:00,2020-02-25,0,0,0,0,0
0,0,0,2020-02-24 21:00:00,2020-02-24,0,0,0,0,0
0,0,0,2020-02-23 21:00:00,2020-02-23,0,0,0,0,0
0,0,0,2020-02-22 21:00:00,2020-02-22,0,0,0,0,0
0,0,0,2020-02-21 21:00:00,2020-02-21,0,0,0,0,0
0,0,0,2020-02-20 21:00:00,2020-02-20,0,0,0,0,0
0,0,0,2020-02-19 21:00:00,2020-02-19,0,0,0,0,0
0,0,0,2020-02-18 21:00:00,2020-02-18,0,0,0,0,0
0,0,0,2020-02-17 21:00:00,2020-02-17,0,0,0,0,0
0,0,0,2020-02-16 21:00:00,2020-02-16,0,0,0,0,0
0,0,0,2020-02-15 21:00:00,2020-02-15,0,0,0,0,0
0,0,0,2020-02-14 21:00:00,2020-02-14,0,0,0,0,0
0,0,0,2020-02-13 21:00:00,2020-02-13,0,0,0,0,0
0,0,0,2020-02-12 21:00:00,2020-02-12,0,0,0,0,0
0,0,0,2020-02-11 20:30:00,2020-02-11,0,0,0,0,0
0,0,0,2020-02-10 21:00:00,2020-02-10,0,0,0,0,0
0,0,0,2020-02-09 21:00:00,2020-02-09,0,0,0,0,0
0,0,0,2020-02-08 21:00:00,2020-02-08,0,0,0,0,0
0,0,0,2020-02-07 21:00:00,2020-02-07,0,0,0,0,0
0,0,0,2020-02-06 21:00:00,2020-02-06,0,0,0,0,0
0,0,0,2020-02-05 21:00:00,2020-02-05,0,0,0,0,0
0,0,0,2020-02-04 20:00:00,2020-02-04,0,0,0,0,0
0,0,0,2020-02-03 20:00:00,2020-02-03,0,0,0,0,0
0,0,0,2020-02-02 20:00:00,2020-02-02,0,0,0,0,0
0,0,0,2020-02-01 10:00:00,2020-02-01,0,0,0,0,0
0,0,0,2020-01-31 12:30:00,2020-01-31,0,0,0,0,0
0,0,0,2020-01-30 12:00:00,2020-01-30,0,0,0,0,0
0,0,0,2020-01-29 14:00:00,2020-01-29,0,0,0,0,0
0,0,0,2020-01-28 11:30:00,2020-01-28,0,0,0,0,0
0,0,0,2020-01-27 14:00:00,2020-01-27,0,0,0,0,0
0,0,0,2020-01-26 13:00:00,2020-01-26,0,0,0,0,0
0,0,0,2020-01-25 15:00:00,2020-01-25,0,0,0,0,0
0,0,0,2020-01-24 15:00:00,2020-01-24,0,0,0,0,0
0,0,0,2020-01-23 15:00:00,2020-01-23,0,0,0,0,0
0,0,0,2020-01-22 15:00:00,2020-01-22,0,0,0,0,0
0,0,0,2020-01-21 15:00:00,2020-01-21,0,0,0,0,0
