Confirmed,Recovered,Deaths,Date_last_updated_AEDT,date_day,New,DayElapsed,New_death,DayElapsed_death,New_recover
55343,18416,1184,2020-06-27 22:00:00,2020-06-27,2886,100,34,101,3628
52457,14788,1150,2020-06-26 22:00:00,2020-06-26,2606,99,34,100,972
49851,13816,1116,2020-06-25 22:00:00,2020-06-25,2648,98,38,99,240
47203,13576,1078,2020-06-24 22:00:00,2020-06-24,2272,97,35,98,423
44931,13153,1043,2020-06-23 22:00:00,2020-06-23,2146,96,32,97,425
42785,12728,1011,2020-06-22 22:00:00,2020-06-22,1581,95,19,96,522
41204,12206,992,2020-06-21 22:00:00,2020-06-21,1634,94,13,95,355
39570,11851,979,2020-06-20 22:00:00,2020-06-20,2060,93,31,94,1130
37510,10721,948,2020-06-19 22:00:00,2020-06-19,1958,92,35,93,209
35552,10512,913,2020-06-18 22:00:00,2020-06-18,1393,91,35,92,338
34159,10174,878,2020-06-17 22:00:00,2020-06-17,1374,90,24,91,283
32785,9891,854,2020-06-16 22:00:00,2020-06-16,1208,89,21,90,327
31577,9564,833,2020-06-15 22:00:00,2020-06-15,1282,88,18,89,481
30295,9083,815,2020-06-14 22:00:00,2020-06-14,1531,87,30,88,340
28764,8743,785,2020-06-13 22:00:00,2020-06-13,1391,86,20,87,411
27373,8332,765,2020-06-12 22:00:00,2020-06-12,1386,85,30,86,341
25987,7991,735,2020-06-11 22:00:00,2020-06-11,1226,84,18,85,423
24761,7568,717,2020-06-10 22:00:00,2020-06-10,1141,83,24,84,263
23620,7305,693,2020-06-09 22:00:00,2020-06-09,826,82,29,83,396
22794,6909,664,2020-06-08 22:00:00,2020-06-08,774,81,16,82,729
22020,6180,648,2020-06-07 22:00:00,2020-06-07,983,80,16,81,92
21037,6088,632,2020-06-06 22:00:00,2020-06-06,840,79,24,80,95
20197,5993,608,2020-06-05 22:00:00,2020-06-05,929,78,25,79,97
19268,5896,583,2020-06-04 22:00:00,2020-06-04,949,77,14,78,187
18319,5709,569,2020-06-03 22:00:00,2020-06-03,904,76,13,77,188
17415,5521,556,2020-06-02 22:00:00,2020-06-02,564,75,17,76,185
16851,5336,539,2020-06-01 22:00:00,2020-06-01,637,74,11,75,548
16214,4788,528,2020-05-31 22:00:00,2020-05-31,795,73,8,74,0
15419,4788,520,2020-05-30 22:00:00,2020-05-30,717,72,12,73,171
14702,4617,508,2020-05-29 22:00:00,2020-05-29,769,71,8,72,268
13933,4349,500,2020-05-28 22:00:00,2020-05-28,705,70,16,71,182
13228,4167,484,2020-05-27 22:00:00,2020-05-27,600,69,17,70,168
12628,3999,467,2020-05-26 22:00:00,2020-05-26,552,68,15,69,267
12076,3732,452,2020-05-25 22:00:00,2020-05-25,723,67,7,68,202
11353,3530,445,2020-05-24 22:00:00,2020-05-24,704,66,12,67,468
10649,3062,433,2020-05-23 22:00:00,2020-05-23,718,65,17,66,30
9931,3032,416,2020-05-22 22:00:00,2020-05-22,648,64,13,65,99
9283,2933,403,2020-05-21 22:00:00,2020-05-21,474,63,10,64,61
8809,2872,393,2020-05-20 22:00:00,2020-05-20,438,62,11,63,247
8371,2625,382,2020-05-19 22:00:00,2020-05-19,303,61,9,62,56
8068,2569,373,2020-05-18 22:00:00,2020-05-18,263,60,10,61,35
7805,2534,363,2020-05-17 22:00:00,2020-05-17,326,59,7,60,37
7479,2497,356,2020-05-16 22:00:00,2020-05-16,345,58,3,59,112
7134,2385,353,2020-05-15 22:00:00,2020-05-15,255,57,24,58,119
6879,2266,329,2020-05-14 22:00:00,2020-05-14,316,56,10,57,404
6563,1862,319,2020-05-13 22:00:00,2020-05-13,285,55,5,56,25
6278,1837,314,2020-05-12 22:00:00,2020-05-12,244,54,9,55,80
6034,1757,305,2020-05-11 22:00:00,2020-05-11,258,53,5,54,29
5776,1728,300,2020-05-10 22:00:00,2020-05-10,165,52,7,53,69
5611,1659,293,2020-05-09 22:00:00,2020-05-09,240,51,11,52,58
5371,1601,282,2020-05-08 22:00:00,2020-05-08,163,50,9,51,77
5208,1524,273,2020-05-07 22:00:00,2020-05-07,188,49,9,50,52
5020,1472,264,2020-05-06 22:00:00,2020-05-06,133,48,4,49,30
4887,1442,260,2020-05-05 22:00:00,2020-05-05,104,47,14,48,88
4783,1354,246,2020-05-04 22:00:00,2020-05-04,102,46,9,47,34
4681,1320,237,2020-05-03 22:00:00,2020-05-03,149,45,12,46,28
4532,1292,225,2020-05-02 22:00:00,2020-05-02,104,44,7,45,36
4428,1256,218,2020-05-01 22:00:00,2020-05-01,143,43,4,44,64
4285,1192,214,2020-04-30 22:00:00,2020-04-30,158,42,7,43,30
4127,1162,207,2020-04-29 22:00:00,2020-04-29,124,41,10,42,22
4003,1140,197,2020-04-28 22:00:00,2020-04-28,111,40,5,41,33
3892,1107,192,2020-04-27 22:00:00,2020-04-27,112,39,7,40,77
3780,1030,185,2020-04-26 22:00:00,2020-04-26,173,38,9,39,54
3607,976,176,2020-04-25 22:00:00,2020-04-25,172,37,10,38,57
3435,919,166,2020-04-24 22:00:00,2020-04-24,147,36,7,37,47
3288,872,159,2020-04-23 22:00:00,2020-04-23,144,35,8,36,32
3144,840,151,2020-04-22 22:00:00,2020-04-22,113,34,9,35,103
3031,737,142,2020-04-21 22:00:00,2020-04-21,90,33,8,34,28
2941,709,134,2020-04-20 22:00:00,2020-04-20,102,32,2,33,24
2839,685,132,2020-04-19 22:00:00,2020-04-19,81,31,3,32,19
2758,666,129,2020-04-18 22:00:00,2020-04-18,89,30,7,31,35
2669,631,122,2020-04-17 22:00:00,2020-04-17,98,29,10,30,35
2571,596,112,2020-04-16 22:00:00,2020-04-16,128,28,7,29,37
2443,559,105,2020-04-15 22:00:00,2020-04-15,166,27,7,28,44
2277,515,98,2020-04-14 22:00:00,2020-04-14,69,26,3,27,47
2208,468,95,2020-04-13 22:00:00,2020-04-13,66,25,6,26,28
2142,440,89,2020-04-12 22:00:00,2020-04-12,167,24,7,25,65
1975,375,82,2020-04-11 22:00:00,2020-04-11,81,23,3,24,10
1894,365,79,2020-04-10 22:00:00,2020-04-10,99,22,14,23,7
1795,358,65,2020-04-09 22:00:00,2020-04-09,80,21,5,22,20
1715,338,60,2020-04-08 22:00:00,2020-04-08,87,20,7,21,13
1628,325,53,2020-04-07 22:00:00,2020-04-07,74,19,7,20,45
1554,280,46,2020-04-06 22:00:00,2020-04-06,103,18,3,19,1
1451,279,43,2020-04-05 22:00:00,2020-04-05,98,17,1,18,13
1353,266,42,2020-04-04 21:00:00,2020-04-04,88,16,5,17,10
1265,256,37,2020-04-03 21:00:00,2020-04-03,132,15,4,16,8
1133,248,33,2020-04-02 21:00:00,2020-04-02,79,14,6,15,8
1054,240,27,2020-04-01 21:00:00,2020-04-01,88,13,3,14,12
966,228,24,2020-03-31 21:00:00,2020-03-31,146,12,4,13,137
820,91,20,2020-03-30 21:00:00,2020-03-30,75,11,1,12,19
745,72,19,2020-03-29 21:00:00,2020-03-29,55,10,2,11,0
690,72,17,2020-03-28 21:00:00,2020-03-28,101,9,5,10,0
589,72,12,2020-03-27 21:10:00,2020-03-27,87,8,4,9,20
502,52,8,2020-03-26 22:20:00,2020-03-26,115,7,2,8,0
387,52,6,2020-03-25 23:20:00,2020-03-25,86,6,2,7,1
301,51,4,2020-03-24 21:20:00,2020-03-24,35,5,0,6,24
266,27,4,2020-03-23 21:40:00,2020-03-23,41,4,0,5,0
225,27,4,2020-03-22 21:00:00,2020-03-22,67,3,1,4,24
158,3,3,2020-03-21 21:00:00,2020-03-21,30,2,0,3,0
128,3,3,2020-03-20 21:20:00,2020-03-20,31,1,0,2,0
97,3,3,2020-03-19 21:30:00,2020-03-19,18,0,1,1,0
79,3,2,2020-03-18 22:00:00,2020-03-18,14,0,0,0,0
65,3,2,2020-03-17 21:00:00,2020-03-17,9,0,0,0,0
56,3,2,2020-03-16 21:00:00,2020-03-16,11,0,0,0,3
45,0,2,2020-03-15 21:00:00,2020-03-15,11,0,0,0,0
34,0,2,2020-03-14 21:00:00,2020-03-14,3,0,1,0,0
31,0,1,2020-03-13 21:00:00,2020-03-13,10,0,0,0,0
21,0,1,2020-03-12 21:00:00,2020-03-12,2,0,0,0,0
19,0,1,2020-03-11 21:00:00,2020-03-11,2,0,0,0,0
17,0,1,2020-03-10 21:00:00,2020-03-10,5,0,0,0,0
12,0,1,2020-03-09 21:00:00,2020-03-09,3,0,0,0,0
9,0,1,2020-03-08 21:00:00,2020-03-08,1,0,1,0,0
8,0,0,2020-03-07 21:00:00,2020-03-07,6,0,0,0,0
2,0,0,2020-03-06 21:00:00,2020-03-06,1,0,0,0,0
1,0,0,2020-03-05 21:00:00,2020-03-05,0,0,0,0,0
1,0,0,2020-03-04 21:00:00,2020-03-04,1,0,0,0,0
0,0,0,2020-03-03 21:00:00,2020-03-03,0,0,0,0,0
0,0,0,2020-03-02 21:00:00,2020-03-02,0,0,0,0,0
0,0,0,2020-03-01 21:00:00,2020-03-01,0,0,0,0,0
0,0,0,2020-02-29 21:00:00,2020-02-29,0,0,0,0,0
0,0,0,2020-02-28 21:00:00,2020-02-28,0,0,0,0,0
0,0,0,2020-02-27 21:00:00,2020-02-27,0,0,0,0,0
0,0,0,2020-02-26 21:00:00,2020-02-26,0,0,0,0,0
0,0,0,2020-02-25 21:00:00,2020-02-25,0,0,0,0,0
0,0,0,2020-02-24 21:00:00,2020-02-24,0,0,0,0,0
0,0,0,2020-02-23 21:00:00,2020-02-23,0,0,0,0,0
0,0,0,2020-02-22 21:00:00,2020-02-22,0,0,0,0,0
0,0,0,2020-02-21 21:00:00,2020-02-21,0,0,0,0,0
0,0,0,2020-02-20 21:00:00,2020-02-20,0,0,0,0,0
0,0,0,2020-02-19 21:00:00,2020-02-19,0,0,0,0,0
0,0,0,2020-02-18 21:00:00,2020-02-18,0,0,0,0,0
0,0,0,2020-02-17 21:00:00,2020-02-17,0,0,0,0,0
0,0,0,2020-02-16 21:00:00,2020-02-16,0,0,0,0,0
0,0,0,2020-02-15 21:00:00,2020-02-15,0,0,0,0,0
0,0,0,2020-02-14 21:00:00,2020-02-14,0,0,0,0,0
0,0,0,2020-02-13 21:00:00,2020-02-13,0,0,0,0,0
0,0,0,2020-02-12 21:00:00,2020-02-12,0,0,0,0,0
0,0,0,2020-02-11 20:30:00,2020-02-11,0,0,0,0,0
0,0,0,2020-02-10 21:00:00,2020-02-10,0,0,0,0,0
0,0,0,2020-02-09 21:00:00,2020-02-09,0,0,0,0,0
0,0,0,2020-02-08 21:00:00,2020-02-08,0,0,0,0,0
0,0,0,2020-02-07 21:00:00,2020-02-07,0,0,0,0,0
0,0,0,2020-02-06 21:00:00,2020-02-06,0,0,0,0,0
0,0,0,2020-02-05 21:00:00,2020-02-05,0,0,0,0,0
0,0,0,2020-02-04 20:00:00,2020-02-04,0,0,0,0,0
0,0,0,2020-02-03 20:00:00,2020-02-03,0,0,0,0,0
0,0,0,2020-02-02 20:00:00,2020-02-02,0,0,0,0,0
0,0,0,2020-02-01 10:00:00,2020-02-01,0,0,0,0,0
0,0,0,2020-01-31 12:30:00,2020-01-31,0,0,0,0,0
0,0,0,2020-01-30 12:00:00,2020-01-30,0,0,0,0,0
0,0,0,2020-01-29 14:00:00,2020-01-29,0,0,0,0,0
0,0,0,2020-01-28 11:30:00,2020-01-28,0,0,0,0,0
0,0,0,2020-01-27 14:00:00,2020-01-27,0,0,0,0,0
0,0,0,2020-01-26 13:00:00,2020-01-26,0,0,0,0,0
0,0,0,2020-01-25 15:00:00,2020-01-25,0,0,0,0,0
0,0,0,2020-01-24 15:00:00,2020-01-24,0,0,0,0,0
0,0,0,2020-01-23 15:00:00,2020-01-23,0,0,0,0,0
0,0,0,2020-01-22 15:00:00,2020-01-22,0,0,0,0,0
0,0,0,2020-01-21 15:00:00,2020-01-21,0,0,0,0,0
