Confirmed,Recovered,Deaths,Date_last_updated_AEDT,date_day,New,DayElapsed,New_death,DayElapsed_death,New_recover
162014,174,3305,2020-07-27 22:00:00,2020-07-27,1973,128,19,126,0
160041,174,3286,2020-07-26 22:00:00,2020-07-26,3740,127,143,125,0
156301,174,3143,2020-07-25 22:00:00,2020-07-25,3357,126,80,124,0
152944,174,3063,2020-07-24 22:00:00,2020-07-24,2335,125,89,123,0
150609,174,2974,2020-07-23 22:00:00,2020-07-23,1926,124,56,122,0
148683,174,2918,2020-07-22 22:00:00,2020-07-22,3500,123,134,121,0
145183,174,2784,2020-07-21 22:00:00,2020-07-21,1559,122,23,120,0
143624,174,2761,2020-07-20 22:00:00,2020-07-20,2359,121,31,119,0
141265,174,2730,2020-07-19 22:00:00,2020-07-19,2742,120,147,118,0
138523,174,2583,2020-07-18 22:00:00,2020-07-18,3910,119,91,117,0
134613,174,2492,2020-07-17 22:00:00,2020-07-17,3259,118,58,116,0
131354,174,2434,2020-07-16 22:00:00,2020-07-16,3257,117,97,115,0
128097,174,2337,2020-07-15 22:00:00,2020-07-15,4273,116,92,114,0
123824,174,2245,2020-07-14 22:00:00,2020-07-14,1357,115,8,113,0
122467,174,2237,2020-07-13 22:00:00,2020-07-13,2537,114,86,112,0
119930,174,2151,2020-07-12 22:00:00,2020-07-12,3038,113,69,111,0
116892,174,2082,2020-07-11 22:00:00,2020-07-11,4221,112,44,110,0
112671,174,2038,2020-07-10 22:00:00,2020-07-10,4057,111,75,109,0
108614,174,1963,2020-07-09 22:00:00,2020-07-09,3520,110,36,108,0
105094,174,1927,2020-07-08 22:00:00,2020-07-08,3639,109,98,107,0
101455,174,1829,2020-07-07 22:00:00,2020-07-07,3352,108,4,106,0
98103,174,1825,2020-07-06 22:00:00,2020-07-06,3536,107,8,105,0
94567,174,1817,2020-07-05 22:00:00,2020-07-05,2695,106,19,104,0
91872,174,1798,2020-07-04 22:00:00,2020-07-04,4427,105,34,103,0
87445,174,1764,2020-07-03 22:00:00,2020-07-03,3340,104,39,102,0
84105,174,1725,2020-07-02 22:00:00,2020-07-02,4877,103,80,101,0
79228,174,1645,2020-07-01 22:00:00,2020-07-01,4683,102,47,100,0
74545,174,1598,2020-06-30 22:00:00,2020-06-30,637,101,4,99,0
73908,174,1594,2020-06-29 22:00:00,2020-06-29,3784,100,14,98,0
70124,174,1580,2020-06-28 22:00:00,2020-06-28,3465,99,44,97,0
66659,174,1536,2020-06-27 22:00:00,2020-06-27,3378,98,41,96,0
63281,174,1495,2020-06-26 22:00:00,2020-06-26,3091,97,28,95,0
60190,174,1467,2020-06-25 22:00:00,2020-06-25,1812,96,71,94,0
58378,174,1396,2020-06-24 22:00:00,2020-06-24,3779,95,45,93,0
54599,174,1351,2020-06-23 22:00:00,2020-06-23,2008,94,2,92,0
52591,174,1349,2020-06-22 22:00:00,2020-06-22,2464,93,3,91,0
50127,174,1346,2020-06-21 22:00:00,2020-06-21,3217,92,25,90,0
46910,174,1321,2020-06-20 22:00:00,2020-06-20,3465,91,38,89,0
43445,174,1283,2020-06-19 22:00:00,2020-06-19,2508,90,34,88,0
40937,174,1249,2020-06-18 22:00:00,2020-06-18,1752,89,21,87,0
39185,174,1228,2020-06-17 22:00:00,2020-06-17,2341,88,25,86,0
36844,174,1203,2020-06-16 22:00:00,2020-06-16,1138,87,12,85,0
35706,174,1191,2020-06-15 22:00:00,2020-06-15,1046,86,2,84,0
34660,174,1189,2020-06-14 22:00:00,2020-06-14,1621,85,33,83,0
33039,174,1156,2020-06-13 22:00:00,2020-06-13,1772,84,21,82,0
31267,174,1135,2020-06-12 22:00:00,2020-06-12,1415,83,34,81,0
29852,174,1101,2020-06-11 22:00:00,2020-06-11,1556,82,25,80,0
28296,174,1076,2020-06-10 22:00:00,2020-06-10,618,81,23,79,0
27678,174,1053,2020-06-09 22:00:00,2020-06-09,689,80,2,78,0
26989,174,1051,2020-06-08 22:00:00,2020-06-08,1538,79,8,77,0
25451,174,1043,2020-06-07 22:00:00,2020-06-07,1012,78,28,76,0
24439,174,1015,2020-06-06 22:00:00,2020-06-06,1553,77,16,75,0
22886,174,999,2020-06-05 22:00:00,2020-06-05,530,76,16,74,168
22356,6,983,2020-06-04 22:00:00,2020-06-04,1092,75,40,73,0
21264,6,943,2020-06-03 22:00:00,2020-06-03,1135,74,25,72,0
20129,6,918,2020-06-02 22:00:00,2020-06-02,193,73,11,71,0
19936,6,907,2020-06-01 22:00:00,2020-06-01,678,72,3,70,0
19258,6,904,2020-05-31 22:00:00,2020-05-31,786,71,18,69,0
18472,6,886,2020-05-30 22:00:00,2020-05-30,595,70,26,68,0
17877,6,860,2020-05-29 22:00:00,2020-05-29,559,69,26,67,0
17318,6,834,2020-05-28 22:00:00,2020-05-28,454,68,24,66,0
16864,6,810,2020-05-27 22:00:00,2020-05-27,289,67,3,65,0
16575,6,807,2020-05-26 22:00:00,2020-05-26,198,66,6,64,0
16377,6,801,2020-05-25 22:00:00,2020-05-25,324,65,0,63,0
16053,6,801,2020-05-24 22:00:00,2020-05-24,333,64,23,62,0
15720,6,778,2020-05-23 22:00:00,2020-05-23,392,63,14,61,0
15328,6,764,2020-05-22 22:00:00,2020-05-22,422,62,17,60,0
14906,6,747,2020-05-21 22:00:00,2020-05-21,330,61,42,59,0
14576,6,705,2020-05-20 22:00:00,2020-05-20,368,60,18,58,0
14208,6,687,2020-05-19 22:00:00,2020-05-19,263,59,7,57,0
13945,6,680,2020-05-18 22:00:00,2020-05-18,279,58,1,56,0
13666,6,679,2020-05-17 22:00:00,2020-05-17,497,57,28,55,0
13169,6,651,2020-05-16 22:00:00,2020-05-16,495,56,27,54,0
12674,6,624,2020-05-15 22:00:00,2020-05-15,458,55,29,53,0
12216,6,595,2020-05-14 22:00:00,2020-05-14,480,54,33,52,0
11736,6,562,2020-05-13 22:00:00,2020-05-13,353,53,20,51,0
11383,6,542,2020-05-12 22:00:00,2020-05-12,256,52,6,50,0
11127,6,536,2020-05-11 22:00:00,2020-05-11,167,51,4,49,0
10960,6,532,2020-05-10 22:00:00,2020-05-10,434,50,15,48,0
10526,6,517,2020-05-09 22:00:00,2020-05-09,572,49,67,47,0
9954,6,450,2020-05-08 22:00:00,2020-05-08,247,48,24,46,0
9707,6,426,2020-05-07 22:00:00,2020-05-07,402,47,31,45,0
9305,6,395,2020-05-06 22:00:00,2020-05-06,381,46,33,44,0
8924,6,362,2020-05-05 22:00:00,2020-05-05,284,45,0,43,0
8640,6,362,2020-05-04 22:00:00,2020-05-04,276,44,32,42,0
8364,6,330,2020-05-03 22:00:00,2020-05-03,395,43,0,41,0
7969,6,330,2020-05-02 22:00:00,2020-05-02,314,42,10,40,0
7655,6,320,2020-05-01 22:00:00,2020-05-01,446,41,12,39,0
7209,6,308,2020-04-30 22:00:00,2020-04-30,254,40,33,38,0
6955,6,275,2020-04-29 22:00:00,2020-04-29,230,39,0,37,0
6725,6,275,2020-04-28 22:00:00,2020-04-28,191,38,0,36,0
6534,6,275,2020-04-27 22:00:00,2020-04-27,248,37,2,35,0
6286,6,273,2020-04-26 22:00:00,2020-04-26,241,36,7,34,0
6045,6,266,2020-04-25 22:00:00,2020-04-25,273,35,17,33,0
5772,6,249,2020-04-24 22:00:00,2020-04-24,299,34,18,32,0
5473,6,231,2020-04-23 22:00:00,2020-04-23,217,33,23,31,0
5256,6,208,2020-04-22 22:00:00,2020-04-22,188,32,17,30,0
5068,6,191,2020-04-21 22:00:00,2020-04-21,135,31,7,29,0
4933,6,184,2020-04-20 22:00:00,2020-04-20,209,30,4,28,0
4724,6,180,2020-04-19 22:00:00,2020-04-19,213,29,11,27,0
4511,6,169,2020-04-18 22:00:00,2020-04-18,270,28,19,26,0
4241,6,150,2020-04-17 22:00:00,2020-04-17,273,27,7,25,0
3968,6,143,2020-04-16 22:00:00,2020-04-16,159,26,12,24,0
3809,6,131,2020-04-15 22:00:00,2020-04-15,104,25,9,23,3
3705,3,122,2020-04-14 22:00:00,2020-04-14,163,24,7,22,0
3542,3,115,2020-04-13 22:00:00,2020-04-13,149,23,7,21,0
3393,3,108,2020-04-12 22:00:00,2020-04-12,281,22,11,20,0
3112,3,97,2020-04-11 22:00:00,2020-04-11,94,21,8,19,0
3018,3,89,2020-04-10 22:00:00,2020-04-10,292,20,9,18,0
2726,3,80,2020-04-09 22:00:00,2020-04-09,151,19,7,17,0
2575,3,73,2020-04-08 22:00:00,2020-04-08,119,18,8,16,0
2456,3,65,2020-04-07 22:00:00,2020-04-07,187,17,1,15,0
2269,3,64,2020-04-06 22:00:00,2020-04-06,250,16,12,14,0
2019,3,52,2020-04-05 22:00:00,2020-04-05,250,15,11,13,0
1769,3,41,2020-04-04 21:00:00,2020-04-04,171,14,9,12,0
1598,3,32,2020-04-03 21:00:00,2020-04-03,185,13,3,11,0
1413,3,29,2020-04-02 21:00:00,2020-04-02,124,12,5,10,2
1289,1,24,2020-04-01 21:00:00,2020-04-01,131,11,4,9,0
1158,1,20,2020-03-31 21:00:00,2020-03-31,239,10,3,8,0
919,1,17,2020-03-30 21:00:00,2020-03-30,146,9,2,7,0
773,1,15,2020-03-29 21:00:00,2020-03-29,108,8,2,6,0
665,1,13,2020-03-28 21:00:00,2020-03-28,157,7,5,5,0
508,1,8,2020-03-27 21:10:00,2020-03-27,107,6,2,4,0
401,1,6,2020-03-26 22:20:00,2020-03-26,75,5,0,3,0
326,1,6,2020-03-25 23:20:00,2020-03-25,91,4,3,2,0
235,1,3,2020-03-24 21:20:00,2020-03-24,83,3,1,1,0
152,1,2,2020-03-23 21:40:00,2020-03-23,48,2,1,0,0
104,1,1,2020-03-22 21:00:00,2020-03-22,25,1,0,0,0
79,1,1,2020-03-21 21:00:00,2020-03-21,26,0,1,0,0
53,1,0,2020-03-20 21:20:00,2020-03-20,24,0,0,0,0
29,1,0,2020-03-19 21:30:00,2020-03-19,8,0,0,0,0
21,1,0,2020-03-18 22:00:00,2020-03-18,3,0,0,0,0
18,1,0,2020-03-17 21:00:00,2020-03-17,5,0,0,0,0
13,1,0,2020-03-16 21:00:00,2020-03-16,1,0,0,0,0
12,1,0,2020-03-15 21:00:00,2020-03-15,2,0,0,0,0
10,1,0,2020-03-14 21:00:00,2020-03-14,1,0,0,0,0
9,1,0,2020-03-13 21:00:00,2020-03-13,0,0,0,0,0
9,1,0,2020-03-12 21:00:00,2020-03-12,3,0,0,0,0
6,1,0,2020-03-11 21:00:00,2020-03-11,0,0,0,0,0
6,1,0,2020-03-10 21:00:00,2020-03-10,1,0,0,0,0
5,1,0,2020-03-09 21:00:00,2020-03-09,0,0,0,0,0
5,1,0,2020-03-08 21:00:00,2020-03-08,2,0,0,0,0
3,1,0,2020-03-07 21:00:00,2020-03-07,1,0,0,0,0
2,1,0,2020-03-06 21:00:00,2020-03-06,0,0,0,0,0
2,1,0,2020-03-05 21:00:00,2020-03-05,0,0,0,0,0
2,1,0,2020-03-04 21:00:00,2020-03-04,1,0,0,0,0
1,1,0,2020-03-03 21:00:00,2020-03-03,0,0,0,0,0
1,1,0,2020-03-02 21:00:00,2020-03-02,0,0,0,0,0
1,1,0,2020-03-01 21:00:00,2020-03-01,0,0,0,0,0
1,1,0,2020-02-29 21:00:00,2020-02-29,0,0,0,0,0
1,1,0,2020-02-28 21:00:00,2020-02-28,0,0,0,0,1
1,0,0,2020-02-27 21:00:00,2020-02-27,0,0,0,0,0
1,0,0,2020-02-26 21:00:00,2020-02-26,0,0,0,0,0
1,0,0,2020-02-25 21:00:00,2020-02-25,0,0,0,0,0
1,0,0,2020-02-24 21:00:00,2020-02-24,0,0,0,0,0
1,0,0,2020-02-23 21:00:00,2020-02-23,0,0,0,0,0
1,0,0,2020-02-22 21:00:00,2020-02-22,0,0,0,0,0
1,0,0,2020-02-21 21:00:00,2020-02-21,0,0,0,0,0
1,0,0,2020-02-20 21:00:00,2020-02-20,0,0,0,0,0
1,0,0,2020-02-19 21:00:00,2020-02-19,0,0,0,0,0
1,0,0,2020-02-18 21:00:00,2020-02-18,0,0,0,0,0
1,0,0,2020-02-17 21:00:00,2020-02-17,0,0,0,0,0
1,0,0,2020-02-16 21:00:00,2020-02-16,0,0,0,0,0
1,0,0,2020-02-15 21:00:00,2020-02-15,0,0,0,0,0
1,0,0,2020-02-14 21:00:00,2020-02-14,0,0,0,0,0
1,0,0,2020-02-13 21:00:00,2020-02-13,0,0,0,0,0
1,0,0,2020-02-12 21:00:00,2020-02-12,0,0,0,0,0
1,0,0,2020-02-11 20:30:00,2020-02-11,0,0,0,0,0
1,0,0,2020-02-10 21:00:00,2020-02-10,0,0,0,0,0
1,0,0,2020-02-09 21:00:00,2020-02-09,0,0,0,0,0
1,0,0,2020-02-08 21:00:00,2020-02-08,0,0,0,0,0
1,0,0,2020-02-07 21:00:00,2020-02-07,0,0,0,0,0
1,0,0,2020-02-06 21:00:00,2020-02-06,0,0,0,0,0
1,0,0,2020-02-05 21:00:00,2020-02-05,0,0,0,0,0
1,0,0,2020-02-04 20:00:00,2020-02-04,0,0,0,0,0
1,0,0,2020-02-03 20:00:00,2020-02-03,0,0,0,0,0
1,0,0,2020-02-02 20:00:00,2020-02-02,0,0,0,0,0
1,0,0,2020-02-01 10:00:00,2020-02-01,0,0,0,0,0
1,0,0,2020-01-31 12:30:00,2020-01-31,0,0,0,0,0
1,0,0,2020-01-30 12:00:00,2020-01-30,0,0,0,0,0
1,0,0,2020-01-29 14:00:00,2020-01-29,0,0,0,0,0
1,0,0,2020-01-28 11:30:00,2020-01-28,0,0,0,0,0
1,0,0,2020-01-27 14:00:00,2020-01-27,1,0,0,0,0
0,0,0,2020-01-26 13:00:00,2020-01-26,0,0,0,0,0
0,0,0,2020-01-25 15:00:00,2020-01-25,0,0,0,0,0
0,0,0,2020-01-24 15:00:00,2020-01-24,0,0,0,0,0
0,0,0,2020-01-23 15:00:00,2020-01-23,0,0,0,0,0
0,0,0,2020-01-22 15:00:00,2020-01-22,0,0,0,0,0
0,0,0,2020-01-21 15:00:00,2020-01-21,0,0,0,0,0
