Confirmed,Recovered,Deaths,Date_last_updated_AEDT,date_day,New,DayElapsed,New_death,DayElapsed_death,New_recover
9608,7536,108,2020-07-12 22:00:00,2020-07-12,244,125,1,127,3
9364,7533,107,2020-07-11 22:00:00,2020-07-11,195,124,2,126,118
9169,7415,105,2020-07-10 22:00:00,2020-07-10,299,123,0,125,31
8870,7384,105,2020-07-09 22:00:00,2020-07-09,173,122,0,124,88
8697,7296,105,2020-07-08 22:00:00,2020-07-08,131,121,0,123,32
8566,7264,105,2020-07-07 22:00:00,2020-07-07,169,120,0,122,35
8397,7229,105,2020-07-06 22:00:00,2020-07-06,137,119,2,121,21
8260,7208,103,2020-07-05 22:00:00,2020-07-05,87,118,0,120,44
8173,7164,103,2020-07-04 22:00:00,2020-07-04,107,117,0,119,36
8066,7128,103,2020-07-03 22:00:00,2020-07-03,65,116,0,118,40
8001,7088,103,2020-07-02 22:00:00,2020-07-02,81,115,0,117,27
7920,7061,103,2020-07-01 22:00:00,2020-07-01,86,114,0,116,26
7834,7035,103,2020-06-30 22:00:00,2020-06-30,67,113,0,115,29
7767,7006,103,2020-06-29 22:00:00,2020-06-29,81,112,0,114,15
7686,6991,103,2020-06-28 22:00:00,2020-06-28,45,111,0,113,14
7641,6977,103,2020-06-27 22:00:00,2020-06-27,46,110,0,112,21
7595,6956,103,2020-06-26 22:00:00,2020-06-26,37,109,0,111,16
7558,6940,103,2020-06-25 22:00:00,2020-06-25,37,108,0,110,18
7521,6922,103,2020-06-24 22:00:00,2020-06-24,29,107,1,109,9
7492,6913,102,2020-06-23 22:00:00,2020-06-23,18,106,0,108,12
7474,6901,102,2020-06-22 22:00:00,2020-06-22,13,105,0,107,7
7461,6894,102,2020-06-21 22:00:00,2020-06-21,25,104,0,106,8
7436,6886,102,2020-06-20 22:00:00,2020-06-20,27,103,0,105,8
7409,6878,102,2020-06-19 22:00:00,2020-06-19,18,102,0,104,10
7391,6868,102,2020-06-18 22:00:00,2020-06-18,21,101,0,103,0
7370,6868,102,2020-06-17 22:00:00,2020-06-17,23,100,0,102,12
7347,6856,102,2020-06-16 22:00:00,2020-06-16,12,99,0,101,5
7335,6851,102,2020-06-15 22:00:00,2020-06-15,15,98,0,100,13
7320,6838,102,2020-06-14 22:00:00,2020-06-14,18,97,0,99,26
7302,6812,102,2020-06-13 22:00:00,2020-06-13,13,96,0,98,30
7289,6782,102,2020-06-12 22:00:00,2020-06-12,4,95,0,97,22
7285,6760,102,2020-06-11 22:00:00,2020-06-11,9,94,0,96,15
7276,6745,102,2020-06-10 22:00:00,2020-06-10,9,93,0,95,24
7267,6721,102,2020-06-09 22:00:00,2020-06-09,2,92,0,94,14
7265,6707,102,2020-06-08 22:00:00,2020-06-08,5,91,0,93,3
7260,6704,102,2020-06-07 22:00:00,2020-06-07,5,90,0,92,10
7255,6694,102,2020-06-06 22:00:00,2020-06-06,4,89,0,91,13
7251,6681,102,2020-06-05 22:00:00,2020-06-05,11,88,0,90,16
7240,6665,102,2020-06-04 22:00:00,2020-06-04,11,87,0,89,23
7229,6642,102,2020-06-03 22:00:00,2020-06-03,8,86,0,88,15
7221,6627,102,2020-06-02 22:00:00,2020-06-02,17,85,-1,87,6
7204,6621,103,2020-06-01 22:00:00,2020-06-01,9,84,0,86,5
7195,6616,103,2020-05-31 22:00:00,2020-05-31,10,83,0,85,8
7185,6608,103,2020-05-30 22:00:00,2020-05-30,12,82,0,84,24
7173,6584,103,2020-05-29 22:00:00,2020-05-29,16,81,0,83,3
7157,6581,103,2020-05-28 22:00:00,2020-05-28,18,80,0,82,18
7139,6563,103,2020-05-27 22:00:00,2020-05-27,6,79,1,81,8
7133,6555,102,2020-05-26 22:00:00,2020-05-26,15,78,0,80,21
7118,6534,102,2020-05-25 22:00:00,2020-05-25,4,77,0,79,23
7114,6511,102,2020-05-24 22:00:00,2020-05-24,3,76,0,78,15
7111,6496,102,2020-05-23 22:00:00,2020-05-23,16,75,1,77,15
7095,6481,101,2020-05-22 22:00:00,2020-05-22,14,74,1,76,8
7081,6473,100,2020-05-21 22:00:00,2020-05-21,2,73,0,75,26
7079,6447,100,2020-05-20 22:00:00,2020-05-20,11,72,1,74,30
7068,6417,99,2020-05-19 22:00:00,2020-05-19,8,71,0,73,19
7060,6398,99,2020-05-18 22:00:00,2020-05-18,9,70,1,72,27
7051,6371,98,2020-05-17 22:00:00,2020-05-17,9,69,0,71,4
7042,6367,98,2020-05-16 22:00:00,2020-05-16,18,68,0,70,34
7024,6333,98,2020-05-15 22:00:00,2020-05-15,30,67,0,69,20
6994,6313,98,2020-05-14 22:00:00,2020-05-14,14,66,0,68,39
6980,6274,98,2020-05-13 22:00:00,2020-05-13,12,65,1,67,39
6968,6235,97,2020-05-12 22:00:00,2020-05-12,20,64,0,66,47
6948,6188,97,2020-05-11 22:00:00,2020-05-11,9,63,0,65,21
6939,6167,97,2020-05-10 22:00:00,2020-05-10,12,62,0,64,29
6927,6138,97,2020-05-09 22:00:00,2020-05-09,14,61,0,63,56
6913,6082,97,2020-05-08 22:00:00,2020-05-08,18,60,0,62,43
6895,6039,97,2020-05-07 22:00:00,2020-05-07,20,59,1,61,59
6875,5980,96,2020-05-06 22:00:00,2020-05-06,26,58,1,60,89
6849,5891,95,2020-05-05 22:00:00,2020-05-05,26,57,0,59,27
6823,5864,95,2020-05-04 22:00:00,2020-05-04,26,56,1,58,46
6797,5818,94,2020-05-03 22:00:00,2020-05-03,16,55,1,57,26
6781,5792,93,2020-05-02 22:00:00,2020-05-02,16,54,0,56,44
6765,5748,93,2020-05-01 22:00:00,2020-05-01,14,53,2,55,31
6751,5717,91,2020-04-30 22:00:00,2020-04-30,7,52,2,54,47
6744,5670,89,2020-04-29 22:00:00,2020-04-29,13,51,5,53,48
6731,5622,84,2020-04-28 22:00:00,2020-04-28,11,50,1,52,46
6720,5576,83,2020-04-27 22:00:00,2020-04-27,9,49,0,51,35
6711,5541,83,2020-04-26 22:00:00,2020-04-26,16,48,3,50,168
6695,5373,80,2020-04-25 22:00:00,2020-04-25,19,47,2,49,241
6676,5132,78,2020-04-24 22:00:00,2020-04-24,17,46,3,48,99
6659,5033,75,2020-04-23 22:00:00,2020-04-23,8,45,1,47,101
6651,4932,74,2020-04-22 22:00:00,2020-04-22,6,44,0,46,251
6645,4681,74,2020-04-21 22:00:00,2020-04-21,26,43,1,45,423
6619,4258,73,2020-04-20 22:00:00,2020-04-20,13,42,2,44,28
6606,4230,71,2020-04-19 22:00:00,2020-04-19,41,41,3,43,67
6565,4163,68,2020-04-18 22:00:00,2020-04-18,42,40,3,42,349
6523,3814,65,2020-04-17 22:00:00,2020-04-17,55,39,2,41,84
6468,3730,63,2020-04-16 22:00:00,2020-04-16,20,38,0,40,43
6448,3687,63,2020-04-15 22:00:00,2020-04-15,48,37,1,39,89
6400,3598,62,2020-04-14 22:00:00,2020-04-14,41,36,1,38,112
6359,3486,61,2020-04-13 22:00:00,2020-04-13,46,35,2,37,217
6313,3269,59,2020-04-12 22:00:00,2020-04-12,21,34,3,36,57
6292,3212,56,2020-04-11 22:00:00,2020-04-11,78,33,2,35,77
6214,3135,54,2020-04-10 22:00:00,2020-04-10,106,32,3,34,152
6108,2983,51,2020-04-09 22:00:00,2020-04-09,85,31,1,33,170
6023,2813,50,2020-04-08 22:00:00,2020-04-08,105,30,2,32,166
5918,2647,48,2020-04-07 22:00:00,2020-04-07,119,29,7,31,215
5799,2432,41,2020-04-06 21:00:00,2020-04-06,107,28,5,30,1706
5692,726,36,2020-04-05 22:00:00,2020-04-05,143,27,6,29,67
5549,659,30,2020-04-04 21:00:00,2020-04-04,192,26,2,28,65
5357,594,28,2020-04-03 21:00:00,2020-04-03,222,25,4,27,46
5135,548,24,2020-04-02 21:00:00,2020-04-02,272,24,3,26,117
4863,431,21,2020-04-01 21:00:00,2020-04-01,303,23,2,25,68
4560,363,19,2020-03-31 21:00:00,2020-03-31,311,22,0,24,50
4249,313,19,2020-03-30 21:00:00,2020-03-30,265,21,3,23,73
3984,240,16,2020-03-29 21:00:00,2020-03-29,345,20,2,22,0
3639,240,14,2020-03-28 21:00:00,2020-03-28,461,19,2,21,45
3178,195,12,2020-03-27 21:10:00,2020-03-27,373,18,0,20,0
2805,195,12,2020-03-26 22:20:00,2020-03-26,374,17,4,19,58
2431,137,8,2020-03-25 23:20:00,2020-03-25,285,16,0,18,0
2146,137,8,2020-03-24 21:20:00,2020-03-24,430,15,1,17,43
1716,94,7,2020-03-23 21:40:00,2020-03-23,365,14,0,16,0
1351,94,7,2020-03-22 21:00:00,2020-03-22,282,13,0,15,42
1069,52,7,2020-03-21 21:00:00,2020-03-21,194,12,0,14,0
875,52,7,2020-03-20 21:20:00,2020-03-20,168,11,1,13,2
707,50,6,2020-03-19 21:30:00,2020-03-19,141,10,0,12,3
566,47,6,2020-03-18 22:00:00,2020-03-18,113,9,1,11,20
453,27,5,2020-03-17 21:00:00,2020-03-17,78,8,0,10,0
375,27,5,2020-03-16 21:00:00,2020-03-16,78,7,0,9,0
297,27,5,2020-03-15 21:00:00,2020-03-15,49,6,2,8,2
248,25,3,2020-03-14 21:00:00,2020-03-14,51,5,0,7,1
197,24,3,2020-03-13 21:00:00,2020-03-13,41,4,0,6,0
156,24,3,2020-03-12 21:00:00,2020-03-12,29,3,0,5,0
127,24,3,2020-03-11 21:00:00,2020-03-11,21,2,0,4,1
106,23,3,2020-03-10 21:00:00,2020-03-10,14,1,0,3,1
92,22,3,2020-03-09 21:00:00,2020-03-09,12,0,0,2,0
80,22,3,2020-03-08 21:00:00,2020-03-08,8,0,1,1,1
72,21,2,2020-03-07 21:00:00,2020-03-07,10,0,0,0,0
62,21,2,2020-03-06 21:00:00,2020-03-06,6,0,0,0,0
56,21,2,2020-03-05 21:00:00,2020-03-05,12,0,1,0,0
44,21,1,2020-03-04 21:00:00,2020-03-04,6,0,0,0,0
38,21,1,2020-03-03 21:00:00,2020-03-03,5,0,0,0,6
33,15,1,2020-03-02 21:00:00,2020-03-02,6,0,0,0,0
27,15,1,2020-03-01 21:00:00,2020-03-01,2,0,1,0,0
25,15,0,2020-02-29 21:00:00,2020-02-29,1,0,0,0,0
24,15,0,2020-02-28 21:00:00,2020-02-28,1,0,0,0,0
23,15,0,2020-02-27 21:00:00,2020-02-27,0,0,0,0,0
23,15,0,2020-02-26 21:00:00,2020-02-26,1,0,0,0,0
22,15,0,2020-02-25 21:00:00,2020-02-25,0,0,0,0,5
22,10,0,2020-02-24 21:00:00,2020-02-24,0,0,0,0,0
22,10,0,2020-02-23 21:00:00,2020-02-23,1,0,0,0,0
21,10,0,2020-02-22 21:00:00,2020-02-22,4,0,0,0,0
17,10,0,2020-02-21 21:00:00,2020-02-21,2,0,0,0,0
15,10,0,2020-02-20 21:00:00,2020-02-20,0,0,0,0,2
15,8,0,2020-02-19 21:00:00,2020-02-19,0,0,0,0,0
15,8,0,2020-02-18 21:00:00,2020-02-18,0,0,0,0,0
15,8,0,2020-02-17 21:00:00,2020-02-17,0,0,0,0,0
15,8,0,2020-02-16 21:00:00,2020-02-16,0,0,0,0,0
15,8,0,2020-02-15 21:00:00,2020-02-15,0,0,0,0,0
15,8,0,2020-02-14 21:00:00,2020-02-14,0,0,0,0,3
15,5,0,2020-02-13 21:00:00,2020-02-13,0,0,0,0,0
15,5,0,2020-02-12 21:00:00,2020-02-12,0,0,0,0,0
15,5,0,2020-02-11 20:30:00,2020-02-11,0,0,0,0,0
15,5,0,2020-02-10 21:00:00,2020-02-10,0,0,0,0,0
15,5,0,2020-02-09 21:00:00,2020-02-09,0,0,0,0,2
15,3,0,2020-02-08 21:00:00,2020-02-08,0,0,0,0,0
15,3,0,2020-02-07 21:00:00,2020-02-07,1,0,0,0,0
14,3,0,2020-02-06 21:00:00,2020-02-06,1,0,0,0,0
13,3,0,2020-02-05 21:00:00,2020-02-05,1,0,0,0,0
12,3,0,2020-02-04 20:00:00,2020-02-04,0,0,0,0,0
12,3,0,2020-02-03 20:00:00,2020-02-03,0,0,0,0,1
12,2,0,2020-02-02 20:00:00,2020-02-02,3,0,0,0,0
9,2,0,2020-02-01 10:00:00,2020-02-01,1,0,0,0,0
8,2,0,2020-01-31 12:30:00,2020-01-31,1,0,0,0,2
7,0,0,2020-01-30 12:00:00,2020-01-30,2,0,0,0,0
5,0,0,2020-01-29 14:00:00,2020-01-29,0,0,0,0,0
5,0,0,2020-01-28 11:30:00,2020-01-28,1,0,0,0,0
4,0,0,2020-01-27 14:00:00,2020-01-27,0,0,0,0,0
4,0,0,2020-01-26 13:00:00,2020-01-26,0,0,0,0,0
4,0,0,2020-01-25 15:00:00,2020-01-25,4,0,0,0,0
0,0,0,2020-01-24 15:00:00,2020-01-24,0,0,0,0,0
0,0,0,2020-01-23 15:00:00,2020-01-23,0,0,0,0,0
0,0,0,2020-01-22 15:00:00,2020-01-22,0,0,0,0,0
0,0,0,2020-01-21 15:00:00,2020-01-21,0,0,0,0,0
