Confirmed,Recovered,Deaths,Date_last_updated_AEDT,date_day,New,DayElapsed,New_death,DayElapsed_death,New_recover
326,91,11,2020-07-26 22:00:00,2020-07-26,10,64,0,114,0
316,91,11,2020-07-25 22:00:00,2020-07-25,42,63,0,113,0
274,91,11,2020-07-24 22:00:00,2020-07-24,55,62,0,112,0
219,91,11,2020-07-23 22:00:00,2020-07-23,25,61,0,111,0
194,91,11,2020-07-22 22:00:00,2020-07-22,20,60,0,110,0
174,91,11,2020-07-21 22:00:00,2020-07-21,21,59,0,109,0
153,91,11,2020-07-20 22:00:00,2020-07-20,15,58,0,108,0
138,91,11,2020-07-19 22:00:00,2020-07-19,9,57,0,107,0
129,91,11,2020-07-18 22:00:00,2020-07-18,5,56,0,106,0
124,91,11,2020-07-17 22:00:00,2020-07-17,5,55,0,105,0
119,91,11,2020-07-16 22:00:00,2020-07-16,3,54,0,104,0
116,91,11,2020-07-15 22:00:00,2020-07-15,3,53,0,103,0
113,91,11,2020-07-14 22:00:00,2020-07-14,2,52,0,102,2
111,89,11,2020-07-13 22:00:00,2020-07-13,0,51,0,101,0
111,89,11,2020-07-12 22:00:00,2020-07-12,3,50,0,100,0
108,89,11,2020-07-11 22:00:00,2020-07-11,1,49,0,99,0
107,89,11,2020-07-10 22:00:00,2020-07-10,1,48,0,98,0
106,89,11,2020-07-09 22:00:00,2020-07-09,2,47,0,97,0
104,89,11,2020-07-08 22:00:00,2020-07-08,0,46,0,96,0
104,89,11,2020-07-07 22:00:00,2020-07-07,0,45,0,95,0
104,89,11,2020-07-06 22:00:00,2020-07-06,0,44,0,94,0
104,89,11,2020-07-05 22:00:00,2020-07-05,0,43,0,93,0
104,89,11,2020-07-04 22:00:00,2020-07-04,0,42,0,92,0
104,89,11,2020-07-03 22:00:00,2020-07-03,0,41,0,91,0
104,89,11,2020-07-02 22:00:00,2020-07-02,0,40,0,90,2
104,87,11,2020-07-01 22:00:00,2020-07-01,0,39,0,89,0
104,87,11,2020-06-30 22:00:00,2020-06-30,0,38,0,88,0
104,87,11,2020-06-29 22:00:00,2020-06-29,0,37,0,87,0
104,87,11,2020-06-28 22:00:00,2020-06-28,0,36,0,86,3
104,84,11,2020-06-27 22:00:00,2020-06-27,0,35,0,85,0
104,84,11,2020-06-26 22:00:00,2020-06-26,0,34,0,84,1
104,83,11,2020-06-25 22:00:00,2020-06-25,0,33,0,83,0
104,83,11,2020-06-24 22:00:00,2020-06-24,0,32,0,82,6
104,77,11,2020-06-23 22:00:00,2020-06-23,0,31,0,81,0
104,77,11,2020-06-22 22:00:00,2020-06-22,0,30,0,80,3
104,74,11,2020-06-21 22:00:00,2020-06-21,0,29,0,79,0
104,74,11,2020-06-20 22:00:00,2020-06-20,0,28,0,78,0
104,74,11,2020-06-19 22:00:00,2020-06-19,0,27,0,77,2
104,72,11,2020-06-18 22:00:00,2020-06-18,0,26,0,76,0
104,72,11,2020-06-17 22:00:00,2020-06-17,1,25,0,75,4
103,68,11,2020-06-16 22:00:00,2020-06-16,0,24,0,74,0
103,68,11,2020-06-15 22:00:00,2020-06-15,0,23,0,73,0
103,68,11,2020-06-14 22:00:00,2020-06-14,0,22,0,72,0
103,68,11,2020-06-13 22:00:00,2020-06-13,0,21,0,71,0
103,68,11,2020-06-12 22:00:00,2020-06-12,0,20,0,70,1
103,67,11,2020-06-11 22:00:00,2020-06-11,0,19,0,69,3
103,64,11,2020-06-10 22:00:00,2020-06-10,0,18,0,68,0
103,64,11,2020-06-09 22:00:00,2020-06-09,0,17,0,67,2
103,62,11,2020-06-08 22:00:00,2020-06-08,0,16,0,66,0
103,62,11,2020-06-07 22:00:00,2020-06-07,1,15,0,65,7
102,55,11,2020-06-06 22:00:00,2020-06-06,0,14,0,64,0
102,55,11,2020-06-05 22:00:00,2020-06-05,0,13,0,63,0
102,55,11,2020-06-04 22:00:00,2020-06-04,0,12,0,62,6
102,49,11,2020-06-03 22:00:00,2020-06-03,0,11,0,61,0
102,49,11,2020-06-02 22:00:00,2020-06-02,0,10,0,60,1
102,48,11,2020-06-01 22:00:00,2020-06-01,0,9,0,59,0
102,48,11,2020-05-31 22:00:00,2020-05-31,0,8,0,58,0
102,48,11,2020-05-30 22:00:00,2020-05-30,1,7,0,57,1
101,47,11,2020-05-29 22:00:00,2020-05-29,1,6,0,56,1
100,46,11,2020-05-28 22:00:00,2020-05-28,0,5,0,55,0
100,46,11,2020-05-27 22:00:00,2020-05-27,0,4,0,54,0
100,46,11,2020-05-26 22:00:00,2020-05-26,0,3,0,53,0
100,46,11,2020-05-25 22:00:00,2020-05-25,0,2,0,52,1
100,45,11,2020-05-24 22:00:00,2020-05-24,3,1,0,51,1
97,44,11,2020-05-23 22:00:00,2020-05-23,0,0,0,50,0
97,44,11,2020-05-22 22:00:00,2020-05-22,0,0,0,49,1
97,43,11,2020-05-21 22:00:00,2020-05-21,1,0,0,48,0
96,43,11,2020-05-20 22:00:00,2020-05-20,0,0,0,47,0
96,43,11,2020-05-19 22:00:00,2020-05-19,0,0,0,46,1
96,42,11,2020-05-18 22:00:00,2020-05-18,0,0,0,45,0
96,42,11,2020-05-17 22:00:00,2020-05-17,0,0,0,44,1
96,41,11,2020-05-16 22:00:00,2020-05-16,0,0,0,43,0
96,41,11,2020-05-15 22:00:00,2020-05-15,2,0,0,42,0
94,41,11,2020-05-14 22:00:00,2020-05-14,1,0,0,41,2
93,39,11,2020-05-13 22:00:00,2020-05-13,0,0,0,40,0
93,39,11,2020-05-12 22:00:00,2020-05-12,1,0,0,39,2
92,37,11,2020-05-11 22:00:00,2020-05-11,0,0,0,38,0
92,37,11,2020-05-10 22:00:00,2020-05-10,0,0,0,37,6
92,31,11,2020-05-09 22:00:00,2020-05-09,0,0,0,36,5
92,26,11,2020-05-08 22:00:00,2020-05-08,0,0,0,35,0
92,26,11,2020-05-07 22:00:00,2020-05-07,3,0,0,34,0
89,26,11,2020-05-06 22:00:00,2020-05-06,6,0,0,33,1
83,25,11,2020-05-05 22:00:00,2020-05-05,0,0,0,32,1
83,24,11,2020-05-04 22:00:00,2020-05-04,0,0,0,31,0
83,24,11,2020-05-03 22:00:00,2020-05-03,1,0,0,30,0
82,24,11,2020-05-02 22:00:00,2020-05-02,1,0,0,29,-1
81,25,11,2020-05-01 22:00:00,2020-05-01,1,0,0,28,0
80,25,11,2020-04-30 22:00:00,2020-04-30,0,0,0,27,2
80,23,11,2020-04-29 22:00:00,2020-04-29,0,0,0,26,1
80,22,11,2020-04-28 22:00:00,2020-04-28,0,0,0,25,0
80,22,11,2020-04-27 22:00:00,2020-04-27,2,0,0,24,7
78,15,11,2020-04-26 22:00:00,2020-04-26,5,0,0,23,0
73,15,11,2020-04-25 22:00:00,2020-04-25,1,0,0,22,1
72,14,11,2020-04-24 22:00:00,2020-04-24,2,0,2,21,2
70,12,9,2020-04-23 22:00:00,2020-04-23,5,0,0,20,0
65,12,9,2020-04-22 22:00:00,2020-04-22,5,0,0,19,1
60,11,9,2020-04-21 22:00:00,2020-04-21,0,0,0,18,0
60,11,9,2020-04-20 22:00:00,2020-04-20,5,0,0,17,1
55,10,9,2020-04-19 22:00:00,2020-04-19,1,0,0,16,1
54,9,9,2020-04-18 22:00:00,2020-04-18,1,0,1,15,3
53,6,8,2020-04-17 22:00:00,2020-04-17,0,0,0,14,0
53,6,8,2020-04-16 22:00:00,2020-04-16,4,0,0,13,0
49,6,8,2020-04-15 22:00:00,2020-04-15,0,0,0,12,0
49,6,8,2020-04-14 22:00:00,2020-04-14,2,0,0,11,0
47,6,8,2020-04-13 22:00:00,2020-04-13,1,0,0,10,1
46,5,8,2020-04-12 22:00:00,2020-04-12,4,0,0,9,0
42,5,8,2020-04-11 22:00:00,2020-04-11,1,0,0,8,0
41,5,8,2020-04-10 22:00:00,2020-04-10,1,0,1,7,0
40,5,7,2020-04-09 22:00:00,2020-04-09,4,0,1,6,0
36,5,6,2020-04-08 22:00:00,2020-04-08,3,0,1,5,0
33,5,5,2020-04-07 22:00:00,2020-04-07,4,0,0,4,1
29,4,5,2020-04-06 22:00:00,2020-04-06,1,0,1,3,4
28,0,4,2020-04-05 22:00:00,2020-04-05,4,0,1,2,0
24,0,3,2020-04-04 21:00:00,2020-04-04,0,0,2,1,-1
24,1,1,2020-04-03 21:00:00,2020-04-03,3,0,0,0,0
21,1,1,2020-04-02 21:00:00,2020-04-02,6,0,1,0,0
15,1,0,2020-04-01 21:00:00,2020-04-01,1,0,0,0,0
14,1,0,2020-03-31 21:00:00,2020-03-31,0,0,0,0,0
14,1,0,2020-03-30 21:00:00,2020-03-30,4,0,0,0,0
10,1,0,2020-03-29 21:00:00,2020-03-29,0,0,0,0,0
10,1,0,2020-03-28 21:00:00,2020-03-28,1,0,0,0,0
9,1,0,2020-03-27 21:10:00,2020-03-27,4,0,0,0,0
5,1,0,2020-03-26 22:20:00,2020-03-26,0,0,0,0,0
5,1,0,2020-03-25 23:20:00,2020-03-25,1,0,0,0,1
4,0,0,2020-03-24 21:20:00,2020-03-24,0,0,0,0,0
4,0,0,2020-03-23 21:40:00,2020-03-23,0,0,0,0,0
4,0,0,2020-03-22 21:00:00,2020-03-22,0,0,0,0,0
4,0,0,2020-03-21 21:00:00,2020-03-21,1,0,0,0,0
3,0,0,2020-03-20 21:20:00,2020-03-20,2,0,0,0,0
1,0,0,2020-03-19 21:30:00,2020-03-19,0,0,0,0,0
1,0,0,2020-03-18 22:00:00,2020-03-18,0,0,0,0,0
1,0,0,2020-03-17 21:00:00,2020-03-17,0,0,0,0,0
1,0,0,2020-03-16 21:00:00,2020-03-16,1,0,0,0,0
0,0,0,2020-03-15 21:00:00,2020-03-15,0,0,0,0,0
0,0,0,2020-03-14 21:00:00,2020-03-14,0,0,0,0,0
0,0,0,2020-03-13 21:00:00,2020-03-13,0,0,0,0,0
0,0,0,2020-03-12 21:00:00,2020-03-12,0,0,0,0,0
0,0,0,2020-03-11 21:00:00,2020-03-11,0,0,0,0,0
0,0,0,2020-03-10 21:00:00,2020-03-10,0,0,0,0,0
0,0,0,2020-03-09 21:00:00,2020-03-09,0,0,0,0,0
0,0,0,2020-03-08 21:00:00,2020-03-08,0,0,0,0,0
0,0,0,2020-03-07 21:00:00,2020-03-07,0,0,0,0,0
0,0,0,2020-03-06 21:00:00,2020-03-06,0,0,0,0,0
0,0,0,2020-03-05 21:00:00,2020-03-05,0,0,0,0,0
0,0,0,2020-03-04 21:00:00,2020-03-04,0,0,0,0,0
0,0,0,2020-03-03 21:00:00,2020-03-03,0,0,0,0,0
0,0,0,2020-03-02 21:00:00,2020-03-02,0,0,0,0,0
0,0,0,2020-03-01 21:00:00,2020-03-01,0,0,0,0,0
0,0,0,2020-02-29 21:00:00,2020-02-29,0,0,0,0,0
0,0,0,2020-02-28 21:00:00,2020-02-28,0,0,0,0,0
0,0,0,2020-02-27 21:00:00,2020-02-27,0,0,0,0,0
0,0,0,2020-02-26 21:00:00,2020-02-26,0,0,0,0,0
0,0,0,2020-02-25 21:00:00,2020-02-25,0,0,0,0,0
0,0,0,2020-02-24 21:00:00,2020-02-24,0,0,0,0,0
0,0,0,2020-02-23 21:00:00,2020-02-23,0,0,0,0,0
0,0,0,2020-02-22 21:00:00,2020-02-22,0,0,0,0,0
0,0,0,2020-02-21 21:00:00,2020-02-21,0,0,0,0,0
0,0,0,2020-02-20 21:00:00,2020-02-20,0,0,0,0,0
0,0,0,2020-02-19 21:00:00,2020-02-19,0,0,0,0,0
0,0,0,2020-02-18 21:00:00,2020-02-18,0,0,0,0,0
0,0,0,2020-02-17 21:00:00,2020-02-17,0,0,0,0,0
0,0,0,2020-02-16 21:00:00,2020-02-16,0,0,0,0,0
0,0,0,2020-02-15 21:00:00,2020-02-15,0,0,0,0,0
0,0,0,2020-02-14 21:00:00,2020-02-14,0,0,0,0,0
0,0,0,2020-02-13 21:00:00,2020-02-13,0,0,0,0,0
0,0,0,2020-02-12 21:00:00,2020-02-12,0,0,0,0,0
0,0,0,2020-02-11 20:30:00,2020-02-11,0,0,0,0,0
0,0,0,2020-02-10 21:00:00,2020-02-10,0,0,0,0,0
0,0,0,2020-02-09 21:00:00,2020-02-09,0,0,0,0,0
0,0,0,2020-02-08 21:00:00,2020-02-08,0,0,0,0,0
0,0,0,2020-02-07 21:00:00,2020-02-07,0,0,0,0,0
0,0,0,2020-02-06 21:00:00,2020-02-06,0,0,0,0,0
0,0,0,2020-02-05 21:00:00,2020-02-05,0,0,0,0,0
0,0,0,2020-02-04 20:00:00,2020-02-04,0,0,0,0,0
0,0,0,2020-02-03 20:00:00,2020-02-03,0,0,0,0,0
0,0,0,2020-02-02 20:00:00,2020-02-02,0,0,0,0,0
0,0,0,2020-02-01 10:00:00,2020-02-01,0,0,0,0,0
0,0,0,2020-01-31 12:30:00,2020-01-31,0,0,0,0,0
0,0,0,2020-01-30 12:00:00,2020-01-30,0,0,0,0,0
0,0,0,2020-01-29 14:00:00,2020-01-29,0,0,0,0,0
0,0,0,2020-01-28 11:30:00,2020-01-28,0,0,0,0,0
0,0,0,2020-01-27 14:00:00,2020-01-27,0,0,0,0,0
0,0,0,2020-01-26 13:00:00,2020-01-26,0,0,0,0,0
0,0,0,2020-01-25 15:00:00,2020-01-25,0,0,0,0,0
0,0,0,2020-01-24 15:00:00,2020-01-24,0,0,0,0,0
0,0,0,2020-01-23 15:00:00,2020-01-23,0,0,0,0,0
0,0,0,2020-01-22 15:00:00,2020-01-22,0,0,0,0,0
0,0,0,2020-01-21 15:00:00,2020-01-21,0,0,0,0,0
