Confirmed,Recovered,Deaths,Date_last_updated_AEDT,date_day,New,DayElapsed,New_death,DayElapsed_death,New_recover
226225,125683,2965,2020-07-27 22:00:00,2020-07-27,2772,113,37,127,1801
223453,123882,2928,2020-07-26 22:00:00,2020-07-26,2275,112,54,126,1792
221178,122090,2874,2020-07-25 22:00:00,2020-07-25,2520,111,38,125,1114
218658,120976,2836,2020-07-24 22:00:00,2020-07-24,2548,110,35,124,1768
216110,119208,2801,2020-07-23 22:00:00,2020-07-23,2856,109,50,123,2006
213254,117202,2751,2020-07-22 22:00:00,2020-07-22,2744,108,42,122,1805
210510,115397,2709,2020-07-21 22:00:00,2020-07-21,3057,107,41,121,1841
207453,113556,2668,2020-07-20 22:00:00,2020-07-20,2928,106,50,120,1914
204525,111642,2618,2020-07-19 22:00:00,2020-07-19,2459,105,37,119,1544
202066,110098,2581,2020-07-18 22:00:00,2020-07-18,2709,104,34,118,1373
199357,108725,2547,2020-07-17 22:00:00,2020-07-17,3034,103,51,117,1762
196323,106963,2496,2020-07-16 22:00:00,2020-07-16,2733,102,39,116,1440
193590,105523,2457,2020-07-15 22:00:00,2020-07-15,3533,101,33,115,2296
190057,103227,2424,2020-07-14 22:00:00,2020-07-14,3163,100,33,114,4910
186894,98317,2391,2020-07-13 22:00:00,2020-07-13,3099,99,39,113,4703
183795,93614,2352,2020-07-12 22:00:00,2020-07-12,2666,98,47,112,5580
181129,88034,2305,2020-07-11 22:00:00,2020-07-11,2686,97,30,111,1628
178443,86406,2275,2020-07-10 22:00:00,2020-07-10,2949,96,37,110,1862
175494,84544,2238,2020-07-09 22:00:00,2020-07-09,3360,95,41,109,3706
172134,80838,2197,2020-07-08 22:00:00,2020-07-08,3489,94,46,108,2736
168645,78102,2151,2020-07-07 22:00:00,2020-07-07,3027,93,55,107,1953
165618,76149,2096,2020-07-06 22:00:00,2020-07-06,3201,92,44,106,3524
162417,72625,2052,2020-07-05 22:00:00,2020-07-05,2738,91,55,105,1904
159679,70721,1997,2020-07-04 22:00:00,2020-07-04,3288,90,29,104,2673
156391,68048,1968,2020-07-03 22:00:00,2020-07-03,3114,89,42,103,1606
153277,66442,1926,2020-07-02 22:00:00,2020-07-02,4019,88,38,102,4334
149258,62108,1888,2020-07-01 22:00:00,2020-07-01,3775,87,41,101,2484
145483,59624,1847,2020-06-30 22:00:00,2020-06-30,3682,86,64,100,1844
141801,57780,1783,2020-06-29 22:00:00,2020-06-29,4014,85,45,99,2053
137787,55727,1738,2020-06-28 22:00:00,2020-06-28,3809,84,43,98,1409
133978,54318,1695,2020-06-27 22:00:00,2020-06-27,3504,83,34,97,1185
130474,53133,1661,2020-06-26 22:00:00,2020-06-26,3868,82,40,96,1638
126606,51495,1621,2020-06-25 22:00:00,2020-06-25,3946,81,39,95,1829
122660,49666,1582,2020-06-24 22:00:00,2020-06-24,3462,80,37,94,2031
119198,47635,1545,2020-06-23 22:00:00,2020-06-23,3412,79,43,93,880
115786,46755,1502,2020-06-22 22:00:00,2020-06-22,3480,78,38,92,1678
112306,45077,1464,2020-06-21 22:00:00,2020-06-21,3531,77,39,91,1084
108775,43993,1425,2020-06-20 22:00:00,2020-06-20,3240,76,37,90,1048
105535,42945,1388,2020-06-19 22:00:00,2020-06-19,3243,75,45,89,2781
102292,40164,1343,2020-06-18 22:00:00,2020-06-18,3803,74,38,88,1975
98489,38189,1305,2020-06-17 22:00:00,2020-06-17,4008,73,43,87,1925
94481,36264,1262,2020-06-16 22:00:00,2020-06-16,3862,72,53,86,17533
90619,18731,1209,2020-06-15 22:00:00,2020-06-15,3099,71,38,85,1
87520,18730,1171,2020-06-14 22:00:00,2020-06-14,3141,70,32,84,903
84379,17827,1139,2020-06-13 22:00:00,2020-06-13,2856,69,44,83,578
81523,17249,1095,2020-06-12 22:00:00,2020-06-12,3471,68,46,82,502
78052,16747,1049,2020-06-11 22:00:00,2020-06-11,3187,67,37,81,847
74865,15900,1012,2020-06-10 22:00:00,2020-06-10,3190,66,37,80,563
71675,15337,975,2020-06-09 22:00:00,2020-06-09,3171,65,45,79,777
68504,14560,930,2020-06-08 22:00:00,2020-06-08,2735,64,42,78,657
65769,13903,888,2020-06-07 22:00:00,2020-06-07,2743,63,42,77,578
63026,13325,846,2020-06-06 22:00:00,2020-06-06,2635,62,35,76,521
60391,12804,811,2020-06-05 22:00:00,2020-06-05,2828,61,30,75,643
57563,12161,781,2020-06-04 22:00:00,2020-06-04,2423,60,35,74,571
55140,11590,746,2020-06-03 22:00:00,2020-06-03,2695,59,37,73,470
52445,11120,709,2020-06-02 22:00:00,2020-06-02,2911,58,37,72,523
49534,10597,672,2020-06-01 22:00:00,2020-06-01,2381,57,22,71,816
47153,9781,650,2020-05-31 22:00:00,2020-05-31,2545,56,40,70,406
44608,9375,610,2020-05-30 22:00:00,2020-05-30,1764,55,28,69,360
42844,9015,582,2020-05-29 22:00:00,2020-05-29,2523,54,23,68,590
40321,8425,559,2020-05-28 22:00:00,2020-05-28,2029,53,15,67,500
38292,7925,544,2020-05-27 22:00:00,2020-05-27,1541,52,22,66,346
36751,7579,522,2020-05-26 22:00:00,2020-05-26,1166,51,21,65,245
35585,7334,501,2020-05-25 22:00:00,2020-05-25,1975,50,21,64,433
33610,6901,480,2020-05-24 22:00:00,2020-05-24,1532,49,28,63,415
32078,6486,452,2020-05-23 22:00:00,2020-05-23,1873,48,20,62,296
30205,6190,432,2020-05-22 22:00:00,2020-05-22,1694,47,24,61,588
28511,5602,408,2020-05-21 22:00:00,2020-05-21,1773,46,22,60,395
26738,5207,386,2020-05-20 22:00:00,2020-05-20,1617,45,16,59,214
25121,4993,370,2020-05-19 22:00:00,2020-05-19,1251,44,21,58,408
23870,4585,349,2020-05-18 22:00:00,2020-05-18,1602,43,21,57,212
22268,4373,328,2020-05-17 22:00:00,2020-05-17,1273,42,14,56,256
20995,4117,314,2020-05-16 22:00:00,2020-05-16,930,41,16,55,235
20065,3882,298,2020-05-15 22:00:00,2020-05-15,1202,40,15,54,521
18863,3361,283,2020-05-14 22:00:00,2020-05-14,1041,39,14,53,0
17822,3361,269,2020-05-13 22:00:00,2020-05-13,1162,38,19,52,214
16660,3147,250,2020-05-12 22:00:00,2020-05-12,969,37,11,51,245
15691,2902,239,2020-05-11 22:00:00,2020-05-11,1034,36,11,50,252
14657,2650,228,2020-05-10 22:00:00,2020-05-10,887,35,14,49,236
13770,2414,214,2020-05-09 22:00:00,2020-05-09,636,34,8,48,504
13134,1910,206,2020-05-08 22:00:00,2020-05-08,709,33,20,47,0
12425,1910,186,2020-05-07 22:00:00,2020-05-07,706,32,0,46,507
11719,1403,186,2020-05-06 22:00:00,2020-05-06,790,31,3,45,0
10929,1403,183,2020-05-05 22:00:00,2020-05-05,786,30,1,44,194
10143,1209,182,2020-05-04 22:00:00,2020-05-04,688,29,5,43,1032
9455,177,177,2020-05-03 22:00:00,2020-05-03,665,28,2,42,0
8790,177,175,2020-05-02 22:00:00,2020-05-02,552,27,5,41,3
8238,174,170,2020-05-01 22:00:00,2020-05-01,571,26,2,40,14
7667,160,168,2020-04-30 22:00:00,2020-04-30,564,25,5,39,10
7103,150,163,2020-04-29 22:00:00,2020-04-29,641,24,8,38,11
6462,139,155,2020-04-28 22:00:00,2020-04-28,549,23,3,37,8
5913,131,152,2020-04-27 22:00:00,2020-04-27,497,22,7,36,9
5416,122,145,2020-04-26 22:00:00,2020-04-26,418,21,5,35,10
4998,112,140,2020-04-25 22:00:00,2020-04-25,309,20,9,34,0
4689,112,131,2020-04-24 22:00:00,2020-04-24,503,19,4,33,4
4186,108,127,2020-04-23 22:00:00,2020-04-23,414,18,7,32,16
3772,92,120,2020-04-22 22:00:00,2020-04-22,390,17,10,31,5
3382,87,110,2020-04-21 22:00:00,2020-04-21,434,16,9,30,2
2948,85,101,2020-04-20 22:00:00,2020-04-20,492,15,10,29,10
2456,75,91,2020-04-19 22:00:00,2020-04-19,312,14,7,28,9
2144,66,84,2020-04-18 22:00:00,2020-04-18,306,13,9,27,8
1838,58,75,2020-04-17 22:00:00,2020-04-17,266,12,15,26,9
1572,49,60,2020-04-16 22:00:00,2020-04-16,341,11,10,25,0
1231,49,50,2020-04-15 22:00:00,2020-04-15,219,10,4,24,7
1012,42,46,2020-04-14 22:00:00,2020-04-14,209,9,7,23,0
803,42,39,2020-04-13 22:00:00,2020-04-13,182,8,5,22,3
621,39,34,2020-04-12 22:00:00,2020-04-12,139,7,4,21,3
482,36,30,2020-04-11 22:00:00,2020-04-11,58,6,3,20,3
424,33,27,2020-04-10 22:00:00,2020-04-10,94,5,6,19,0
330,33,21,2020-04-09 22:00:00,2020-04-09,112,4,1,18,0
218,33,20,2020-04-08 22:00:00,2020-04-08,54,3,3,17,0
164,33,17,2020-04-07 22:00:00,2020-04-07,41,2,5,16,0
123,33,12,2020-04-06 22:00:00,2020-04-06,35,1,3,15,3
88,30,9,2020-04-05 22:00:00,2020-04-05,18,0,1,14,0
70,30,8,2020-04-04 21:00:00,2020-04-04,9,0,2,13,4
61,26,6,2020-04-03 21:00:00,2020-04-03,5,0,0,12,1
56,25,6,2020-04-02 21:00:00,2020-04-02,2,0,0,11,0
54,25,6,2020-04-01 21:00:00,2020-04-01,3,0,1,10,0
51,25,5,2020-03-31 21:00:00,2020-03-31,2,0,0,9,6
49,19,5,2020-03-30 21:00:00,2020-03-30,1,0,0,8,4
48,15,5,2020-03-29 21:00:00,2020-03-29,0,0,0,7,0
48,15,5,2020-03-28 21:00:00,2020-03-28,0,0,0,6,4
48,11,5,2020-03-27 21:10:00,2020-03-27,4,0,0,5,0
44,11,5,2020-03-26 22:20:00,2020-03-26,5,0,0,4,4
39,7,5,2020-03-25 23:20:00,2020-03-25,0,0,1,3,2
39,5,4,2020-03-24 21:20:00,2020-03-24,6,0,1,2,0
33,5,3,2020-03-23 21:40:00,2020-03-23,9,0,1,1,2
24,3,2,2020-03-22 21:00:00,2020-03-22,0,0,0,0,0
24,3,2,2020-03-21 21:00:00,2020-03-21,4,0,1,0,0
20,3,1,2020-03-20 21:20:00,2020-03-20,2,0,0,0,0
18,3,1,2020-03-19 21:30:00,2020-03-19,4,0,0,0,0
14,3,1,2020-03-18 22:00:00,2020-03-18,4,0,1,0,0
10,3,0,2020-03-17 21:00:00,2020-03-17,2,0,0,0,0
8,3,0,2020-03-16 21:00:00,2020-03-16,3,0,0,0,1
5,2,0,2020-03-15 21:00:00,2020-03-15,2,0,0,0,0
3,2,0,2020-03-14 21:00:00,2020-03-14,0,0,0,0,2
3,0,0,2020-03-13 21:00:00,2020-03-13,0,0,0,0,0
3,0,0,2020-03-12 21:00:00,2020-03-12,0,0,0,0,0
3,0,0,2020-03-11 21:00:00,2020-03-11,0,0,0,0,0
3,0,0,2020-03-10 21:00:00,2020-03-10,0,0,0,0,0
3,0,0,2020-03-09 21:00:00,2020-03-09,3,0,0,0,0
0,0,0,2020-03-08 21:00:00,2020-03-08,0,0,0,0,0
0,0,0,2020-03-07 21:00:00,2020-03-07,0,0,0,0,0
0,0,0,2020-03-06 21:00:00,2020-03-06,0,0,0,0,0
0,0,0,2020-03-05 21:00:00,2020-03-05,0,0,0,0,0
0,0,0,2020-03-04 21:00:00,2020-03-04,0,0,0,0,0
0,0,0,2020-03-03 21:00:00,2020-03-03,0,0,0,0,0
0,0,0,2020-03-02 21:00:00,2020-03-02,0,0,0,0,0
0,0,0,2020-03-01 21:00:00,2020-03-01,0,0,0,0,0
0,0,0,2020-02-29 21:00:00,2020-02-29,0,0,0,0,0
0,0,0,2020-02-28 21:00:00,2020-02-28,0,0,0,0,0
0,0,0,2020-02-27 21:00:00,2020-02-27,0,0,0,0,0
0,0,0,2020-02-26 21:00:00,2020-02-26,0,0,0,0,0
0,0,0,2020-02-25 21:00:00,2020-02-25,0,0,0,0,0
0,0,0,2020-02-24 21:00:00,2020-02-24,0,0,0,0,0
0,0,0,2020-02-23 21:00:00,2020-02-23,0,0,0,0,0
0,0,0,2020-02-22 21:00:00,2020-02-22,0,0,0,0,0
0,0,0,2020-02-21 21:00:00,2020-02-21,0,0,0,0,0
0,0,0,2020-02-20 21:00:00,2020-02-20,0,0,0,0,0
0,0,0,2020-02-19 21:00:00,2020-02-19,0,0,0,0,0
0,0,0,2020-02-18 21:00:00,2020-02-18,0,0,0,0,0
0,0,0,2020-02-17 21:00:00,2020-02-17,0,0,0,0,0
0,0,0,2020-02-16 21:00:00,2020-02-16,0,0,0,0,0
0,0,0,2020-02-15 21:00:00,2020-02-15,0,0,0,0,0
0,0,0,2020-02-14 21:00:00,2020-02-14,0,0,0,0,0
0,0,0,2020-02-13 21:00:00,2020-02-13,0,0,0,0,0
0,0,0,2020-02-12 21:00:00,2020-02-12,0,0,0,0,0
0,0,0,2020-02-11 20:30:00,2020-02-11,0,0,0,0,0
0,0,0,2020-02-10 21:00:00,2020-02-10,0,0,0,0,0
0,0,0,2020-02-09 21:00:00,2020-02-09,0,0,0,0,0
0,0,0,2020-02-08 21:00:00,2020-02-08,0,0,0,0,0
0,0,0,2020-02-07 21:00:00,2020-02-07,0,0,0,0,0
0,0,0,2020-02-06 21:00:00,2020-02-06,0,0,0,0,0
0,0,0,2020-02-05 21:00:00,2020-02-05,0,0,0,0,0
0,0,0,2020-02-04 20:00:00,2020-02-04,0,0,0,0,0
0,0,0,2020-02-03 20:00:00,2020-02-03,0,0,0,0,0
0,0,0,2020-02-02 20:00:00,2020-02-02,0,0,0,0,0
0,0,0,2020-02-01 10:00:00,2020-02-01,0,0,0,0,0
0,0,0,2020-01-31 12:30:00,2020-01-31,0,0,0,0,0
0,0,0,2020-01-30 12:00:00,2020-01-30,0,0,0,0,0
0,0,0,2020-01-29 14:00:00,2020-01-29,0,0,0,0,0
0,0,0,2020-01-28 11:30:00,2020-01-28,0,0,0,0,0
0,0,0,2020-01-27 14:00:00,2020-01-27,0,0,0,0,0
0,0,0,2020-01-26 13:00:00,2020-01-26,0,0,0,0,0
0,0,0,2020-01-25 15:00:00,2020-01-25,0,0,0,0,0
0,0,0,2020-01-24 15:00:00,2020-01-24,0,0,0,0,0
0,0,0,2020-01-23 15:00:00,2020-01-23,0,0,0,0,0
0,0,0,2020-01-22 15:00:00,2020-01-22,0,0,0,0,0
0,0,0,2020-01-21 15:00:00,2020-01-21,0,0,0,0,0
