Confirmed,Recovered,Deaths,Date_last_updated_AEDT,date_day,New,DayElapsed,New_death,DayElapsed_death,New_recover
53973,30103,308,2020-06-15 22:00:00,2020-06-15,732,77,5,74,992
53241,29111,303,2020-06-14 22:00:00,2020-06-14,721,76,5,73,1351
52520,27760,298,2020-06-13 22:00:00,2020-06-13,704,75,5,72,1117
51816,26643,293,2020-06-12 22:00:00,2020-06-12,0,74,0,71,0
51816,26643,293,2020-06-11 22:00:00,2020-06-11,1551,73,11,70,2137
50265,24506,282,2020-06-10 22:00:00,2020-06-10,812,72,6,69,626
49453,23880,276,2020-06-09 22:00:00,2020-06-09,0,71,0,68,0
49453,23880,276,2020-06-08 22:00:00,2020-06-08,823,70,7,67,233
48630,23647,269,2020-06-07 22:00:00,2020-06-07,1762,69,10,66,1581
46868,22066,259,2020-06-06 22:00:00,2020-06-06,0,68,0,65,0
46868,22066,259,2020-06-05 22:00:00,2020-06-05,1752,67,11,64,1895
45116,20171,248,2020-06-04 22:00:00,2020-06-04,861,66,5,63,976
44255,19195,243,2020-06-03 22:00:00,2020-06-03,852,65,3,62,419
43403,18776,240,2020-06-02 22:00:00,2020-06-02,0,64,0,61,0
43403,18776,240,2020-06-01 22:00:00,2020-06-01,1745,63,11,60,812
41658,17964,229,2020-05-31 22:00:00,2020-05-31,894,62,5,59,574
40764,17390,224,2020-05-30 22:00:00,2020-05-30,906,61,5,58,730
39858,16660,219,2020-05-29 22:00:00,2020-05-29,0,60,0,57,0
39858,16660,219,2020-05-28 22:00:00,2020-05-28,902,59,5,56,737
38956,15923,214,2020-05-27 22:00:00,2020-05-27,897,58,6,55,837
38059,15086,208,2020-05-26 22:00:00,2020-05-26,1861,57,9,54,931
36198,14155,199,2020-05-25 22:00:00,2020-05-25,0,56,0,53,0
36198,14155,199,2020-05-24 22:00:00,2020-05-24,954,55,5,52,627
35244,13528,194,2020-05-23 22:00:00,2020-05-23,941,54,4,51,695
34303,12833,190,2020-05-22 22:00:00,2020-05-22,932,53,5,50,776
33371,12057,185,2020-05-21 22:00:00,2020-05-21,1863,52,10,49,1437
31508,10620,175,2020-05-20 22:00:00,2020-05-20,0,51,0,48,0
31508,10620,175,2020-05-19 22:00:00,2020-05-19,936,50,4,47,490
30572,10130,171,2020-05-18 22:00:00,2020-05-18,922,49,6,46,198
29650,9932,165,2020-05-17 22:00:00,2020-05-17,969,48,5,45,434
28681,9498,160,2020-05-16 22:00:00,2020-05-16,1909,47,9,44,1330
26772,8168,151,2020-05-15 22:00:00,2020-05-15,0,46,0,43,0
26772,8168,151,2020-05-14 22:00:00,2020-05-14,1899,45,9,42,1194
24873,6974,142,2020-05-13 22:00:00,2020-05-13,967,44,7,41,443
23906,6531,135,2020-05-12 22:00:00,2020-05-12,0,43,0,40,0
23906,6531,135,2020-05-11 22:00:00,2020-05-11,1854,42,9,39,481
22052,6050,126,2020-05-10 22:00:00,2020-05-10,951,41,5,38,566
21101,5484,121,2020-05-09 22:00:00,2020-05-09,933,40,5,37,417
20168,5067,116,2020-05-08 22:00:00,2020-05-08,913,39,4,36,679
19255,4388,112,2020-05-07 22:00:00,2020-05-07,0,38,0,35,0
19255,4388,112,2020-05-06 22:00:00,2020-05-06,1766,37,9,34,1129
17489,3259,103,2020-05-05 22:00:00,2020-05-05,0,36,0,33,0
17489,3259,103,2020-05-04 22:00:00,2020-05-04,784,35,4,32,63
16705,3196,99,2020-05-03 22:00:00,2020-05-03,877,34,2,31,79
15828,3117,97,2020-05-02 22:00:00,2020-05-02,911,33,4,30,199
14917,2918,93,2020-05-01 22:00:00,2020-05-01,890,32,4,29,532
14027,2386,89,2020-04-30 22:00:00,2020-04-30,846,31,5,28,314
13181,2072,84,2020-04-29 22:00:00,2020-04-29,973,30,5,27,79
12208,1993,79,2020-04-28 22:00:00,2020-04-28,919,29,4,26,253
11289,1740,75,2020-04-27 22:00:00,2020-04-27,826,28,3,25,45
10463,1695,72,2020-04-26 22:00:00,2020-04-26,873,27,5,24,122
9590,1573,67,2020-04-25 22:00:00,2020-04-25,1568,26,7,23,635
8022,938,60,2020-04-24 22:00:00,2020-04-24,741,25,2,22,169
7281,769,58,2020-04-23 22:00:00,2020-04-23,0,24,0,21,0
7281,769,58,2020-04-22 22:00:00,2020-04-22,1017,23,7,20,255
6264,514,51,2020-04-21 22:00:00,2020-04-21,1485,22,4,19,20
4779,494,47,2020-04-20 22:00:00,2020-04-20,0,21,2,18,152
4779,342,45,2020-04-19 22:00:00,2020-04-19,0,20,3,17,0
4779,342,42,2020-04-18 22:00:00,2020-04-18,0,19,0,16,0
4779,342,42,2020-04-17 22:00:00,2020-04-17,575,18,2,15,139
4204,203,40,2020-04-16 22:00:00,2020-04-16,476,17,4,14,0
3728,203,36,2020-04-15 22:00:00,2020-04-15,447,16,3,13,0
3281,203,33,2020-04-14 22:00:00,2020-04-14,362,15,4,12,0
2919,203,29,2020-04-13 22:00:00,2020-04-13,341,14,3,11,0
2578,203,26,2020-04-12 22:00:00,2020-04-12,352,13,3,10,31
2226,172,23,2020-04-11 22:00:00,2020-04-11,245,12,4,9,3
1981,169,19,2020-04-10 22:00:00,2020-04-10,915,11,6,8,92
1066,77,13,2020-04-09 22:00:00,2020-04-09,0,10,0,7,0
1066,77,13,2020-04-08 22:00:00,2020-04-08,366,9,0,6,24
700,53,13,2020-04-07 22:00:00,2020-04-07,0,8,0,5,0
700,53,13,2020-04-06 22:00:00,2020-04-06,138,7,5,4,0
562,53,8,2020-04-05 22:00:00,2020-04-05,211,6,4,3,0
351,53,4,2020-04-04 21:00:00,2020-04-04,47,5,0,2,0
304,53,4,2020-04-03 21:00:00,2020-04-03,141,4,2,1,0
163,53,2,2020-04-02 21:00:00,2020-04-02,0,3,0,0,0
163,53,2,2020-04-01 21:00:00,2020-04-01,11,2,2,0,6
152,47,0,2020-03-31 21:00:00,2020-03-31,58,1,0,0,15
94,32,0,2020-03-30 21:00:00,2020-03-30,0,0,0,0,0
94,32,0,2020-03-29 21:00:00,2020-03-29,0,0,0,0,0
94,32,0,2020-03-28 21:00:00,2020-03-28,0,0,0,0,3
94,29,0,2020-03-27 21:10:00,2020-03-27,8,0,0,0,0
86,29,0,2020-03-26 22:20:00,2020-03-26,0,0,0,0,0
86,29,0,2020-03-25 23:20:00,2020-03-25,5,0,0,0,7
81,22,0,2020-03-24 21:20:00,2020-03-24,0,0,0,0,0
81,22,0,2020-03-23 21:40:00,2020-03-23,5,0,0,0,7
76,15,0,2020-03-22 21:00:00,2020-03-22,7,0,0,0,0
69,15,0,2020-03-21 21:00:00,2020-03-21,0,0,0,0,0
69,15,0,2020-03-20 21:20:00,2020-03-20,18,0,0,0,10
51,5,0,2020-03-19 21:30:00,2020-03-19,0,0,0,0,0
51,5,0,2020-03-18 22:00:00,2020-03-18,15,0,0,0,2
36,3,0,2020-03-17 21:00:00,2020-03-17,0,0,0,0,0
36,3,0,2020-03-16 21:00:00,2020-03-16,9,0,0,0,0
27,3,0,2020-03-15 21:00:00,2020-03-15,0,0,0,0,0
27,3,0,2020-03-14 21:00:00,2020-03-14,6,0,0,0,0
21,3,0,2020-03-13 21:00:00,2020-03-13,9,0,0,0,0
12,3,0,2020-03-12 21:00:00,2020-03-12,3,0,0,0,0
9,3,0,2020-03-11 21:00:00,2020-03-11,3,0,0,0,3
6,0,0,2020-03-10 21:00:00,2020-03-10,0,0,0,0,0
6,0,0,2020-03-09 21:00:00,2020-03-09,0,0,0,0,0
6,0,0,2020-03-08 21:00:00,2020-03-08,0,0,0,0,0
6,0,0,2020-03-07 21:00:00,2020-03-07,0,0,0,0,0
6,0,0,2020-03-06 21:00:00,2020-03-06,0,0,0,0,0
6,0,0,2020-03-05 21:00:00,2020-03-05,0,0,0,0,0
6,0,0,2020-03-04 21:00:00,2020-03-04,5,0,0,0,0
1,0,0,2020-03-03 21:00:00,2020-03-03,0,0,0,0,0
1,0,0,2020-03-02 21:00:00,2020-03-02,0,0,0,0,0
1,0,0,2020-03-01 21:00:00,2020-03-01,0,0,0,0,0
1,0,0,2020-02-29 21:00:00,2020-02-29,0,0,0,0,0
1,0,0,2020-02-28 21:00:00,2020-02-28,1,0,0,0,0
0,0,0,2020-02-27 21:00:00,2020-02-27,0,0,0,0,0
0,0,0,2020-02-26 21:00:00,2020-02-26,0,0,0,0,0
0,0,0,2020-02-25 21:00:00,2020-02-25,0,0,0,0,0
0,0,0,2020-02-24 21:00:00,2020-02-24,0,0,0,0,0
0,0,0,2020-02-23 21:00:00,2020-02-23,0,0,0,0,0
0,0,0,2020-02-22 21:00:00,2020-02-22,0,0,0,0,0
0,0,0,2020-02-21 21:00:00,2020-02-21,0,0,0,0,0
0,0,0,2020-02-20 21:00:00,2020-02-20,0,0,0,0,0
0,0,0,2020-02-19 21:00:00,2020-02-19,0,0,0,0,0
0,0,0,2020-02-18 21:00:00,2020-02-18,0,0,0,0,0
0,0,0,2020-02-17 21:00:00,2020-02-17,0,0,0,0,0
0,0,0,2020-02-16 21:00:00,2020-02-16,0,0,0,0,0
0,0,0,2020-02-15 21:00:00,2020-02-15,0,0,0,0,0
0,0,0,2020-02-14 21:00:00,2020-02-14,0,0,0,0,0
0,0,0,2020-02-13 21:00:00,2020-02-13,0,0,0,0,0
0,0,0,2020-02-12 21:00:00,2020-02-12,0,0,0,0,0
0,0,0,2020-02-11 20:30:00,2020-02-11,0,0,0,0,0
0,0,0,2020-02-10 21:00:00,2020-02-10,0,0,0,0,0
0,0,0,2020-02-09 21:00:00,2020-02-09,0,0,0,0,0
0,0,0,2020-02-08 21:00:00,2020-02-08,0,0,0,0,0
0,0,0,2020-02-07 21:00:00,2020-02-07,0,0,0,0,0
0,0,0,2020-02-06 21:00:00,2020-02-06,0,0,0,0,0
0,0,0,2020-02-05 21:00:00,2020-02-05,0,0,0,0,0
0,0,0,2020-02-04 20:00:00,2020-02-04,0,0,0,0,0
0,0,0,2020-02-03 20:00:00,2020-02-03,0,0,0,0,0
0,0,0,2020-02-02 20:00:00,2020-02-02,0,0,0,0,0
0,0,0,2020-02-01 10:00:00,2020-02-01,0,0,0,0,0
0,0,0,2020-01-31 12:30:00,2020-01-31,0,0,0,0,0
0,0,0,2020-01-30 12:00:00,2020-01-30,0,0,0,0,0
0,0,0,2020-01-29 14:00:00,2020-01-29,0,0,0,0,0
0,0,0,2020-01-28 11:30:00,2020-01-28,0,0,0,0,0
0,0,0,2020-01-27 14:00:00,2020-01-27,0,0,0,0,0
0,0,0,2020-01-26 13:00:00,2020-01-26,0,0,0,0,0
0,0,0,2020-01-25 15:00:00,2020-01-25,0,0,0,0,0
0,0,0,2020-01-24 15:00:00,2020-01-24,0,0,0,0,0
0,0,0,2020-01-23 15:00:00,2020-01-23,0,0,0,0,0
0,0,0,2020-01-22 15:00:00,2020-01-22,0,0,0,0,0
0,0,0,2020-01-21 15:00:00,2020-01-21,0,0,0,0,0
