Confirmed,Recovered,Deaths,Date_last_updated_AEDT,date_day,New,DayElapsed,New_death,DayElapsed_death,New_recover
1840812,1213512,71492,2020-07-12 22:00:00,2020-07-12,36474,121,968,116,0
1804338,1213512,70524,2020-07-11 22:00:00,2020-07-11,42075,120,1208,115,27916
1762263,1185596,69316,2020-07-10 22:00:00,2020-07-10,46067,119,1261,114,33129
1716196,1152467,68055,2020-07-09 22:00:00,2020-07-09,41541,118,1187,113,34545
1674655,1117922,66868,2020-07-08 22:00:00,2020-07-08,48584,117,1312,112,45693
1626071,1072229,65556,2020-07-07 22:00:00,2020-07-07,21486,116,656,111,93614
1604585,978615,64900,2020-07-06 22:00:00,2020-07-06,26209,115,535,110,0
1578376,978615,64365,2020-07-05 22:00:00,2020-07-05,35035,114,1111,109,0
1543341,978615,63254,2020-07-04 22:00:00,2020-07-04,41988,113,1264,108,62468
1501353,916147,61990,2020-07-03 22:00:00,2020-07-03,47984,112,1277,107,0
1453369,916147,60713,2020-07-02 22:00:00,2020-07-02,44884,111,1057,106,126107
1408485,790040,59656,2020-07-01 22:00:00,2020-07-01,37997,110,1271,105,32578
1370488,757462,58385,2020-06-30 22:00:00,2020-06-30,25234,109,727,104,23614
1345254,733848,57658,2020-06-29 22:00:00,2020-06-29,29313,108,555,103,17943
1315941,715905,57103,2020-06-28 22:00:00,2020-06-28,35887,107,994,102,18379
1280054,697526,56109,2020-06-27 22:00:00,2020-06-27,46907,106,1055,101,23797
1233147,673729,55054,2020-06-26 22:00:00,2020-06-26,39538,105,1159,100,23821
1193609,649908,53895,2020-06-25 22:00:00,2020-06-25,42130,104,1124,99,36563
1151479,613345,52771,2020-06-24 22:00:00,2020-06-24,40131,103,1364,98,19241
1111348,594104,51407,2020-06-23 22:00:00,2020-06-23,24358,102,748,97,14878
1086990,579226,50659,2020-06-22 22:00:00,2020-06-22,16851,101,601,96,36040
1070139,543186,50058,2020-06-21 22:00:00,2020-06-21,31571,100,968,95,22826
1038568,520360,49090,2020-06-20 22:00:00,2020-06-20,55209,99,1221,94,0
983359,520360,47869,2020-06-19 22:00:00,2020-06-19,23050,98,1204,93,16853
960309,503507,46665,2020-06-18 22:00:00,2020-06-18,31475,97,1209,92,26143
928834,477364,45456,2020-06-17 22:00:00,2020-06-17,37278,96,1338,91,12590
891556,464774,44118,2020-06-16 22:00:00,2020-06-16,23674,95,729,90,11206
867882,453568,43389,2020-06-15 22:00:00,2020-06-15,17086,94,598,89,16056
850796,437512,42791,2020-06-14 22:00:00,2020-06-14,20894,93,890,88,9902
829902,427610,41901,2020-06-13 22:00:00,2020-06-13,24253,92,843,87,30918
805649,396692,41058,2020-06-12 22:00:00,2020-06-12,30465,91,1261,86,0
775184,396692,39797,2020-06-11 22:00:00,2020-06-11,33100,90,1300,85,71090
742084,325602,38497,2020-06-10 22:00:00,2020-06-10,31197,89,1185,84,0
710887,325602,37312,2020-06-09 22:00:00,2020-06-09,18925,88,0,83,23518
691962,302084,37312,2020-06-08 22:00:00,2020-06-08,15468,87,1268,82,0
676494,302084,36044,2020-06-07 22:00:00,2020-06-07,30488,86,997,81,0
646006,302084,35047,2020-06-06 22:00:00,2020-06-06,30136,85,1008,80,27087
615870,274997,34039,2020-06-05 22:00:00,2020-06-05,31308,84,1471,79,8865
584562,266132,32568,2020-06-04 22:00:00,2020-06-04,26325,83,1259,78,12562
558237,253570,31309,2020-06-03 22:00:00,2020-06-03,28832,82,1263,77,42490
529405,211080,30046,2020-06-02 22:00:00,2020-06-02,14413,81,705,76,4525
514992,206555,29341,2020-06-01 22:00:00,2020-06-01,15026,80,492,75,1184
499966,205371,28849,2020-05-31 22:00:00,2020-05-31,31628,79,905,74,12190
468338,193181,27944,2020-05-30 22:00:00,2020-05-30,29526,78,1180,73,0
438812,193181,26764,2020-05-29 22:00:00,2020-05-29,24151,77,1067,72,26534
414661,166647,25697,2020-05-28 22:00:00,2020-05-28,20154,76,1104,71,8054
394507,158593,24593,2020-05-27 22:00:00,2020-05-27,17838,75,1071,70,4760
376669,153833,23522,2020-05-26 22:00:00,2020-05-26,11456,74,776,69,3922
365213,149911,22746,2020-05-25 22:00:00,2020-05-25,16100,73,581,68,7324
349113,142587,22165,2020-05-24 22:00:00,2020-05-24,16731,72,1049,67,7157
332382,135430,21116,2020-05-23 22:00:00,2020-05-23,21461,71,1034,66,9470
310921,125960,20082,2020-05-22 22:00:00,2020-05-22,17564,70,1188,65,9277
293357,116683,18894,2020-05-21 22:00:00,2020-05-21,21472,69,911,64,9889
271885,106794,17983,2020-05-20 22:00:00,2020-05-20,16517,68,1130,63,6335
255368,100459,16853,2020-05-19 22:00:00,2020-05-19,14288,67,731,62,6337
241080,94122,16122,2020-05-18 22:00:00,2020-05-18,7569,66,460,61,4450
233511,89672,15662,2020-05-17 22:00:00,2020-05-17,13220,65,700,60,4702
220291,84970,14962,2020-05-16 22:00:00,2020-05-16,17126,64,963,59,5491
203165,79479,13999,2020-05-15 22:00:00,2020-05-15,13028,63,759,58,1055
190137,78424,13240,2020-05-14 22:00:00,2020-05-14,11923,62,779,57,5827
178214,72597,12461,2020-05-13 22:00:00,2020-05-13,8620,61,808,56,5213
169594,67384,11653,2020-05-12 22:00:00,2020-05-12,6167,60,485,55,2427
163427,64957,11168,2020-05-11 22:00:00,2020-05-11,7366,59,512,54,3272
156061,61685,10656,2020-05-10 22:00:00,2020-05-10,9167,58,639,53,2388
146894,59297,10017,2020-05-09 22:00:00,2020-05-09,10375,57,752,52,3947
136519,55350,9265,2020-05-08 22:00:00,2020-05-08,9908,56,677,51,3980
126611,51370,8588,2020-05-07 22:00:00,2020-05-07,10658,55,630,50,3149
115953,48221,7958,2020-05-06 22:00:00,2020-05-06,7333,54,591,49,2406
108620,45815,7367,2020-05-05 22:00:00,2020-05-05,6794,53,316,48,2824
101826,42991,7051,2020-05-04 22:00:00,2020-05-04,4726,52,290,47,2054
97100,40937,6761,2020-05-03 22:00:00,2020-05-03,4470,51,327,46,2898
92630,38039,6434,2020-05-02 22:00:00,2020-05-02,5443,50,428,45,2104
87187,35935,6006,2020-05-01 22:00:00,2020-05-01,7502,49,493,44,1803
79685,34132,5513,2020-04-30 22:00:00,2020-04-30,6450,48,430,43,1588
73235,32544,5083,2020-04-29 22:00:00,2020-04-29,5789,47,480,42,1402
67446,31142,4603,2020-04-28 22:00:00,2020-04-28,4346,46,317,41,990
63100,30152,4286,2020-04-27 22:00:00,2020-04-27,3776,45,229,40,992
59324,29160,4057,2020-04-26 22:00:00,2020-04-26,5281,44,353,39,1505
54043,27655,3704,2020-04-25 22:00:00,2020-04-25,3813,43,361,38,1082
50230,26573,3343,2020-04-24 22:00:00,2020-04-24,3882,42,409,37,1255
46348,25318,2934,2020-04-23 22:00:00,2020-04-23,2980,41,173,36,993
43368,24325,2761,2020-04-22 22:00:00,2020-04-22,2554,40,173,35,1334
40814,22991,2588,2020-04-21 22:00:00,2020-04-21,1670,39,104,34,861
39144,22130,2484,2020-04-20 22:00:00,2020-04-20,2219,38,112,33,8104
36925,14026,2372,2020-04-19 22:00:00,2020-04-19,2704,37,201,32,0
34221,14026,2171,2020-04-18 22:00:00,2020-04-18,3330,36,219,31,0
30891,14026,1952,2020-04-17 22:00:00,2020-04-17,1876,35,192,30,0
29015,14026,1760,2020-04-16 22:00:00,2020-04-16,3257,34,203,29,0
25758,14026,1557,2020-04-15 22:00:00,2020-04-15,2035,33,202,28,11047
23723,2979,1355,2020-04-14 22:00:00,2020-04-14,1405,32,125,27,2806
22318,173,1230,2020-04-13 22:00:00,2020-04-13,1354,31,89,26,0
20964,173,1141,2020-04-12 22:00:00,2020-04-12,1021,30,67,25,0
19943,173,1074,2020-04-11 22:00:00,2020-04-11,1767,29,117,24,0
18176,173,957,2020-04-10 22:00:00,2020-04-10,1938,28,134,23,0
16238,173,823,2020-04-09 22:00:00,2020-04-09,2166,27,132,22,46
14072,127,691,2020-04-08 22:00:00,2020-04-08,1832,26,125,21,0
12240,127,566,2020-04-07 22:00:00,2020-04-07,959,25,79,20,0
11281,127,487,2020-04-06 22:00:00,2020-04-06,921,24,42,19,0
10360,127,445,2020-04-05 22:00:00,2020-04-05,1144,23,80,18,0
9216,127,365,2020-04-04 21:00:00,2020-04-04,1150,22,38,17,0
8066,127,327,2020-04-03 21:00:00,2020-04-03,1135,21,83,16,0
6931,127,244,2020-04-02 21:00:00,2020-04-02,1119,20,42,15,0
5812,127,202,2020-04-01 21:00:00,2020-04-01,1151,19,37,14,0
4661,127,165,2020-03-31 21:00:00,2020-03-31,405,18,29,13,121
4256,6,136,2020-03-30 21:00:00,2020-03-30,352,17,22,12,0
3904,6,114,2020-03-29 21:00:00,2020-03-29,427,16,21,11,0
3477,6,93,2020-03-28 21:00:00,2020-03-28,489,15,16,10,0
2988,6,77,2020-03-27 21:10:00,2020-03-27,425,14,17,9,0
2563,6,60,2020-03-26 22:20:00,2020-03-26,292,13,13,8,4
2271,2,47,2020-03-25 23:20:00,2020-03-25,311,12,13,7,0
1960,2,34,2020-03-24 21:20:00,2020-03-24,341,11,9,6,0
1619,2,25,2020-03-23 21:40:00,2020-03-23,441,10,7,5,0
1178,2,18,2020-03-22 21:00:00,2020-03-22,201,9,7,4,0
977,2,11,2020-03-21 21:00:00,2020-03-21,330,8,4,3,0
647,2,7,2020-03-20 21:20:00,2020-03-20,118,7,3,2,0
529,2,4,2020-03-19 21:30:00,2020-03-19,180,6,2,1,0
349,2,2,2020-03-18 22:00:00,2020-03-18,115,5,2,0,0
234,2,0,2020-03-17 21:00:00,2020-03-17,31,4,0,0,0
203,2,0,2020-03-16 21:00:00,2020-03-16,52,3,0,0,1
151,1,0,2020-03-15 21:00:00,2020-03-15,0,2,0,0,0
151,1,0,2020-03-14 21:00:00,2020-03-14,74,1,0,0,1
77,0,0,2020-03-13 21:00:00,2020-03-13,25,0,0,0,0
52,0,0,2020-03-12 21:00:00,2020-03-12,18,0,0,0,0
34,0,0,2020-03-11 21:00:00,2020-03-11,9,0,0,0,0
25,0,0,2020-03-10 21:00:00,2020-03-10,0,0,0,0,0
25,0,0,2020-03-09 21:00:00,2020-03-09,6,0,0,0,0
19,0,0,2020-03-08 21:00:00,2020-03-08,5,0,0,0,0
14,0,0,2020-03-07 21:00:00,2020-03-07,6,0,0,0,0
8,0,0,2020-03-06 21:00:00,2020-03-06,5,0,0,0,0
3,0,0,2020-03-05 21:00:00,2020-03-05,1,0,0,0,0
2,0,0,2020-03-04 21:00:00,2020-03-04,0,0,0,0,0
2,0,0,2020-03-03 21:00:00,2020-03-03,0,0,0,0,0
2,0,0,2020-03-02 21:00:00,2020-03-02,0,0,0,0,0
2,0,0,2020-03-01 21:00:00,2020-03-01,1,0,0,0,0
1,0,0,2020-02-29 21:00:00,2020-02-29,0,0,0,0,0
1,0,0,2020-02-28 21:00:00,2020-02-28,0,0,0,0,0
1,0,0,2020-02-27 21:00:00,2020-02-27,0,0,0,0,0
1,0,0,2020-02-26 21:00:00,2020-02-26,1,0,0,0,0
0,0,0,2020-02-25 21:00:00,2020-02-25,0,0,0,0,0
0,0,0,2020-02-24 21:00:00,2020-02-24,0,0,0,0,0
0,0,0,2020-02-23 21:00:00,2020-02-23,0,0,0,0,0
0,0,0,2020-02-22 21:00:00,2020-02-22,0,0,0,0,0
0,0,0,2020-02-21 21:00:00,2020-02-21,0,0,0,0,0
0,0,0,2020-02-20 21:00:00,2020-02-20,0,0,0,0,0
0,0,0,2020-02-19 21:00:00,2020-02-19,0,0,0,0,0
0,0,0,2020-02-18 21:00:00,2020-02-18,0,0,0,0,0
0,0,0,2020-02-17 21:00:00,2020-02-17,0,0,0,0,0
0,0,0,2020-02-16 21:00:00,2020-02-16,0,0,0,0,0
0,0,0,2020-02-15 21:00:00,2020-02-15,0,0,0,0,0
0,0,0,2020-02-14 21:00:00,2020-02-14,0,0,0,0,0
0,0,0,2020-02-13 21:00:00,2020-02-13,0,0,0,0,0
0,0,0,2020-02-12 21:00:00,2020-02-12,0,0,0,0,0
0,0,0,2020-02-11 20:30:00,2020-02-11,0,0,0,0,0
0,0,0,2020-02-10 21:00:00,2020-02-10,0,0,0,0,0
0,0,0,2020-02-09 21:00:00,2020-02-09,0,0,0,0,0
0,0,0,2020-02-08 21:00:00,2020-02-08,0,0,0,0,0
0,0,0,2020-02-07 21:00:00,2020-02-07,0,0,0,0,0
0,0,0,2020-02-06 21:00:00,2020-02-06,0,0,0,0,0
0,0,0,2020-02-05 21:00:00,2020-02-05,0,0,0,0,0
0,0,0,2020-02-04 20:00:00,2020-02-04,0,0,0,0,0
0,0,0,2020-02-03 20:00:00,2020-02-03,0,0,0,0,0
0,0,0,2020-02-02 20:00:00,2020-02-02,0,0,0,0,0
0,0,0,2020-02-01 10:00:00,2020-02-01,0,0,0,0,0
0,0,0,2020-01-31 12:30:00,2020-01-31,0,0,0,0,0
0,0,0,2020-01-30 12:00:00,2020-01-30,0,0,0,0,0
0,0,0,2020-01-29 14:00:00,2020-01-29,0,0,0,0,0
0,0,0,2020-01-28 11:30:00,2020-01-28,0,0,0,0,0
0,0,0,2020-01-27 14:00:00,2020-01-27,0,0,0,0,0
0,0,0,2020-01-26 13:00:00,2020-01-26,0,0,0,0,0
0,0,0,2020-01-25 15:00:00,2020-01-25,0,0,0,0,0
0,0,0,2020-01-24 15:00:00,2020-01-24,0,0,0,0,0
0,0,0,2020-01-23 15:00:00,2020-01-23,0,0,0,0,0
0,0,0,2020-01-22 15:00:00,2020-01-22,0,0,0,0,0
0,0,0,2020-01-21 15:00:00,2020-01-21,0,0,0,0,0
