Confirmed,Recovered,Deaths,Date_last_updated_AEDT,date_day,New,DayElapsed,New_death,DayElapsed_death,New_recover
2916,2590,174,2020-07-01 22:00:00,2020-07-01,12,107,0,107,13
2904,2577,174,2020-06-30 22:00:00,2020-06-30,26,106,0,106,32
2878,2545,174,2020-06-29 22:00:00,2020-06-29,0,105,0,105,0
2878,2545,174,2020-06-28 22:00:00,2020-06-28,0,104,0,104,0
2878,2545,174,2020-06-27 22:00:00,2020-06-27,9,103,1,103,28
2869,2517,173,2020-06-26 22:00:00,2020-06-26,20,102,2,102,1
2849,2516,171,2020-06-25 22:00:00,2020-06-25,14,101,1,101,25
2835,2491,170,2020-06-24 22:00:00,2020-06-24,13,100,1,100,20
2822,2471,169,2020-06-23 22:00:00,2020-06-23,32,99,1,99,27
2790,2444,168,2020-06-22 22:00:00,2020-06-22,0,98,0,98,0
2790,2444,168,2020-06-21 22:00:00,2020-06-21,0,97,0,97,0
2790,2444,168,2020-06-20 22:00:00,2020-06-20,7,96,0,96,19
2783,2425,168,2020-06-19 22:00:00,2020-06-19,8,95,0,95,3
2775,2422,168,2020-06-18 22:00:00,2020-06-18,19,94,0,94,6
2756,2416,168,2020-06-17 22:00:00,2020-06-17,11,93,0,93,21
2745,2395,168,2020-06-16 22:00:00,2020-06-16,36,92,0,92,41
2709,2354,168,2020-06-15 22:00:00,2020-06-15,0,91,0,91,0
2709,2354,168,2020-06-14 22:00:00,2020-06-14,0,90,0,90,0
2709,2354,168,2020-06-13 22:00:00,2020-06-13,15,89,1,89,10
2694,2344,167,2020-06-12 22:00:00,2020-06-12,14,88,0,88,16
2680,2328,167,2020-06-11 22:00:00,2020-06-11,11,87,0,87,9
2669,2319,167,2020-06-10 22:00:00,2020-06-10,10,86,0,86,10
2659,2309,167,2020-06-09 22:00:00,2020-06-09,27,85,0,85,37
2632,2272,167,2020-06-08 22:00:00,2020-06-08,0,84,0,84,0
2632,2272,167,2020-06-07 22:00:00,2020-06-07,0,83,1,83,0
2632,2272,166,2020-06-06 22:00:00,2020-06-06,0,82,0,82,7
2632,2265,166,2020-06-05 22:00:00,2020-06-05,9,81,0,81,22
2623,2243,166,2020-06-04 22:00:00,2020-06-04,22,80,1,80,14
2601,2229,165,2020-06-03 22:00:00,2020-06-03,4,79,0,79,22
2597,2207,165,2020-06-02 22:00:00,2020-06-02,24,78,1,78,26
2573,2181,164,2020-06-01 22:00:00,2020-06-01,0,77,0,77,0
2573,2181,164,2020-05-31 22:00:00,2020-05-31,11,76,0,76,4
2562,2177,164,2020-05-30 22:00:00,2020-05-30,4,75,0,75,24
2558,2153,164,2020-05-29 22:00:00,2020-05-29,8,74,2,74,9
2550,2144,162,2020-05-28 22:00:00,2020-05-28,9,73,1,73,22
2541,2122,161,2020-05-27 22:00:00,2020-05-27,11,72,0,72,20
2530,2102,161,2020-05-26 22:00:00,2020-05-26,13,71,4,71,45
2517,2057,157,2020-05-25 22:00:00,2020-05-25,0,70,0,70,0
2517,2057,157,2020-05-24 22:00:00,2020-05-24,10,69,2,69,14
2507,2043,155,2020-05-23 22:00:00,2020-05-23,28,68,3,68,20
2479,2023,152,2020-05-22 22:00:00,2020-05-22,12,67,3,67,18
2467,2005,149,2020-05-21 22:00:00,2020-05-21,21,66,3,66,24
2446,1981,146,2020-05-20 22:00:00,2020-05-20,2,65,3,65,15
2444,1966,143,2020-05-19 22:00:00,2020-05-19,16,64,2,64,34
2428,1932,141,2020-05-18 22:00:00,2020-05-18,0,63,0,63,0
2428,1932,141,2020-05-17 22:00:00,2020-05-17,21,62,1,62,24
2407,1908,140,2020-05-16 22:00:00,2020-05-16,15,61,5,61,23
2392,1885,135,2020-05-15 22:00:00,2020-05-15,32,60,3,60,26
2360,1859,132,2020-05-14 22:00:00,2020-05-14,0,59,0,59,27
2360,1832,132,2020-05-13 22:00:00,2020-05-13,7,58,2,58,113
2353,1719,130,2020-05-12 22:00:00,2020-05-12,23,57,1,57,60
2330,1659,129,2020-05-11 22:00:00,2020-05-11,0,56,0,56,0
2330,1659,129,2020-05-10 22:00:00,2020-05-10,15,55,2,55,80
2315,1579,127,2020-05-09 22:00:00,2020-05-09,27,54,1,54,67
2288,1512,126,2020-05-08 22:00:00,2020-05-08,33,53,2,53,18
2255,1494,124,2020-05-07 22:00:00,2020-05-07,23,52,3,52,22
2232,1472,121,2020-05-06 22:00:00,2020-05-06,8,51,4,51,55
2224,1417,117,2020-05-05 22:00:00,2020-05-05,53,50,3,50,41
2171,1376,114,2020-05-04 22:00:00,2020-05-04,0,49,0,49,0
2171,1376,114,2020-05-03 22:00:00,2020-05-03,26,48,2,48,19
2145,1357,112,2020-05-02 22:00:00,2020-05-02,33,47,1,47,35
2112,1322,111,2020-05-01 22:00:00,2020-05-01,25,46,2,46,17
2087,1305,109,2020-04-30 22:00:00,2020-04-30,34,45,3,45,74
2053,1231,106,2020-04-29 22:00:00,2020-04-29,55,44,2,44,41
1998,1190,104,2020-04-28 22:00:00,2020-04-28,50,43,4,43,53
1948,1137,100,2020-04-27 22:00:00,2020-04-27,0,42,0,42,0
1948,1137,100,2020-04-26 22:00:00,2020-04-26,95,41,2,41,23
1853,1114,98,2020-04-25 22:00:00,2020-04-25,29,40,4,40,22
1824,1092,94,2020-04-24 22:00:00,2020-04-24,29,39,1,39,-23
1795,1115,93,2020-04-23 22:00:00,2020-04-23,71,38,6,38,72
1724,1043,87,2020-04-22 22:00:00,2020-04-22,25,37,1,37,2
1699,1041,86,2020-04-21 22:00:00,2020-04-21,52,36,4,36,45
1647,996,82,2020-04-20 22:00:00,2020-04-20,0,35,1,35,0
1647,996,81,2020-04-19 22:00:00,2020-04-19,29,34,3,34,13
1618,983,78,2020-04-18 22:00:00,2020-04-18,43,33,1,33,0
1575,983,77,2020-04-17 22:00:00,2020-04-17,14,32,2,32,28
1561,955,75,2020-04-16 22:00:00,2020-04-16,44,31,3,31,13
1517,942,72,2020-04-15 22:00:00,2020-04-15,27,30,3,30,16
1490,926,69,2020-04-14 22:00:00,2020-04-14,45,29,11,29,21
1445,905,58,2020-04-13 22:00:00,2020-04-13,0,28,0,28,0
1445,905,58,2020-04-12 22:00:00,2020-04-12,35,27,3,27,26
1410,879,55,2020-04-11 22:00:00,2020-04-11,40,26,5,26,21
1370,858,50,2020-04-10 22:00:00,2020-04-10,34,25,2,25,20
1336,838,48,2020-04-09 22:00:00,2020-04-09,45,24,5,24,33
1291,805,43,2020-04-08 22:00:00,2020-04-08,25,23,4,23,22
1266,783,39,2020-04-07 22:00:00,2020-04-07,63,22,1,22,79
1203,704,38,2020-04-06 22:00:00,2020-04-06,0,21,0,21,0
1203,704,38,2020-04-05 22:00:00,2020-04-05,29,20,3,20,31
1174,673,35,2020-04-04 21:00:00,2020-04-04,53,19,4,19,32
1121,641,31,2020-04-03 21:00:00,2020-04-03,55,18,6,18,35
1066,606,25,2020-04-02 21:00:00,2020-04-02,53,17,1,17,602
1013,4,24,2020-04-01 21:00:00,2020-04-01,43,16,5,16,0
970,4,19,2020-03-31 21:00:00,2020-03-31,86,15,2,15,0
884,4,17,2020-03-30 21:00:00,2020-03-30,0,14,0,14,0
884,4,17,2020-03-29 21:00:00,2020-03-29,92,13,1,13,0
792,4,16,2020-03-28 21:00:00,2020-03-28,67,12,2,12,0
725,4,14,2020-03-27 21:10:00,2020-03-27,66,11,0,11,0
659,4,14,2020-03-26 22:20:00,2020-03-26,42,10,1,10,0
617,4,13,2020-03-25 23:20:00,2020-03-25,145,9,0,9,0
472,4,13,2020-03-24 21:20:00,2020-03-24,48,8,3,8,0
424,4,10,2020-03-23 21:40:00,2020-03-23,0,7,0,7,0
424,4,10,2020-03-22 21:00:00,2020-03-22,76,6,2,6,0
348,4,8,2020-03-21 21:00:00,2020-03-21,77,5,0,5,0
271,4,8,2020-03-20 21:20:00,2020-03-20,40,4,1,4,0
231,4,7,2020-03-19 21:30:00,2020-03-19,45,3,0,3,0
186,4,7,2020-03-18 22:00:00,2020-03-18,83,2,3,2,0
103,4,4,2020-03-17 21:00:00,2020-03-17,30,1,3,1,0
73,4,1,2020-03-16 21:00:00,2020-03-16,0,0,0,0,0
73,4,1,2020-03-15 21:00:00,2020-03-15,9,0,0,0,0
64,4,1,2020-03-14 21:00:00,2020-03-14,11,0,0,0,1
53,3,1,2020-03-13 21:00:00,2020-03-13,7,0,0,0,0
46,3,1,2020-03-12 21:00:00,2020-03-12,7,0,0,0,0
39,3,1,2020-03-11 21:00:00,2020-03-11,7,0,0,0,0
32,3,1,2020-03-10 21:00:00,2020-03-10,5,0,1,0,0
27,3,0,2020-03-09 21:00:00,2020-03-09,0,0,0,0,0
27,3,0,2020-03-08 21:00:00,2020-03-08,6,0,0,0,0
21,3,0,2020-03-07 21:00:00,2020-03-07,0,0,0,0,0
21,3,0,2020-03-06 21:00:00,2020-03-06,8,0,0,0,0
13,3,0,2020-03-05 21:00:00,2020-03-05,1,0,0,0,0
12,3,0,2020-03-04 21:00:00,2020-03-04,4,0,0,0,0
8,3,0,2020-03-03 21:00:00,2020-03-03,0,0,0,0,0
8,3,0,2020-03-02 21:00:00,2020-03-02,0,0,0,0,0
8,3,0,2020-03-01 21:00:00,2020-03-01,1,0,0,0,0
7,3,0,2020-02-29 21:00:00,2020-02-29,0,0,0,0,3
7,0,0,2020-02-28 21:00:00,2020-02-28,0,0,0,0,0
7,0,0,2020-02-27 21:00:00,2020-02-27,1,0,0,0,0
6,0,0,2020-02-26 21:00:00,2020-02-26,0,0,0,0,0
6,0,0,2020-02-25 21:00:00,2020-02-25,0,0,0,0,0
6,0,0,2020-02-24 21:00:00,2020-02-24,0,0,0,0,0
6,0,0,2020-02-23 21:00:00,2020-02-23,0,0,0,0,0
6,0,0,2020-02-22 21:00:00,2020-02-22,0,0,0,0,0
6,0,0,2020-02-21 21:00:00,2020-02-21,1,0,0,0,0
5,0,0,2020-02-20 21:00:00,2020-02-20,0,0,0,0,0
5,0,0,2020-02-19 21:00:00,2020-02-19,0,0,0,0,0
5,0,0,2020-02-18 21:00:00,2020-02-18,0,0,0,0,0
5,0,0,2020-02-17 21:00:00,2020-02-17,0,0,0,0,0
5,0,0,2020-02-16 21:00:00,2020-02-16,0,0,0,0,0
5,0,0,2020-02-15 21:00:00,2020-02-15,1,0,0,0,0
4,0,0,2020-02-14 21:00:00,2020-02-14,0,0,0,0,0
4,0,0,2020-02-13 21:00:00,2020-02-13,0,0,0,0,0
4,0,0,2020-02-12 21:00:00,2020-02-12,0,0,0,0,0
4,0,0,2020-02-11 20:30:00,2020-02-11,0,0,0,0,0
4,0,0,2020-02-10 21:00:00,2020-02-10,0,0,0,0,0
4,0,0,2020-02-09 21:00:00,2020-02-09,0,0,0,0,0
4,0,0,2020-02-08 21:00:00,2020-02-08,0,0,0,0,0
4,0,0,2020-02-07 21:00:00,2020-02-07,2,0,0,0,0
2,0,0,2020-02-06 21:00:00,2020-02-06,1,0,0,0,0
1,0,0,2020-02-05 21:00:00,2020-02-05,0,0,0,0,0
1,0,0,2020-02-04 20:00:00,2020-02-04,0,0,0,0,0
1,0,0,2020-02-03 20:00:00,2020-02-03,0,0,0,0,0
1,0,0,2020-02-02 20:00:00,2020-02-02,0,0,0,0,0
1,0,0,2020-02-01 10:00:00,2020-02-01,0,0,0,0,0
1,0,0,2020-01-31 12:30:00,2020-01-31,0,0,0,0,0
1,0,0,2020-01-30 12:00:00,2020-01-30,0,0,0,0,0
1,0,0,2020-01-29 14:00:00,2020-01-29,1,0,0,0,0
0,0,0,2020-01-28 11:30:00,2020-01-28,0,0,0,0,0
0,0,0,2020-01-27 14:00:00,2020-01-27,0,0,0,0,0
0,0,0,2020-01-26 13:00:00,2020-01-26,0,0,0,0,0
0,0,0,2020-01-25 15:00:00,2020-01-25,0,0,0,0,0
0,0,0,2020-01-24 15:00:00,2020-01-24,0,0,0,0,0
0,0,0,2020-01-23 15:00:00,2020-01-23,0,0,0,0,0
0,0,0,2020-01-22 15:00:00,2020-01-22,0,0,0,0,0
0,0,0,2020-01-21 15:00:00,2020-01-21,0,0,0,0,0
