Confirmed,Recovered,Deaths,Date_last_updated_AEDT,date_day,New,DayElapsed,New_death,DayElapsed_death,New_recover
11955,6420,388,2020-08-03 22:00:00,2020-08-03,119,137,3,138,24
11836,6396,385,2020-08-02 22:00:00,2020-08-02,146,136,2,137,77
11690,6319,383,2020-08-01 22:00:00,2020-08-01,270,135,9,136,146
11420,6173,374,2020-07-31 22:00:00,2020-07-31,265,134,6,135,202
11155,5971,368,2020-07-30 22:00:00,2020-07-30,284,133,13,134,205
10871,5766,355,2020-07-29 22:00:00,2020-07-29,250,132,8,133,181
10621,5585,347,2020-07-28 22:00:00,2020-07-28,194,131,7,132,230
10427,5355,340,2020-07-27 22:00:00,2020-07-27,115,130,2,131,49
10312,5306,338,2020-07-26 22:00:00,2020-07-26,189,129,1,130,54
10123,5252,337,2020-07-25 22:00:00,2020-07-25,270,128,8,129,221
9853,5031,329,2020-07-24 22:00:00,2020-07-24,269,127,8,128,388
9584,4643,321,2020-07-23 22:00:00,2020-07-23,330,126,8,127,122
9254,4521,313,2020-07-22 22:00:00,2020-07-22,325,125,5,126,316
8929,4205,308,2020-07-21 22:00:00,2020-07-21,196,124,8,125,99
8733,4106,300,2020-07-20 22:00:00,2020-07-20,95,123,1,124,25
8638,4081,299,2020-07-19 22:00:00,2020-07-19,196,122,2,123,48
8442,4033,297,2020-07-18 22:00:00,2020-07-18,298,121,4,122,106
8144,3927,293,2020-07-17 22:00:00,2020-07-17,267,120,4,121,86
7877,3841,289,2020-07-16 22:00:00,2020-07-16,232,119,6,120,178
7645,3663,283,2020-07-15 22:00:00,2020-07-15,234,118,7,119,146
7411,3517,276,2020-07-14 22:00:00,2020-07-14,159,117,8,118,198
7252,3319,268,2020-07-13 22:00:00,2020-07-13,77,116,1,117,8
7175,3311,267,2020-07-12 22:00:00,2020-07-12,211,115,0,116,3
6964,3308,267,2020-07-11 22:00:00,2020-07-11,292,114,5,115,79
6672,3229,262,2020-07-10 22:00:00,2020-07-10,330,113,3,114,63
6342,3166,259,2020-07-09 22:00:00,2020-07-09,240,112,5,113,129
6102,3037,254,2020-07-08 22:00:00,2020-07-08,188,111,4,112,37
5914,3000,250,2020-07-07 22:00:00,2020-07-07,174,110,4,111,85
5740,2915,246,2020-07-06 22:00:00,2020-07-06,63,109,5,110,17
5677,2898,241,2020-07-05 22:00:00,2020-07-05,180,108,2,109,6
5497,2892,239,2020-07-04 22:00:00,2020-07-04,182,107,7,108,90
5315,2802,232,2020-07-03 22:00:00,2020-07-03,161,106,0,107,80
5154,2722,232,2020-07-02 22:00:00,2020-07-02,165,105,2,106,46
4989,2676,230,2020-07-01 22:00:00,2020-07-01,158,104,7,105,94
4831,2582,223,2020-06-30 22:00:00,2020-06-30,140,103,4,104,74
4691,2508,219,2020-06-29 22:00:00,2020-06-29,66,102,3,103,33
4625,2475,216,2020-06-28 22:00:00,2020-06-28,112,101,1,102,18
4513,2457,215,2020-06-27 22:00:00,2020-06-27,105,100,4,101,87
4408,2370,211,2020-06-26 22:00:00,2020-06-26,166,99,2,100,107
4242,2263,209,2020-06-25 22:00:00,2020-06-25,128,98,1,99,46
4114,2217,208,2020-06-24 22:00:00,2020-06-24,130,97,1,98,46
3984,2171,207,2020-06-23 22:00:00,2020-06-23,79,96,8,97,97
3905,2074,199,2020-06-22 22:00:00,2020-06-22,33,95,0,96,47
3872,2027,199,2020-06-21 22:00:00,2020-06-21,117,94,6,95,19
3755,2008,193,2020-06-20 22:00:00,2020-06-20,81,93,3,94,67
3674,1941,190,2020-06-19 22:00:00,2020-06-19,132,92,6,93,61
3542,1880,184,2020-06-18 22:00:00,2020-06-18,89,91,3,92,63
3453,1817,181,2020-06-17 22:00:00,2020-06-17,112,90,5,91,33
3341,1784,176,2020-06-16 22:00:00,2020-06-16,51,89,2,90,54
3290,1730,174,2020-06-15 22:00:00,2020-06-15,24,88,2,89,7
3266,1723,172,2020-06-14 22:00:00,2020-06-14,75,87,0,88,7
3191,1716,172,2020-06-13 22:00:00,2020-06-13,105,86,4,87,28
3086,1688,168,2020-06-12 22:00:00,2020-06-12,93,85,1,86,24
2993,1664,167,2020-06-11 22:00:00,2020-06-11,104,84,0,85,41
2889,1623,167,2020-06-10 22:00:00,2020-06-10,79,83,3,84,36
2810,1587,164,2020-06-09 22:00:00,2020-06-09,83,82,4,83,39
2727,1548,160,2020-06-08 22:00:00,2020-06-08,16,81,0,82,3
2711,1545,160,2020-06-07 22:00:00,2020-06-07,43,80,0,81,17
2668,1528,160,2020-06-06 22:00:00,2020-06-06,41,79,1,80,138
2627,1390,159,2020-06-05 22:00:00,2020-06-05,42,78,12,79,68
2585,1322,147,2020-06-04 22:00:00,2020-06-04,25,77,1,78,116
2560,1206,146,2020-06-03 22:00:00,2020-06-03,22,76,2,77,83
2538,1123,144,2020-06-02 22:00:00,2020-06-02,19,75,4,76,33
2519,1090,140,2020-06-01 22:00:00,2020-06-01,6,74,0,75,16
2513,1074,140,2020-05-31 22:00:00,2020-05-31,14,73,1,74,10
2499,1064,139,2020-05-30 22:00:00,2020-05-30,14,72,3,73,48
2485,1016,136,2020-05-29 22:00:00,2020-05-29,8,71,2,72,51
2477,965,134,2020-05-28 22:00:00,2020-05-28,17,70,1,71,53
2460,912,133,2020-05-27 22:00:00,2020-05-27,17,69,3,70,32
2443,880,130,2020-05-26 22:00:00,2020-05-26,10,68,0,69,18
2433,862,130,2020-05-25 22:00:00,2020-05-25,6,67,0,68,22
2427,840,130,2020-05-24 22:00:00,2020-05-24,19,66,4,67,32
2408,808,126,2020-05-23 22:00:00,2020-05-23,36,65,1,66,39
2372,769,125,2020-05-22 22:00:00,2020-05-22,41,64,5,65,42
2331,727,120,2020-05-21 22:00:00,2020-05-21,39,63,4,64,43
2292,684,116,2020-05-20 22:00:00,2020-05-20,33,62,4,63,38
2259,646,112,2020-05-19 22:00:00,2020-05-19,24,61,2,62,34
2235,612,110,2020-05-18 22:00:00,2020-05-18,24,60,2,61,14
2211,598,108,2020-05-17 22:00:00,2020-05-17,36,59,3,60,25
2175,573,105,2020-05-16 22:00:00,2020-05-16,37,58,3,59,28
2138,545,102,2020-05-15 22:00:00,2020-05-15,38,57,3,58,14
2100,531,99,2020-05-14 22:00:00,2020-05-14,31,56,3,57,32
2069,499,96,2020-05-13 22:00:00,2020-05-13,65,55,3,56,23
2004,476,93,2020-05-12 22:00:00,2020-05-12,23,54,2,55,15
1981,461,91,2020-05-11 22:00:00,2020-05-11,26,53,1,54,17
1955,444,90,2020-05-10 22:00:00,2020-05-10,44,52,2,53,22
1911,422,88,2020-05-09 22:00:00,2020-05-09,46,51,4,52,21
1865,401,84,2020-05-08 22:00:00,2020-05-08,54,50,0,51,17
1811,384,84,2020-05-07 22:00:00,2020-05-07,53,49,2,50,24
1758,360,82,2020-05-06 22:00:00,2020-05-06,69,48,4,49,18
1689,342,78,2020-05-05 22:00:00,2020-05-05,57,47,4,48,21
1632,321,74,2020-05-04 22:00:00,2020-05-04,21,46,2,47,13
1611,308,72,2020-05-03 22:00:00,2020-05-03,23,45,3,46,21
1588,287,69,2020-05-02 22:00:00,2020-05-02,47,44,3,45,11
1541,276,66,2020-05-01 22:00:00,2020-05-01,53,43,1,44,10
1488,266,65,2020-04-30 22:00:00,2020-04-30,51,42,4,43,23
1437,243,61,2020-04-29 22:00:00,2020-04-29,50,41,3,42,21
1387,222,58,2020-04-28 22:00:00,2020-04-28,39,40,2,41,16
1348,206,56,2020-04-27 22:00:00,2020-04-27,58,39,1,40,1
1290,205,55,2020-04-26 22:00:00,2020-04-26,56,38,1,39,8
1234,197,54,2020-04-25 22:00:00,2020-04-25,63,37,2,38,4
1171,193,52,2020-04-24 22:00:00,2020-04-24,90,36,2,37,3
1081,190,50,2020-04-23 22:00:00,2020-04-23,66,35,3,36,16
1015,174,47,2020-04-22 22:00:00,2020-04-22,49,34,2,35,4
966,170,45,2020-04-21 22:00:00,2020-04-21,51,33,2,34,3
915,167,43,2020-04-20 22:00:00,2020-04-20,31,32,1,33,6
884,161,42,2020-04-19 22:00:00,2020-04-19,19,31,1,32,8
865,153,41,2020-04-18 22:00:00,2020-04-18,40,30,1,31,12
825,141,40,2020-04-17 22:00:00,2020-04-17,42,29,3,30,19
783,122,37,2020-04-16 22:00:00,2020-04-16,48,28,1,29,17
735,105,36,2020-04-15 22:00:00,2020-04-15,40,27,1,28,24
695,81,35,2020-04-14 22:00:00,2020-04-14,19,26,4,27,10
676,71,31,2020-04-13 22:00:00,2020-04-13,7,25,2,26,3
669,68,29,2020-04-12 22:00:00,2020-04-12,21,24,3,25,6
648,62,26,2020-04-11 22:00:00,2020-04-11,24,23,2,24,8
624,54,24,2020-04-10 22:00:00,2020-04-10,13,22,0,23,6
611,48,24,2020-04-09 22:00:00,2020-04-09,30,21,1,22,6
581,42,23,2020-04-08 22:00:00,2020-04-08,16,20,1,21,0
565,42,22,2020-04-07 22:00:00,2020-04-07,24,19,1,20,3
541,39,21,2020-04-06 22:00:00,2020-04-06,19,18,3,19,2
522,37,18,2020-04-05 22:00:00,2020-04-05,24,17,3,18,3
498,34,15,2020-04-04 21:00:00,2020-04-04,21,16,3,17,4
477,30,12,2020-04-03 21:00:00,2020-04-03,28,15,2,16,5
449,25,10,2020-04-02 21:00:00,2020-04-02,37,14,2,15,5
412,20,8,2020-04-01 21:00:00,2020-04-01,33,13,0,14,3
379,17,8,2020-03-31 21:00:00,2020-03-31,25,12,0,13,2
354,15,8,2020-03-30 21:00:00,2020-03-30,16,11,0,12,4
338,11,8,2020-03-29 21:00:00,2020-03-29,25,10,3,11,2
313,9,5,2020-03-28 21:00:00,2020-03-28,37,9,2,10,1
276,8,3,2020-03-27 21:10:00,2020-03-27,33,8,0,9,4
243,4,3,2020-03-26 22:20:00,2020-03-26,23,7,0,8,0
220,4,3,2020-03-25 23:20:00,2020-03-25,18,6,0,7,1
202,3,3,2020-03-24 21:20:00,2020-03-24,12,5,0,6,0
190,3,3,2020-03-23 21:40:00,2020-03-23,27,4,0,5,0
163,3,3,2020-03-22 21:00:00,2020-03-22,21,3,0,4,0
142,3,3,2020-03-21 21:00:00,2020-03-21,30,2,0,3,2
112,1,3,2020-03-20 21:20:00,2020-03-20,18,1,0,2,1
94,0,3,2020-03-19 21:30:00,2020-03-19,13,0,1,1,0
81,0,2,2020-03-18 22:00:00,2020-03-18,14,0,0,0,0
67,0,2,2020-03-17 21:00:00,2020-03-17,15,0,0,0,0
52,0,2,2020-03-16 21:00:00,2020-03-16,9,0,0,0,0
43,0,2,2020-03-15 21:00:00,2020-03-15,12,0,0,0,0
31,0,2,2020-03-14 21:00:00,2020-03-14,8,0,1,0,0
23,0,1,2020-03-13 21:00:00,2020-03-13,16,0,0,0,0
7,0,1,2020-03-12 21:00:00,2020-03-12,1,0,1,0,0
6,0,0,2020-03-11 21:00:00,2020-03-11,2,0,0,0,0
4,0,0,2020-03-10 21:00:00,2020-03-10,0,0,0,0,0
4,0,0,2020-03-09 21:00:00,2020-03-09,0,0,0,0,0
4,0,0,2020-03-08 21:00:00,2020-03-08,4,0,0,0,0
0,0,0,2020-03-07 21:00:00,2020-03-07,0,0,0,0,0
0,0,0,2020-03-06 21:00:00,2020-03-06,0,0,0,0,0
0,0,0,2020-03-05 21:00:00,2020-03-05,0,0,0,0,0
0,0,0,2020-03-04 21:00:00,2020-03-04,0,0,0,0,0
0,0,0,2020-03-03 21:00:00,2020-03-03,0,0,0,0,0
0,0,0,2020-03-02 21:00:00,2020-03-02,0,0,0,0,0
0,0,0,2020-03-01 21:00:00,2020-03-01,0,0,0,0,0
0,0,0,2020-02-29 21:00:00,2020-02-29,0,0,0,0,0
0,0,0,2020-02-28 21:00:00,2020-02-28,0,0,0,0,0
0,0,0,2020-02-27 21:00:00,2020-02-27,0,0,0,0,0
0,0,0,2020-02-26 21:00:00,2020-02-26,0,0,0,0,0
0,0,0,2020-02-25 21:00:00,2020-02-25,0,0,0,0,0
0,0,0,2020-02-24 21:00:00,2020-02-24,0,0,0,0,0
0,0,0,2020-02-23 21:00:00,2020-02-23,0,0,0,0,0
0,0,0,2020-02-22 21:00:00,2020-02-22,0,0,0,0,0
0,0,0,2020-02-21 21:00:00,2020-02-21,0,0,0,0,0
0,0,0,2020-02-20 21:00:00,2020-02-20,0,0,0,0,0
0,0,0,2020-02-19 21:00:00,2020-02-19,0,0,0,0,0
0,0,0,2020-02-18 21:00:00,2020-02-18,0,0,0,0,0
0,0,0,2020-02-17 21:00:00,2020-02-17,0,0,0,0,0
0,0,0,2020-02-16 21:00:00,2020-02-16,0,0,0,0,0
0,0,0,2020-02-15 21:00:00,2020-02-15,0,0,0,0,0
0,0,0,2020-02-14 21:00:00,2020-02-14,0,0,0,0,0
0,0,0,2020-02-13 21:00:00,2020-02-13,0,0,0,0,0
0,0,0,2020-02-12 21:00:00,2020-02-12,0,0,0,0,0
0,0,0,2020-02-11 20:30:00,2020-02-11,0,0,0,0,0
0,0,0,2020-02-10 21:00:00,2020-02-10,0,0,0,0,0
0,0,0,2020-02-09 21:00:00,2020-02-09,0,0,0,0,0
0,0,0,2020-02-08 21:00:00,2020-02-08,0,0,0,0,0
0,0,0,2020-02-07 21:00:00,2020-02-07,0,0,0,0,0
0,0,0,2020-02-06 21:00:00,2020-02-06,0,0,0,0,0
0,0,0,2020-02-05 21:00:00,2020-02-05,0,0,0,0,0
0,0,0,2020-02-04 20:00:00,2020-02-04,0,0,0,0,0
0,0,0,2020-02-03 20:00:00,2020-02-03,0,0,0,0,0
0,0,0,2020-02-02 20:00:00,2020-02-02,0,0,0,0,0
0,0,0,2020-02-01 10:00:00,2020-02-01,0,0,0,0,0
0,0,0,2020-01-31 12:30:00,2020-01-31,0,0,0,0,0
0,0,0,2020-01-30 12:00:00,2020-01-30,0,0,0,0,0
0,0,0,2020-01-29 14:00:00,2020-01-29,0,0,0,0,0
0,0,0,2020-01-28 11:30:00,2020-01-28,0,0,0,0,0
0,0,0,2020-01-27 14:00:00,2020-01-27,0,0,0,0,0
0,0,0,2020-01-26 13:00:00,2020-01-26,0,0,0,0,0
0,0,0,2020-01-25 15:00:00,2020-01-25,0,0,0,0,0
0,0,0,2020-01-24 15:00:00,2020-01-24,0,0,0,0,0
0,0,0,2020-01-23 15:00:00,2020-01-23,0,0,0,0,0
0,0,0,2020-01-22 15:00:00,2020-01-22,0,0,0,0,0
0,0,0,2020-01-21 15:00:00,2020-01-21,0,0,0,0,0
