Confirmed,Recovered,Deaths,Date_last_updated_AEDT,date_day,New,DayElapsed,New_death,DayElapsed_death,New_recover
4605,1574,59,2020-07-30 22:00:00,2020-07-30,6,83,0,59,28
4599,1546,59,2020-07-29 22:00:00,2020-07-29,0,82,0,58,0
4599,1546,59,2020-07-28 22:00:00,2020-07-28,0,81,0,57,0
4599,1546,59,2020-07-27 22:00:00,2020-07-27,1,80,0,56,40
4598,1506,59,2020-07-26 22:00:00,2020-07-26,5,79,0,55,23
4593,1483,59,2020-07-25 22:00:00,2020-07-25,3,78,1,54,31
4590,1452,58,2020-07-24 22:00:00,2020-07-24,16,77,1,53,15
4574,1437,57,2020-07-23 22:00:00,2020-07-23,13,76,2,52,26
4561,1411,55,2020-07-22 22:00:00,2020-07-22,13,75,0,51,11
4548,1400,55,2020-07-21 22:00:00,2020-07-21,63,74,0,50,52
4485,1348,55,2020-07-20 22:00:00,2020-07-20,0,73,0,49,0
4485,1348,55,2020-07-19 22:00:00,2020-07-19,96,72,2,48,60
4389,1288,53,2020-07-18 22:00:00,2020-07-18,16,71,0,47,23
4373,1265,53,2020-07-17 22:00:00,2020-07-17,11,70,0,46,4
4362,1261,53,2020-07-16 22:00:00,2020-07-16,6,69,0,45,32
4356,1229,53,2020-07-15 22:00:00,2020-07-15,35,68,0,44,21
4321,1208,53,2020-07-14 22:00:00,2020-07-14,33,67,0,43,63
4288,1145,53,2020-07-13 22:00:00,2020-07-13,0,66,0,42,0
4288,1145,53,2020-07-12 22:00:00,2020-07-12,29,65,0,41,3
4259,1142,53,2020-07-11 22:00:00,2020-07-11,59,64,1,40,0
4200,1142,52,2020-07-10 22:00:00,2020-07-10,91,63,0,39,92
4109,1050,52,2020-07-09 22:00:00,2020-07-09,38,62,0,38,74
4071,976,52,2020-07-08 22:00:00,2020-07-08,38,61,0,37,6
4033,970,52,2020-07-07 22:00:00,2020-07-07,64,60,4,36,56
3969,914,48,2020-07-06 22:00:00,2020-07-06,0,59,0,35,0
3969,914,48,2020-07-05 22:00:00,2020-07-05,51,58,0,34,55
3918,859,48,2020-07-04 22:00:00,2020-07-04,130,57,1,33,49
3788,810,47,2020-07-03 22:00:00,2020-07-03,43,56,0,32,23
3745,787,47,2020-07-02 22:00:00,2020-07-02,0,55,0,31,0
3745,787,47,2020-07-01 22:00:00,2020-07-01,132,54,0,30,14
3613,773,47,2020-06-30 22:00:00,2020-06-30,184,53,2,29,74
3429,699,45,2020-06-29 22:00:00,2020-06-29,0,52,0,28,0
3429,699,45,2020-06-28 22:00:00,2020-06-28,89,51,5,27,38
3340,661,40,2020-06-27 22:00:00,2020-06-27,96,50,0,26,54
3244,607,40,2020-06-26 22:00:00,2020-06-26,145,49,2,25,35
3099,572,38,2020-06-25 22:00:00,2020-06-25,48,48,1,24,50
3051,522,37,2020-06-24 22:00:00,2020-06-24,88,47,7,23,27
2963,495,30,2020-06-23 22:00:00,2020-06-23,155,46,7,22,23
2808,472,23,2020-06-22 22:00:00,2020-06-22,0,45,0,21,0
2808,472,23,2020-06-21 22:00:00,2020-06-21,203,44,4,20,55
2605,417,19,2020-06-20 22:00:00,2020-06-20,0,43,0,19,0
2605,417,19,2020-06-19 22:00:00,2020-06-19,41,42,1,18,15
2564,402,18,2020-06-18 22:00:00,2020-06-18,154,41,4,17,6
2410,396,14,2020-06-17 22:00:00,2020-06-17,121,40,4,16,14
2289,382,10,2020-06-16 22:00:00,2020-06-16,67,39,3,15,13
2222,369,7,2020-06-15 22:00:00,2020-06-15,165,38,0,14,6
2057,363,7,2020-06-14 22:00:00,2020-06-14,0,37,0,13,0
2057,363,7,2020-06-13 22:00:00,2020-06-13,105,36,2,12,325
1952,38,5,2020-06-12 22:00:00,2020-06-12,0,35,0,11,0
1952,38,5,2020-06-11 22:00:00,2020-06-11,64,34,0,10,0
1888,38,5,2020-06-10 22:00:00,2020-06-10,38,33,0,9,0
1850,38,5,2020-06-09 22:00:00,2020-06-09,216,32,0,8,0
1634,38,5,2020-06-08 22:00:00,2020-06-08,64,31,0,7,1
1570,37,5,2020-06-07 22:00:00,2020-06-07,119,30,1,6,8
1451,29,4,2020-06-06 22:00:00,2020-06-06,163,29,0,5,6
1288,23,4,2020-06-05 22:00:00,2020-06-05,115,28,0,4,0
1173,23,4,2020-06-04 22:00:00,2020-06-04,0,27,0,3,0
1173,23,4,2020-06-03 22:00:00,2020-06-03,104,26,0,2,0
1069,23,4,2020-06-02 22:00:00,2020-06-02,58,25,2,1,0
1011,23,2,2020-06-01 22:00:00,2020-06-01,49,24,1,0,0
962,23,1,2020-05-31 22:00:00,2020-05-31,88,23,0,0,0
874,23,1,2020-05-30 22:00:00,2020-05-30,119,22,0,0,0
755,23,1,2020-05-29 22:00:00,2020-05-29,53,21,0,0,0
702,23,1,2020-05-28 22:00:00,2020-05-28,31,20,0,0,1
671,22,1,2020-05-27 22:00:00,2020-05-27,19,19,0,0,0
652,22,1,2020-05-26 22:00:00,2020-05-26,48,18,0,0,0
604,22,1,2020-05-25 22:00:00,2020-05-25,52,17,0,0,4
552,18,1,2020-05-24 22:00:00,2020-05-24,73,16,1,0,0
479,18,0,2020-05-23 22:00:00,2020-05-23,43,15,0,0,0
436,18,0,2020-05-22 22:00:00,2020-05-22,18,14,0,0,0
418,18,0,2020-05-21 22:00:00,2020-05-21,52,13,0,0,0
366,18,0,2020-05-20 22:00:00,2020-05-20,39,12,0,0,5
327,13,0,2020-05-19 22:00:00,2020-05-19,0,11,0,0,0
327,13,0,2020-05-18 22:00:00,2020-05-18,0,10,0,0,0
327,13,0,2020-05-17 22:00:00,2020-05-17,26,9,0,0,0
301,13,0,2020-05-16 22:00:00,2020-05-16,158,8,0,0,3
143,10,0,2020-05-15 22:00:00,2020-05-15,0,7,0,0,0
143,10,0,2020-05-14 22:00:00,2020-05-14,0,6,0,0,0
143,10,0,2020-05-13 22:00:00,2020-05-13,0,5,0,0,0
143,10,0,2020-05-12 22:00:00,2020-05-12,0,4,0,0,0
143,10,0,2020-05-11 22:00:00,2020-05-11,0,3,0,0,0
143,10,0,2020-05-10 22:00:00,2020-05-10,0,2,0,0,0
143,10,0,2020-05-09 22:00:00,2020-05-09,49,1,0,0,0
94,10,0,2020-05-08 22:00:00,2020-05-08,0,0,0,0,0
94,10,0,2020-05-07 22:00:00,2020-05-07,9,0,0,0,0
85,10,0,2020-05-06 22:00:00,2020-05-06,0,0,0,0,0
85,10,0,2020-05-05 22:00:00,2020-05-05,13,0,0,0,0
72,10,0,2020-05-04 22:00:00,2020-05-04,0,0,0,0,0
72,10,0,2020-05-03 22:00:00,2020-05-03,0,0,0,0,0
72,10,0,2020-05-02 22:00:00,2020-05-02,8,0,0,0,0
64,10,0,2020-05-01 22:00:00,2020-05-01,14,0,0,0,0
50,10,0,2020-04-30 22:00:00,2020-04-30,0,0,0,0,0
50,10,0,2020-04-29 22:00:00,2020-04-29,0,0,0,0,0
50,10,0,2020-04-28 22:00:00,2020-04-28,31,0,0,0,0
19,10,0,2020-04-27 22:00:00,2020-04-27,0,0,0,0,0
19,10,0,2020-04-26 22:00:00,2020-04-26,3,0,0,0,0
16,10,0,2020-04-25 22:00:00,2020-04-25,0,0,0,0,0
16,10,0,2020-04-24 22:00:00,2020-04-24,2,0,0,0,0
14,10,0,2020-04-23 22:00:00,2020-04-23,0,0,0,0,0
14,10,0,2020-04-22 22:00:00,2020-04-22,2,0,0,0,6
12,4,0,2020-04-21 22:00:00,2020-04-21,0,0,0,0,0
12,4,0,2020-04-20 22:00:00,2020-04-20,0,0,0,0,0
12,4,0,2020-04-19 22:00:00,2020-04-19,0,0,0,0,0
12,4,0,2020-04-18 22:00:00,2020-04-18,0,0,0,0,0
12,4,0,2020-04-17 22:00:00,2020-04-17,0,0,0,0,0
12,4,0,2020-04-16 22:00:00,2020-04-16,1,0,0,0,0
11,4,0,2020-04-15 22:00:00,2020-04-15,0,0,0,0,1
11,3,0,2020-04-14 22:00:00,2020-04-14,0,0,0,0,0
11,3,0,2020-04-13 22:00:00,2020-04-13,3,0,0,0,3
8,0,0,2020-04-12 22:00:00,2020-04-12,0,0,0,0,0
8,0,0,2020-04-11 22:00:00,2020-04-11,0,0,0,0,0
8,0,0,2020-04-10 22:00:00,2020-04-10,0,0,0,0,0
8,0,0,2020-04-09 22:00:00,2020-04-09,0,0,0,0,0
8,0,0,2020-04-08 22:00:00,2020-04-08,0,0,0,0,0
8,0,0,2020-04-07 22:00:00,2020-04-07,0,0,0,0,0
8,0,0,2020-04-06 22:00:00,2020-04-06,0,0,0,0,0
8,0,0,2020-04-05 22:00:00,2020-04-05,0,0,0,0,0
8,0,0,2020-04-04 21:00:00,2020-04-04,0,0,0,0,0
8,0,0,2020-04-03 21:00:00,2020-04-03,5,0,0,0,0
3,0,0,2020-04-02 21:00:00,2020-04-02,0,0,0,0,0
3,0,0,2020-04-01 21:00:00,2020-04-01,0,0,0,0,0
3,0,0,2020-03-31 21:00:00,2020-03-31,0,0,0,0,0
3,0,0,2020-03-30 21:00:00,2020-03-30,0,0,0,0,0
3,0,0,2020-03-29 21:00:00,2020-03-29,0,0,0,0,0
3,0,0,2020-03-28 21:00:00,2020-03-28,0,0,0,0,0
3,0,0,2020-03-27 21:10:00,2020-03-27,0,0,0,0,0
3,0,0,2020-03-26 22:20:00,2020-03-26,0,0,0,0,0
3,0,0,2020-03-25 23:20:00,2020-03-25,0,0,0,0,0
3,0,0,2020-03-24 21:20:00,2020-03-24,0,0,0,0,0
3,0,0,2020-03-23 21:40:00,2020-03-23,0,0,0,0,0
3,0,0,2020-03-22 21:00:00,2020-03-22,0,0,0,0,0
3,0,0,2020-03-21 21:00:00,2020-03-21,1,0,0,0,0
2,0,0,2020-03-20 21:20:00,2020-03-20,1,0,0,0,0
1,0,0,2020-03-19 21:30:00,2020-03-19,0,0,0,0,0
1,0,0,2020-03-18 22:00:00,2020-03-18,0,0,0,0,0
1,0,0,2020-03-17 21:00:00,2020-03-17,0,0,0,0,0
1,0,0,2020-03-16 21:00:00,2020-03-16,0,0,0,0,0
1,0,0,2020-03-15 21:00:00,2020-03-15,1,0,0,0,0
0,0,0,2020-03-14 21:00:00,2020-03-14,0,0,0,0,0
0,0,0,2020-03-13 21:00:00,2020-03-13,0,0,0,0,0
0,0,0,2020-03-12 21:00:00,2020-03-12,0,0,0,0,0
0,0,0,2020-03-11 21:00:00,2020-03-11,0,0,0,0,0
0,0,0,2020-03-10 21:00:00,2020-03-10,0,0,0,0,0
0,0,0,2020-03-09 21:00:00,2020-03-09,0,0,0,0,0
0,0,0,2020-03-08 21:00:00,2020-03-08,0,0,0,0,0
0,0,0,2020-03-07 21:00:00,2020-03-07,0,0,0,0,0
0,0,0,2020-03-06 21:00:00,2020-03-06,0,0,0,0,0
0,0,0,2020-03-05 21:00:00,2020-03-05,0,0,0,0,0
0,0,0,2020-03-04 21:00:00,2020-03-04,0,0,0,0,0
0,0,0,2020-03-03 21:00:00,2020-03-03,0,0,0,0,0
0,0,0,2020-03-02 21:00:00,2020-03-02,0,0,0,0,0
0,0,0,2020-03-01 21:00:00,2020-03-01,0,0,0,0,0
0,0,0,2020-02-29 21:00:00,2020-02-29,0,0,0,0,0
0,0,0,2020-02-28 21:00:00,2020-02-28,0,0,0,0,0
0,0,0,2020-02-27 21:00:00,2020-02-27,0,0,0,0,0
0,0,0,2020-02-26 21:00:00,2020-02-26,0,0,0,0,0
0,0,0,2020-02-25 21:00:00,2020-02-25,0,0,0,0,0
0,0,0,2020-02-24 21:00:00,2020-02-24,0,0,0,0,0
0,0,0,2020-02-23 21:00:00,2020-02-23,0,0,0,0,0
0,0,0,2020-02-22 21:00:00,2020-02-22,0,0,0,0,0
0,0,0,2020-02-21 21:00:00,2020-02-21,0,0,0,0,0
0,0,0,2020-02-20 21:00:00,2020-02-20,0,0,0,0,0
0,0,0,2020-02-19 21:00:00,2020-02-19,0,0,0,0,0
0,0,0,2020-02-18 21:00:00,2020-02-18,0,0,0,0,0
0,0,0,2020-02-17 21:00:00,2020-02-17,0,0,0,0,0
0,0,0,2020-02-16 21:00:00,2020-02-16,0,0,0,0,0
0,0,0,2020-02-15 21:00:00,2020-02-15,0,0,0,0,0
0,0,0,2020-02-14 21:00:00,2020-02-14,0,0,0,0,0
0,0,0,2020-02-13 21:00:00,2020-02-13,0,0,0,0,0
0,0,0,2020-02-12 21:00:00,2020-02-12,0,0,0,0,0
0,0,0,2020-02-11 20:30:00,2020-02-11,0,0,0,0,0
0,0,0,2020-02-10 21:00:00,2020-02-10,0,0,0,0,0
0,0,0,2020-02-09 21:00:00,2020-02-09,0,0,0,0,0
0,0,0,2020-02-08 21:00:00,2020-02-08,0,0,0,0,0
0,0,0,2020-02-07 21:00:00,2020-02-07,0,0,0,0,0
0,0,0,2020-02-06 21:00:00,2020-02-06,0,0,0,0,0
0,0,0,2020-02-05 21:00:00,2020-02-05,0,0,0,0,0
0,0,0,2020-02-04 20:00:00,2020-02-04,0,0,0,0,0
0,0,0,2020-02-03 20:00:00,2020-02-03,0,0,0,0,0
0,0,0,2020-02-02 20:00:00,2020-02-02,0,0,0,0,0
0,0,0,2020-02-01 10:00:00,2020-02-01,0,0,0,0,0
0,0,0,2020-01-31 12:30:00,2020-01-31,0,0,0,0,0
0,0,0,2020-01-30 12:00:00,2020-01-30,0,0,0,0,0
0,0,0,2020-01-29 14:00:00,2020-01-29,0,0,0,0,0
0,0,0,2020-01-28 11:30:00,2020-01-28,0,0,0,0,0
0,0,0,2020-01-27 14:00:00,2020-01-27,0,0,0,0,0
0,0,0,2020-01-26 13:00:00,2020-01-26,0,0,0,0,0
0,0,0,2020-01-25 15:00:00,2020-01-25,0,0,0,0,0
0,0,0,2020-01-24 15:00:00,2020-01-24,0,0,0,0,0
0,0,0,2020-01-23 15:00:00,2020-01-23,0,0,0,0,0
0,0,0,2020-01-22 15:00:00,2020-01-22,0,0,0,0,0
0,0,0,2020-01-21 15:00:00,2020-01-21,0,0,0,0,0
