Confirmed,Recovered,Deaths,Date_last_updated_AEDT,date_day,New,DayElapsed,New_death,DayElapsed_death,New_recover
84169,78958,4634,2020-07-30 22:00:00,2020-07-30,112,192,0,192,13
84057,78945,4634,2020-07-29 22:00:00,2020-07-29,95,191,0,191,10
83962,78935,4634,2020-07-28 22:00:00,2020-07-28,68,190,0,190,16
83894,78919,4634,2020-07-27 22:00:00,2020-07-27,61,189,0,189,10
83833,78909,4634,2020-07-26 22:00:00,2020-07-26,46,188,0,188,20
83787,78889,4634,2020-07-25 22:00:00,2020-07-25,25,187,0,187,16
83762,78873,4634,2020-07-24 22:00:00,2020-07-24,28,186,0,186,18
83734,78855,4634,2020-07-23 22:00:00,2020-07-23,24,185,0,185,15
83710,78840,4634,2020-07-22 22:00:00,2020-07-22,14,184,0,184,22
83696,78818,4634,2020-07-21 22:00:00,2020-07-21,11,183,0,183,18
83685,78800,4634,2020-07-20 22:00:00,2020-07-20,22,182,0,182,20
83663,78780,4634,2020-07-19 22:00:00,2020-07-19,16,181,0,181,22
83647,78758,4634,2020-07-18 22:00:00,2020-07-18,17,180,0,180,16
83630,78742,4634,2020-07-17 22:00:00,2020-07-17,14,179,0,179,22
83616,78720,4634,2020-07-16 22:00:00,2020-07-16,2,178,0,178,26
83614,78694,4634,2020-07-15 22:00:00,2020-07-15,6,177,0,177,19
83608,78675,4634,2020-07-14 22:00:00,2020-07-14,3,176,0,176,26
83605,78649,4634,2020-07-13 22:00:00,2020-07-13,8,175,0,175,14
83597,78635,4634,2020-07-12 22:00:00,2020-07-12,7,174,0,174,11
83590,78624,4634,2020-07-11 22:00:00,2020-07-11,2,173,0,173,14
83588,78610,4634,2020-07-10 22:00:00,2020-07-10,4,172,0,172,19
83584,78591,4634,2020-07-09 22:00:00,2020-07-09,9,171,0,171,42
83575,78549,4634,2020-07-08 22:00:00,2020-07-08,7,170,0,170,20
83568,78529,4634,2020-07-07 22:00:00,2020-07-07,8,169,0,169,10
83560,78519,4634,2020-07-06 22:00:00,2020-07-06,3,168,0,168,3
83557,78516,4634,2020-07-05 22:00:00,2020-07-05,8,167,0,167,6
83549,78510,4634,2020-07-04 22:00:00,2020-07-04,4,166,0,166,10
83545,78500,4634,2020-07-03 22:00:00,2020-07-03,5,165,0,165,12
83540,78488,4634,2020-07-02 22:00:00,2020-07-02,3,164,0,164,7
83537,78481,4634,2020-07-01 22:00:00,2020-07-01,3,163,0,163,10
83534,78471,4634,2020-06-30 22:00:00,2020-06-30,19,162,0,162,9
83515,78462,4634,2020-06-29 22:00:00,2020-06-29,12,161,0,161,10
83503,78452,4634,2020-06-28 22:00:00,2020-06-28,17,160,0,160,7
83486,78445,4634,2020-06-27 22:00:00,2020-06-27,21,159,0,159,3
83465,78442,4634,2020-06-26 22:00:00,2020-06-26,13,158,0,158,6
83452,78436,4634,2020-06-25 22:00:00,2020-06-25,18,157,0,157,5
83434,78431,4634,2020-06-24 22:00:00,2020-06-24,13,156,0,156,4
83421,78427,4634,2020-06-23 22:00:00,2020-06-23,21,155,0,155,11
83400,78416,4634,2020-06-22 22:00:00,2020-06-22,17,154,0,154,1
83383,78415,4634,2020-06-21 22:00:00,2020-06-21,28,153,0,153,2
83355,78413,4634,2020-06-20 22:00:00,2020-06-20,27,152,0,152,12
83328,78401,4634,2020-06-19 22:00:00,2020-06-19,32,151,0,151,4
83296,78397,4634,2020-06-18 22:00:00,2020-06-18,27,150,0,150,14
83269,78383,4634,2020-06-17 22:00:00,2020-06-17,45,149,0,149,3
83224,78380,4634,2020-06-16 22:00:00,2020-06-16,40,148,0,148,7
83184,78373,4634,2020-06-15 22:00:00,2020-06-15,47,147,0,147,2
83137,78371,4634,2020-06-14 22:00:00,2020-06-14,59,146,0,146,1
83078,78370,4634,2020-06-13 22:00:00,2020-06-13,9,145,0,145,3
83069,78367,4634,2020-06-12 22:00:00,2020-06-12,10,144,0,144,3
83059,78364,4634,2020-06-11 22:00:00,2020-06-11,11,143,0,143,5
83048,78359,4634,2020-06-10 22:00:00,2020-06-10,2,142,0,142,5
83046,78354,4634,2020-06-09 22:00:00,2020-06-09,3,141,0,141,11
83043,78343,4634,2020-06-08 22:00:00,2020-06-08,4,140,0,140,7
83039,78336,4634,2020-06-07 22:00:00,2020-06-07,6,139,0,139,4
83033,78332,4634,2020-06-06 22:00:00,2020-06-06,3,138,0,138,1
83030,78331,4634,2020-06-05 22:00:00,2020-06-05,5,137,0,137,8
83025,78323,4634,2020-06-04 22:00:00,2020-06-04,1,136,0,136,5
83024,78318,4634,2020-06-03 22:00:00,2020-06-03,2,135,0,135,3
83022,78315,4634,2020-06-02 22:00:00,2020-06-02,4,134,0,134,9
83018,78306,4634,2020-06-01 22:00:00,2020-06-01,17,133,0,133,2
83001,78304,4634,2020-05-31 22:00:00,2020-05-31,2,132,0,132,2
82999,78302,4634,2020-05-30 22:00:00,2020-05-30,4,131,0,131,3
82995,78299,4634,2020-05-29 22:00:00,2020-05-29,0,130,0,130,8
82995,78291,4634,2020-05-28 22:00:00,2020-05-28,2,129,0,129,9
82993,78282,4634,2020-05-27 22:00:00,2020-05-27,1,128,0,128,4
82992,78278,4634,2020-05-26 22:00:00,2020-05-26,7,127,0,127,6
82985,78272,4634,2020-05-25 22:00:00,2020-05-25,11,126,0,126,9
82974,78263,4634,2020-05-24 22:00:00,2020-05-24,3,125,0,125,5
82971,78258,4634,2020-05-23 22:00:00,2020-05-23,0,124,0,124,3
82971,78255,4634,2020-05-22 22:00:00,2020-05-22,4,123,0,123,3
82967,78252,4634,2020-05-21 22:00:00,2020-05-21,1,122,0,122,5
82966,78247,4634,2020-05-20 22:00:00,2020-05-20,3,121,0,121,5
82963,78242,4634,2020-05-19 22:00:00,2020-05-19,9,120,0,120,4
82954,78238,4634,2020-05-18 22:00:00,2020-05-18,7,119,0,119,11
82947,78227,4634,2020-05-17 22:00:00,2020-05-17,6,118,1,118,7
82941,78220,4633,2020-05-16 22:00:00,2020-05-16,8,117,0,117,10
82933,78210,4633,2020-05-15 22:00:00,2020-05-15,4,116,0,116,10
82929,78200,4633,2020-05-14 22:00:00,2020-05-14,3,115,0,115,9
82926,78191,4633,2020-05-13 22:00:00,2020-05-13,7,114,0,114,16
82919,78175,4633,2020-05-12 22:00:00,2020-05-12,4,113,0,113,31
82915,78144,4633,2020-05-11 22:00:00,2020-05-11,13,112,0,112,25
82902,78119,4633,2020-05-10 22:00:00,2020-05-10,15,111,0,111,70
82887,78049,4633,2020-05-09 22:00:00,2020-05-09,0,110,0,110,56
82887,77993,4633,2020-05-08 22:00:00,2020-05-08,2,109,0,109,36
82885,77957,4633,2020-05-07 22:00:00,2020-05-07,2,108,0,108,21
82883,77936,4633,2020-05-06 22:00:00,2020-05-06,2,107,0,107,82
82881,77854,4633,2020-05-05 22:00:00,2020-05-05,1,106,0,106,88
82880,77766,4633,2020-05-04 22:00:00,2020-05-04,3,105,0,105,53
82877,77713,4633,2020-05-03 22:00:00,2020-05-03,2,104,0,104,28
82875,77685,4633,2020-05-02 22:00:00,2020-05-02,1,103,0,103,25
82874,77660,4633,2020-05-01 22:00:00,2020-05-01,15,102,0,102,50
82859,77610,4633,2020-04-30 22:00:00,2020-04-30,1,101,0,101,19
82858,77591,4633,2020-04-29 22:00:00,2020-04-29,2,100,0,100,44
82856,77547,4633,2020-04-28 22:00:00,2020-04-28,26,99,0,99,60
82830,77487,4633,2020-04-27 22:00:00,2020-04-27,11,98,1,98,129
82819,77358,4632,2020-04-26 22:00:00,2020-04-26,0,97,0,97,0
82819,77358,4632,2020-04-25 22:00:00,2020-04-25,15,96,0,96,87
82804,77271,4632,2020-04-24 22:00:00,2020-04-24,6,95,0,95,64
82798,77207,4632,2020-04-23 22:00:00,2020-04-23,8,94,0,94,52
82790,77155,4632,2020-04-22 22:00:00,2020-04-22,11,93,0,93,32
82779,77123,4632,2020-04-21 22:00:00,2020-04-21,32,92,0,92,39
82747,77084,4632,2020-04-20 22:00:00,2020-04-20,12,91,0,91,22
82735,77062,4632,2020-04-19 22:00:00,2020-04-19,16,90,0,90,33
82719,77029,4632,2020-04-18 22:00:00,2020-04-18,27,89,0,89,51
82692,76978,4632,2020-04-17 22:00:00,2020-04-17,26,88,0,88,30
82666,76948,4632,2020-04-16 22:00:00,2020-04-16,371,87,1290,87,-885
82295,77833,3342,2020-04-15 22:00:00,2020-04-15,45,86,1,86,95
82250,77738,3341,2020-04-14 22:00:00,2020-04-14,90,85,0,85,75
82160,77663,3341,2020-04-13 22:00:00,2020-04-13,108,84,2,84,80
82052,77583,3339,2020-04-12 22:00:00,2020-04-12,82,83,0,83,55
81970,77528,3339,2020-04-11 22:00:00,2020-04-11,63,82,3,82,83
81907,77445,3336,2020-04-10 22:00:00,2020-04-10,42,81,1,81,69
81865,77376,3335,2020-04-09 22:00:00,2020-04-09,60,80,3,80,97
81805,77279,3332,2020-04-08 22:00:00,2020-04-08,65,79,1,79,95
81740,77184,3331,2020-04-07 22:00:00,2020-04-07,32,78,0,78,100
81708,77084,3331,2020-04-06 22:00:00,2020-04-06,39,77,2,77,120
81669,76964,3329,2020-04-05 22:00:00,2020-04-05,30,76,3,76,213
81639,76751,3326,2020-04-04 21:00:00,2020-04-04,25,75,4,75,184
81614,76567,3322,2020-04-03 21:00:00,2020-04-03,25,74,4,74,159
81589,76408,3318,2020-04-02 21:00:00,2020-04-02,49,73,12,73,346
81540,76062,3306,2020-04-01 21:00:00,2020-04-01,27,72,1,72,2
81513,76060,3305,2020-03-31 21:00:00,2020-03-31,34,71,1,71,283
81479,75777,3304,2020-03-30 21:00:00,2020-03-30,36,70,4,70,329
81443,75448,3300,2020-03-29 21:00:00,2020-03-29,43,69,5,69,476
81400,74972,3295,2020-03-28 21:00:00,2020-03-28,59,68,3,68,381
81341,74591,3292,2020-03-27 21:10:00,2020-03-27,86,67,5,67,543
81255,74048,3287,2020-03-26 22:20:00,2020-03-26,34,66,6,66,396
81221,73652,3281,2020-03-25 23:20:00,2020-03-25,54,65,4,65,491
81167,73161,3277,2020-03-24 21:20:00,2020-03-24,51,64,7,64,451
81116,72710,3270,2020-03-23 21:40:00,2020-03-23,59,63,9,63,460
81057,72250,3261,2020-03-22 21:00:00,2020-03-22,44,62,6,62,501
81013,71749,3255,2020-03-21 21:00:00,2020-03-21,36,61,6,61,591
80977,71158,3249,2020-03-20 21:20:00,2020-03-20,48,60,4,60,728
80929,70430,3245,2020-03-19 21:30:00,2020-03-19,23,59,8,59,817
80906,69613,3237,2020-03-18 22:00:00,2020-03-18,23,58,12,58,920
80883,68693,3225,2020-03-17 21:00:00,2020-03-17,17,57,12,57,931
80866,67762,3213,2020-03-16 21:00:00,2020-03-16,28,56,14,56,836
80838,66926,3199,2020-03-15 21:00:00,2020-03-15,14,55,10,55,1359
80824,65567,3189,2020-03-14 21:00:00,2020-03-14,23,54,13,54,1448
80801,64119,3176,2020-03-13 21:00:00,2020-03-13,8,53,7,53,1308
80793,62811,3169,2020-03-12 21:00:00,2020-03-12,15,52,11,52,1255
80778,61556,3158,2020-03-11 21:00:00,2020-03-11,24,51,22,51,1460
80754,60096,3136,2020-03-10 21:00:00,2020-03-10,19,50,17,50,1390
80735,58706,3119,2020-03-09 21:00:00,2020-03-09,40,49,22,49,1484
80695,57222,3097,2020-03-08 21:00:00,2020-03-08,44,48,27,48,1819
80651,55403,3070,2020-03-07 21:00:00,2020-03-07,100,47,28,47,1615
80551,53788,3042,2020-03-06 21:00:00,2020-03-06,143,46,30,46,1587
80408,52201,3012,2020-03-05 21:00:00,2020-03-05,142,45,31,45,2295
80266,49906,2981,2020-03-04 21:00:00,2020-03-04,115,44,38,44,2571
80151,47335,2943,2020-03-03 21:00:00,2020-03-03,125,43,31,43,2789
80026,44546,2912,2020-03-02 21:00:00,2020-03-02,203,42,42,42,2476
79823,42070,2870,2020-03-01 21:00:00,2020-03-01,572,41,35,41,2918
79251,39152,2835,2020-02-29 21:00:00,2020-02-29,427,40,47,40,2884
78824,36268,2788,2020-02-28 21:00:00,2020-02-28,327,39,44,39,3474
78497,32794,2744,2020-02-27 21:00:00,2020-02-27,433,38,29,38,2796
78064,29998,2715,2020-02-26 21:00:00,2020-02-26,404,37,52,37,2447
77660,27551,2663,2020-02-25 21:00:00,2020-02-25,510,36,71,36,2636
77150,24915,2592,2020-02-24 21:00:00,2020-02-24,214,35,150,35,1814
76936,23101,2442,2020-02-23 21:00:00,2020-02-23,645,34,97,34,2083
76291,21018,2345,2020-02-22 21:00:00,2020-02-22,1044,33,109,33,2411
75247,18607,2236,2020-02-21 21:00:00,2020-02-21,669,32,118,32,1959
74578,16648,2118,2020-02-20 21:00:00,2020-02-20,394,31,112,31,1893
74184,14755,2006,2020-02-19 21:00:00,2020-02-19,1746,30,138,30,1839
72438,12916,1868,2020-02-18 21:00:00,2020-02-18,1885,29,98,29,1767
70553,11149,1770,2020-02-17 21:00:00,2020-02-17,2046,28,105,28,1485
68507,9664,1665,2020-02-16 21:00:00,2020-02-16,2011,27,142,27,1311
66496,8353,1523,2020-02-15 21:00:00,2020-02-15,2634,26,142,26,1356
63862,6997,1381,2020-02-14 21:00:00,2020-02-14,4040,25,14,25,857
59822,6140,1367,2020-02-13 21:00:00,2020-02-13,15137,24,253,24,1165
44685,4975,1114,2020-02-12 21:00:00,2020-02-12,2027,23,98,23,795
42658,4180,1016,2020-02-11 20:30:00,2020-02-11,2463,22,108,22,713
40195,3467,908,2020-02-10 21:00:00,2020-02-10,2965,21,96,21,641
37230,2826,812,2020-02-09 21:00:00,2020-02-09,2621,20,89,20,501
34609,2325,723,2020-02-08 21:00:00,2020-02-08,3422,19,87,19,661
31187,1664,636,2020-02-07 21:00:00,2020-02-07,3102,18,73,18,366
28085,1298,563,2020-02-06 21:00:00,2020-02-06,3700,17,71,17,337
24385,961,492,2020-02-05 21:00:00,2020-02-05,3902,16,67,16,273
20483,688,425,2020-02-04 20:00:00,2020-02-04,3181,15,64,15,201
17302,487,361,2020-02-03 20:00:00,2020-02-03,2851,14,57,14,148
14451,339,304,2020-02-02 20:00:00,2020-02-02,3230,13,45,13,98
11221,241,259,2020-02-01 10:00:00,2020-02-01,1563,12,46,12,62
9658,179,213,2020-01-31 12:30:00,2020-01-31,1980,11,43,11,52
7678,127,170,2020-01-30 12:00:00,2020-01-30,1708,10,38,10,23
5970,104,132,2020-01-29 14:00:00,2020-01-29,1561,9,26,9,44
4409,60,106,2020-01-28 11:30:00,2020-01-28,1672,8,26,8,9
2737,51,80,2020-01-27 14:00:00,2020-01-27,758,7,24,7,2
1979,49,56,2020-01-26 13:00:00,2020-01-26,659,6,15,6,11
1320,38,41,2020-01-25 15:00:00,2020-01-25,455,5,15,5,4
865,34,26,2020-01-24 15:00:00,2020-01-24,226,4,8,4,4
639,30,18,2020-01-23 15:00:00,2020-01-23,90,3,1,3,30
549,0,17,2020-01-22 15:00:00,2020-01-22,222,2,11,2,0
327,0,6,2020-01-21 15:00:00,2020-01-21,0,1,0,1,0
