Confirmed,Recovered,Deaths,Date_last_updated_AEDT,date_day,New,DayElapsed,New_death,DayElapsed_death,New_recover
48412,4275,1851,2020-08-05 22:00:00,2020-08-05,424,144,5,139,0
47988,4275,1846,2020-08-04 22:00:00,2020-08-04,240,143,0,138,0
47748,4275,1846,2020-08-03 22:00:00,2020-08-03,462,142,1,137,0
47286,4275,1845,2020-08-02 22:00:00,2020-08-02,477,141,6,136,0
46809,4275,1839,2020-08-01 22:00:00,2020-08-01,580,140,16,135,0
46229,4275,1823,2020-07-31 22:00:00,2020-07-31,354,139,1,134,0
45875,4275,1822,2020-07-30 22:00:00,2020-07-30,551,138,15,133,604
45324,3671,1807,2020-07-29 22:00:00,2020-07-29,739,137,8,132,0
44585,3671,1799,2020-07-28 22:00:00,2020-07-28,231,136,5,131,0
44354,3671,1794,2020-07-27 22:00:00,2020-07-27,549,135,1,130,0
43805,3671,1793,2020-07-26 22:00:00,2020-07-26,803,134,4,129,0
43002,3671,1789,2020-07-25 22:00:00,2020-07-25,668,133,4,128,0
42334,3671,1785,2020-07-24 22:00:00,2020-07-24,1263,132,14,127,0
41071,3671,1771,2020-07-23 22:00:00,2020-07-23,0,131,8,126,0
41071,3671,1763,2020-07-22 22:00:00,2020-07-22,425,130,4,125,0
40646,3671,1759,2020-07-21 22:00:00,2020-07-21,497,129,6,124,193
40149,3478,1753,2020-07-20 22:00:00,2020-07-20,318,128,0,123,0
39831,3478,1753,2020-07-19 22:00:00,2020-07-19,477,127,2,122,0
39354,3478,1751,2020-07-18 22:00:00,2020-07-18,530,126,5,121,0
38824,3478,1746,2020-07-17 22:00:00,2020-07-17,566,125,1,120,75
38258,3403,1745,2020-07-16 22:00:00,2020-07-16,499,124,6,119,46
37759,3357,1739,2020-07-15 22:00:00,2020-07-15,506,123,12,118,48
37253,3309,1727,2020-07-14 22:00:00,2020-07-14,339,122,2,117,127
36914,3182,1725,2020-07-13 22:00:00,2020-07-13,320,121,0,116,0
36594,3182,1725,2020-07-12 22:00:00,2020-07-12,402,120,1,115,0
36192,3182,1724,2020-07-11 22:00:00,2020-07-11,566,119,15,114,0
35626,3182,1709,2020-07-10 22:00:00,2020-07-10,510,118,0,113,155
35116,3027,1709,2020-07-09 22:00:00,2020-07-09,450,117,0,112,0
34666,3027,1709,2020-07-08 22:00:00,2020-07-08,391,116,4,111,0
34275,3027,1705,2020-07-07 22:00:00,2020-07-07,159,115,2,110,0
34116,3027,1703,2020-07-06 22:00:00,2020-07-06,245,114,1,109,106
33871,2921,1702,2020-07-05 22:00:00,2020-07-05,253,113,0,108,0
33618,2921,1702,2020-07-04 22:00:00,2020-07-04,258,112,0,107,0
33360,2921,1702,2020-07-03 22:00:00,2020-07-03,324,111,6,106,84
33036,2837,1696,2020-07-02 22:00:00,2020-07-02,301,110,6,105,0
32735,2837,1690,2020-07-01 22:00:00,2020-07-01,219,109,9,104,7
32516,2830,1681,2020-06-30 22:00:00,2020-06-30,178,108,5,103,0
32338,2830,1676,2020-06-29 22:00:00,2020-06-29,268,107,2,102,31
32070,2799,1674,2020-06-28 22:00:00,2020-06-28,232,106,0,101,0
31838,2799,1674,2020-06-27 22:00:00,2020-06-27,354,105,5,100,53
31484,2746,1669,2020-06-26 22:00:00,2020-06-26,288,104,1,99,0
31196,2746,1668,2020-06-25 22:00:00,2020-06-25,296,103,3,98,66
30900,2680,1665,2020-06-24 22:00:00,2020-06-24,181,102,14,97,0
30719,2680,1651,2020-06-23 22:00:00,2020-06-23,166,101,4,96,0
30553,2680,1647,2020-06-22 22:00:00,2020-06-22,200,100,0,95,17
30353,2663,1647,2020-06-21 22:00:00,2020-06-21,135,99,3,94,0
30218,2663,1644,2020-06-20 22:00:00,2020-06-20,295,98,5,93,40
29923,2623,1639,2020-06-19 22:00:00,2020-06-19,229,97,6,92,14
29694,2609,1633,2020-06-18 22:00:00,2020-06-18,245,96,15,91,40
29449,2569,1618,2020-06-17 22:00:00,2020-06-17,124,95,13,90,0
29325,2569,1605,2020-06-16 22:00:00,2020-06-16,176,94,7,89,0
29149,2569,1598,2020-06-15 22:00:00,2020-06-15,119,93,1,88,40
29030,2529,1597,2020-06-14 22:00:00,2020-06-14,188,92,13,87,0
28842,2529,1584,2020-06-13 22:00:00,2020-06-13,175,91,2,86,41
28667,2488,1582,2020-06-12 22:00:00,2020-06-12,150,90,9,85,63
28517,2425,1573,2020-06-11 22:00:00,2020-06-11,163,89,19,84,21
28354,2404,1554,2020-06-10 22:00:00,2020-06-10,321,88,11,83,0
28033,2404,1543,2020-06-09 22:00:00,2020-06-09,15,87,16,82,85
28018,2319,1527,2020-06-08 22:00:00,2020-06-08,137,86,0,81,0
27881,2319,1527,2020-06-07 22:00:00,2020-06-07,240,85,3,80,0
27641,2319,1524,2020-06-06 22:00:00,2020-06-06,270,84,12,79,92
27371,2227,1512,2020-06-05 22:00:00,2020-06-05,288,83,18,78,0
27083,2227,1494,2020-06-04 22:00:00,2020-06-04,269,82,19,77,48
26814,2179,1475,2020-06-03 22:00:00,2020-06-03,237,81,17,76,61
26577,2118,1458,2020-06-02 22:00:00,2020-06-02,198,80,13,75,0
26379,2118,1445,2020-06-01 22:00:00,2020-06-01,266,79,2,74,46
26113,2072,1443,2020-05-31 22:00:00,2020-05-31,449,78,7,73,30
25664,2042,1436,2020-05-30 22:00:00,2020-05-30,512,77,15,72,276
25152,1766,1421,2020-05-29 22:00:00,2020-05-29,327,76,29,71,5
24825,1761,1392,2020-05-28 22:00:00,2020-05-28,251,75,40,70,39
24574,1722,1352,2020-05-27 22:00:00,2020-05-27,282,74,17,69,24
24292,1698,1335,2020-05-26 22:00:00,2020-05-26,118,73,0,68,207
24174,1491,1335,2020-05-25 22:00:00,2020-05-25,179,72,5,67,0
23995,1491,1330,2020-05-24 22:00:00,2020-05-24,471,71,5,66,0
23524,1491,1325,2020-05-23 22:00:00,2020-05-23,333,70,14,65,0
23191,1491,1311,2020-05-22 22:00:00,2020-05-22,394,69,11,64,0
22797,1491,1300,2020-05-21 22:00:00,2020-05-21,278,68,42,63,0
22519,1491,1258,2020-05-20 22:00:00,2020-05-20,317,67,33,62,0
22202,1491,1225,2020-05-19 22:00:00,2020-05-19,240,66,9,61,0
21962,1491,1216,2020-05-18 22:00:00,2020-05-18,329,65,23,60,0
21633,1491,1193,2020-05-17 22:00:00,2020-05-17,401,64,42,59,69
21232,1422,1151,2020-05-16 22:00:00,2020-05-16,394,63,60,58,0
20838,1422,1091,2020-05-15 22:00:00,2020-05-15,363,62,29,57,0
20475,1422,1062,2020-05-14 22:00:00,2020-05-14,318,61,52,56,0
20157,1422,1010,2020-05-13 22:00:00,2020-05-13,257,60,23,55,727
19900,695,987,2020-05-12 22:00:00,2020-05-12,188,59,15,54,0
19712,695,972,2020-05-11 22:00:00,2020-05-11,325,58,5,53,128
19387,567,967,2020-05-10 22:00:00,2020-05-10,560,57,7,52,0
18827,567,960,2020-05-09 22:00:00,2020-05-09,457,56,16,51,0
18370,567,944,2020-05-08 22:00:00,2020-05-08,538,55,25,50,0
17832,567,919,2020-05-07 22:00:00,2020-05-07,465,54,16,49,0
17367,567,903,2020-05-06 22:00:00,2020-05-06,449,53,52,48,8
16918,559,851,2020-05-05 22:00:00,2020-05-05,283,52,9,47,0
16635,559,842,2020-05-04 22:00:00,2020-05-04,410,51,10,46,0
16225,559,832,2020-05-03 22:00:00,2020-05-03,432,50,11,45,0
15793,559,821,2020-05-02 22:00:00,2020-05-02,509,49,44,44,0
15284,559,777,2020-05-01 22:00:00,2020-05-01,526,48,11,43,0
14758,559,766,2020-04-30 22:00:00,2020-04-30,442,47,30,42,0
14316,559,736,2020-04-29 22:00:00,2020-04-29,437,46,30,41,0
13879,559,706,2020-04-28 22:00:00,2020-04-28,438,45,19,40,0
13441,559,687,2020-04-27 22:00:00,2020-04-27,473,44,3,39,0
12968,559,684,2020-04-26 22:00:00,2020-04-26,712,43,10,38,0
12256,559,674,2020-04-25 22:00:00,2020-04-25,978,42,122,37,0
11278,559,552,2020-04-24 22:00:00,2020-04-24,387,41,44,36,0
10891,559,508,2020-04-23 22:00:00,2020-04-23,431,40,22,35,0
10460,559,486,2020-04-22 22:00:00,2020-04-22,348,39,37,34,0
10112,559,449,2020-04-21 22:00:00,2020-04-21,382,38,27,33,0
9730,559,422,2020-04-20 22:00:00,2020-04-20,290,37,9,32,30
9440,529,413,2020-04-19 22:00:00,2020-04-19,393,36,22,31,19
9047,510,391,2020-04-18 22:00:00,2020-04-18,372,35,17,30,0
8675,510,374,2020-04-17 22:00:00,2020-04-17,395,34,18,29,0
8280,510,356,2020-04-16 22:00:00,2020-04-16,330,33,27,28,12
7950,498,329,2020-04-15 22:00:00,2020-04-15,254,32,21,27,382
7696,116,308,2020-04-14 22:00:00,2020-04-14,389,31,18,26,4
7307,112,290,2020-04-13 22:00:00,2020-04-13,414,30,16,25,4
6893,108,274,2020-04-12 22:00:00,2020-04-12,380,29,24,24,108
6513,0,250,2020-04-11 22:00:00,2020-04-11,311,28,24,23,0
6202,0,226,2020-04-10 22:00:00,2020-04-10,547,27,33,22,0
5655,0,193,2020-04-09 22:00:00,2020-04-09,226,26,14,21,0
5429,0,179,2020-04-08 22:00:00,2020-04-08,246,25,29,20,0
5183,0,150,2020-04-07 22:00:00,2020-04-07,233,24,10,19,0
4950,0,140,2020-04-06 22:00:00,2020-04-06,385,23,14,18,0
4565,0,126,2020-04-05 22:00:00,2020-04-05,384,22,15,17,0
4181,0,111,2020-04-04 21:00:00,2020-04-04,453,21,14,16,0
3728,0,97,2020-04-03 21:00:00,2020-04-03,386,20,17,15,0
3342,0,80,2020-04-02 21:00:00,2020-04-02,374,19,11,14,0
2968,0,69,2020-04-01 21:00:00,2020-04-01,341,18,18,13,0
2627,0,51,2020-03-31 21:00:00,2020-03-31,319,17,4,12,0
2308,0,47,2020-03-30 21:00:00,2020-03-30,245,16,3,11,0
2063,0,44,2020-03-29 21:00:00,2020-03-29,323,15,13,10,0
1740,0,31,2020-03-28 21:00:00,2020-03-28,310,14,12,9,0
1430,0,19,2020-03-27 21:10:00,2020-03-27,343,13,-1,8,0
1087,0,20,2020-03-26 22:20:00,2020-03-26,175,12,9,7,0
912,0,11,2020-03-25 23:20:00,2020-03-25,189,11,4,6,0
723,0,7,2020-03-24 21:20:00,2020-03-24,128,10,0,5,0
595,0,7,2020-03-23 21:40:00,2020-03-23,119,9,1,4,0
476,0,6,2020-03-22 21:00:00,2020-03-22,113,8,2,3,0
363,0,4,2020-03-21 21:00:00,2020-03-21,86,7,0,2,0
277,0,4,2020-03-20 21:20:00,2020-03-20,56,6,2,1,0
221,0,2,2020-03-19 21:30:00,2020-03-19,36,5,0,0,0
185,0,2,2020-03-18 22:00:00,2020-03-18,25,4,1,0,0
160,0,1,2020-03-17 21:00:00,2020-03-17,25,3,0,0,0
135,0,1,2020-03-16 21:00:00,2020-03-16,34,2,0,0,0
101,0,1,2020-03-15 21:00:00,2020-03-15,24,1,0,0,0
77,0,1,2020-03-14 21:00:00,2020-03-14,27,0,1,0,0
50,0,0,2020-03-13 21:00:00,2020-03-13,16,0,0,0,0
34,0,0,2020-03-12 21:00:00,2020-03-12,16,0,0,0,0
18,0,0,2020-03-11 21:00:00,2020-03-11,6,0,0,0,0
12,0,0,2020-03-10 21:00:00,2020-03-10,4,0,0,0,0
8,0,0,2020-03-09 21:00:00,2020-03-09,0,0,0,0,0
8,0,0,2020-03-08 21:00:00,2020-03-08,0,0,0,0,0
8,0,0,2020-03-07 21:00:00,2020-03-07,6,0,0,0,0
2,0,0,2020-03-06 21:00:00,2020-03-06,2,0,0,0,0
0,0,0,2020-03-05 21:00:00,2020-03-05,0,0,0,0,0
0,0,0,2020-03-04 21:00:00,2020-03-04,0,0,0,0,0
0,0,0,2020-03-03 21:00:00,2020-03-03,0,0,0,0,0
0,0,0,2020-03-02 21:00:00,2020-03-02,0,0,0,0,0
0,0,0,2020-03-01 21:00:00,2020-03-01,0,0,0,0,0
0,0,0,2020-02-29 21:00:00,2020-02-29,0,0,0,0,0
0,0,0,2020-02-28 21:00:00,2020-02-28,0,0,0,0,0
0,0,0,2020-02-27 21:00:00,2020-02-27,0,0,0,0,0
0,0,0,2020-02-26 21:00:00,2020-02-26,0,0,0,0,0
0,0,0,2020-02-25 21:00:00,2020-02-25,0,0,0,0,0
0,0,0,2020-02-24 21:00:00,2020-02-24,0,0,0,0,0
0,0,0,2020-02-23 21:00:00,2020-02-23,0,0,0,0,0
0,0,0,2020-02-22 21:00:00,2020-02-22,0,0,0,0,0
0,0,0,2020-02-21 21:00:00,2020-02-21,0,0,0,0,0
0,0,0,2020-02-20 21:00:00,2020-02-20,0,0,0,0,0
0,0,0,2020-02-19 21:00:00,2020-02-19,0,0,0,0,0
0,0,0,2020-02-18 21:00:00,2020-02-18,0,0,0,0,0
0,0,0,2020-02-17 21:00:00,2020-02-17,0,0,0,0,0
0,0,0,2020-02-16 21:00:00,2020-02-16,0,0,0,0,0
0,0,0,2020-02-15 21:00:00,2020-02-15,0,0,0,0,0
0,0,0,2020-02-14 21:00:00,2020-02-14,0,0,0,0,0
0,0,0,2020-02-13 21:00:00,2020-02-13,0,0,0,0,0
0,0,0,2020-02-12 21:00:00,2020-02-12,0,0,0,0,0
0,0,0,2020-02-11 20:30:00,2020-02-11,0,0,0,0,0
0,0,0,2020-02-10 21:00:00,2020-02-10,0,0,0,0,0
0,0,0,2020-02-09 21:00:00,2020-02-09,0,0,0,0,0
0,0,0,2020-02-08 21:00:00,2020-02-08,0,0,0,0,0
0,0,0,2020-02-07 21:00:00,2020-02-07,0,0,0,0,0
0,0,0,2020-02-06 21:00:00,2020-02-06,0,0,0,0,0
0,0,0,2020-02-05 21:00:00,2020-02-05,0,0,0,0,0
0,0,0,2020-02-04 20:00:00,2020-02-04,0,0,0,0,0
0,0,0,2020-02-03 20:00:00,2020-02-03,0,0,0,0,0
0,0,0,2020-02-02 20:00:00,2020-02-02,0,0,0,0,0
0,0,0,2020-02-01 10:00:00,2020-02-01,0,0,0,0,0
0,0,0,2020-01-31 12:30:00,2020-01-31,0,0,0,0,0
0,0,0,2020-01-30 12:00:00,2020-01-30,0,0,0,0,0
0,0,0,2020-01-29 14:00:00,2020-01-29,0,0,0,0,0
0,0,0,2020-01-28 11:30:00,2020-01-28,0,0,0,0,0
0,0,0,2020-01-27 14:00:00,2020-01-27,0,0,0,0,0
0,0,0,2020-01-26 13:00:00,2020-01-26,0,0,0,0,0
0,0,0,2020-01-25 15:00:00,2020-01-25,0,0,0,0,0
0,0,0,2020-01-24 15:00:00,2020-01-24,0,0,0,0,0
0,0,0,2020-01-23 15:00:00,2020-01-23,0,0,0,0,0
0,0,0,2020-01-22 15:00:00,2020-01-22,0,0,0,0,0
0,0,0,2020-01-21 15:00:00,2020-01-21,0,0,0,0,0
