Confirmed,Recovered,Deaths,Date_last_updated_AEDT,date_day,New,DayElapsed,New_death,DayElapsed_death,New_recover
16344,3920,125,2020-07-29 22:00:00,2020-07-29,503,131,10,112,96
15841,3824,115,2020-07-28 22:00:00,2020-07-28,612,130,11,111,88
15229,3736,104,2020-07-27 22:00:00,2020-07-27,629,129,6,110,96
14600,3640,98,2020-07-26 22:00:00,2020-07-26,931,128,11,109,135
13669,3505,87,2020-07-25 22:00:00,2020-07-25,540,127,7,108,57
13129,3448,80,2020-07-24 22:00:00,2020-07-24,768,126,9,107,126
12361,3322,71,2020-07-23 22:00:00,2020-07-23,550,125,3,106,128
11811,3194,68,2020-07-22 22:00:00,2020-07-22,277,124,2,105,175
11534,3019,66,2020-07-21 22:00:00,2020-07-21,420,123,4,104,53
11114,2966,62,2020-07-20 22:00:00,2020-07-20,563,122,8,103,64
10551,2902,54,2020-07-19 22:00:00,2020-07-19,582,121,7,102,84
9969,2818,47,2020-07-18 22:00:00,2020-07-18,423,120,5,101,145
9546,2673,42,2020-07-17 22:00:00,2020-07-17,560,119,2,100,122
8986,2551,40,2020-07-16 22:00:00,2020-07-16,504,118,3,99,110
8482,2441,37,2020-07-15 22:00:00,2020-07-15,446,117,3,98,137
8036,2304,34,2020-07-14 22:00:00,2020-07-14,440,116,4,97,65
7596,2239,30,2020-07-13 22:00:00,2020-07-13,365,115,2,96,19
7231,2220,28,2020-07-12 22:00:00,2020-07-12,386,114,2,95,110
6845,2110,26,2020-07-11 22:00:00,2020-07-11,360,113,1,94,87
6485,2023,25,2020-07-10 22:00:00,2020-07-10,649,112,0,93,94
5836,1929,25,2020-07-09 22:00:00,2020-07-09,350,111,2,92,119
5486,1810,23,2020-07-08 22:00:00,2020-07-08,245,110,0,91,34
5241,1776,23,2020-07-07 22:00:00,2020-07-07,245,109,3,90,31
4996,1745,20,2020-07-06 22:00:00,2020-07-06,375,108,1,89,24
4621,1721,19,2020-07-05 22:00:00,2020-07-05,310,107,1,88,64
4311,1657,18,2020-07-04 22:00:00,2020-07-04,288,106,0,87,68
4023,1589,18,2020-07-03 22:00:00,2020-07-03,270,105,1,86,73
3753,1516,17,2020-07-02 22:00:00,2020-07-02,294,104,1,85,80
3459,1436,16,2020-07-01 22:00:00,2020-07-01,190,103,1,84,42
3269,1394,15,2020-06-30 22:00:00,2020-06-30,139,102,0,83,28
3130,1366,15,2020-06-29 22:00:00,2020-06-29,151,101,1,82,41
2979,1325,14,2020-06-28 22:00:00,2020-06-28,143,100,2,81,45
2836,1280,12,2020-06-27 22:00:00,2020-06-27,152,99,0,80,53
2684,1227,12,2020-06-26 22:00:00,2020-06-26,169,98,0,79,17
2515,1210,12,2020-06-25 22:00:00,2020-06-25,147,97,0,78,81
2368,1129,12,2020-06-24 22:00:00,2020-06-24,91,96,0,77,86
2277,1043,12,2020-06-23 22:00:00,2020-06-23,64,95,0,76,11
2213,1032,12,2020-06-22 22:00:00,2020-06-22,86,94,0,75,18
2127,1014,12,2020-06-21 22:00:00,2020-06-21,69,93,0,74,32
2058,982,12,2020-06-20 22:00:00,2020-06-20,119,92,0,73,45
1939,937,12,2020-06-19 22:00:00,2020-06-19,68,91,0,72,38
1871,899,12,2020-06-18 22:00:00,2020-06-18,75,90,0,71,105
1796,794,12,2020-06-17 22:00:00,2020-06-17,52,89,0,70,23
1744,771,12,2020-06-16 22:00:00,2020-06-16,29,88,0,69,19
1715,752,12,2020-06-15 22:00:00,2020-06-15,53,87,0,68,9
1662,743,12,2020-06-14 22:00:00,2020-06-14,50,86,0,67,12
1612,731,12,2020-06-13 22:00:00,2020-06-13,74,85,0,66,9
1538,722,12,2020-06-12 22:00:00,2020-06-12,77,84,0,65,0
1461,722,12,2020-06-11 22:00:00,2020-06-11,86,83,1,64,5
1375,717,11,2020-06-10 22:00:00,2020-06-10,33,82,0,63,5
1342,712,11,2020-06-09 22:00:00,2020-06-09,24,81,1,62,8
1318,704,10,2020-06-08 22:00:00,2020-06-08,55,80,0,61,3
1263,701,10,2020-06-07 22:00:00,2020-06-07,35,79,0,60,6
1228,695,10,2020-06-06 22:00:00,2020-06-06,34,78,0,59,8
1194,687,10,2020-06-05 22:00:00,2020-06-05,37,77,0,58,2
1157,685,10,2020-06-04 22:00:00,2020-06-04,52,76,0,57,3
1105,682,10,2020-06-03 22:00:00,2020-06-03,21,75,0,56,6
1084,676,10,2020-06-02 22:00:00,2020-06-02,28,74,0,55,7
1056,669,10,2020-06-01 22:00:00,2020-06-01,9,73,0,54,11
1047,658,10,2020-05-31 22:00:00,2020-05-31,25,72,0,53,5
1022,653,10,2020-05-30 22:00:00,2020-05-30,22,71,0,52,7
1000,646,10,2020-05-29 22:00:00,2020-05-29,16,70,0,51,7
984,639,10,2020-05-28 22:00:00,2020-05-28,28,69,0,50,5
956,634,10,2020-05-27 22:00:00,2020-05-27,5,68,0,49,6
951,628,10,2020-05-26 22:00:00,2020-05-26,21,67,0,48,8
930,620,10,2020-05-25 22:00:00,2020-05-25,12,66,0,47,13
918,607,10,2020-05-24 22:00:00,2020-05-24,7,65,0,46,7
911,600,10,2020-05-23 22:00:00,2020-05-23,8,64,0,45,8
903,592,10,2020-05-22 22:00:00,2020-05-22,6,63,0,44,10
897,582,10,2020-05-21 22:00:00,2020-05-21,15,62,0,43,5
882,577,10,2020-05-20 22:00:00,2020-05-20,16,61,0,42,2
866,575,10,2020-05-19 22:00:00,2020-05-19,3,60,0,41,10
863,565,10,2020-05-18 22:00:00,2020-05-18,10,59,0,40,14
853,551,10,2020-05-17 22:00:00,2020-05-17,10,58,0,39,9
843,542,10,2020-05-16 22:00:00,2020-05-16,13,57,2,38,7
830,535,8,2020-05-15 22:00:00,2020-05-15,15,56,0,37,8
815,527,8,2020-05-14 22:00:00,2020-05-14,11,55,1,36,7
804,520,7,2020-05-13 22:00:00,2020-05-13,3,54,0,35,3
801,517,7,2020-05-12 22:00:00,2020-05-12,9,53,0,34,16
792,501,7,2020-05-11 22:00:00,2020-05-11,12,52,1,33,21
780,480,6,2020-05-10 22:00:00,2020-05-10,7,51,0,32,19
773,461,6,2020-05-09 22:00:00,2020-05-09,8,50,0,31,16
765,445,6,2020-05-08 22:00:00,2020-05-08,4,49,0,30,17
761,428,6,2020-05-07 22:00:00,2020-05-07,6,48,0,29,15
755,413,6,2020-05-06 22:00:00,2020-05-06,13,47,0,28,14
742,399,6,2020-05-05 22:00:00,2020-05-05,3,46,0,27,13
739,386,6,2020-05-04 22:00:00,2020-05-04,6,45,0,26,14
733,372,6,2020-05-03 22:00:00,2020-05-03,8,44,0,25,17
725,355,6,2020-05-02 22:00:00,2020-05-02,6,43,0,24,17
719,338,6,2020-05-01 22:00:00,2020-05-01,6,42,0,23,15
713,323,6,2020-04-30 22:00:00,2020-04-30,8,41,0,22,17
705,306,6,2020-04-29 22:00:00,2020-04-29,8,40,0,21,19
697,287,6,2020-04-28 22:00:00,2020-04-28,2,39,0,20,23
695,264,6,2020-04-27 22:00:00,2020-04-27,2,38,0,19,22
693,242,6,2020-04-26 22:00:00,2020-04-26,6,37,0,18,26
687,216,6,2020-04-25 22:00:00,2020-04-25,1,36,0,17,20
686,196,6,2020-04-24 22:00:00,2020-04-24,5,35,0,16,16
681,180,6,2020-04-23 22:00:00,2020-04-23,12,34,0,15,30
669,150,6,2020-04-22 22:00:00,2020-04-22,7,33,0,14,26
662,124,6,2020-04-21 22:00:00,2020-04-21,2,32,1,13,12
660,112,5,2020-04-20 22:00:00,2020-04-20,5,31,1,12,15
655,97,4,2020-04-19 22:00:00,2020-04-19,6,30,0,11,9
649,88,4,2020-04-18 22:00:00,2020-04-18,7,29,0,10,14
642,74,4,2020-04-17 22:00:00,2020-04-17,16,28,0,9,7
626,67,4,2020-04-16 22:00:00,2020-04-16,8,27,1,8,1
618,66,3,2020-04-15 22:00:00,2020-04-15,6,26,0,7,4
612,62,3,2020-04-14 22:00:00,2020-04-14,17,25,0,6,6
595,56,3,2020-04-13 22:00:00,2020-04-13,18,24,0,5,7
577,49,3,2020-04-12 22:00:00,2020-04-12,19,23,0,4,7
558,42,3,2020-04-11 22:00:00,2020-04-11,19,22,0,3,12
539,30,3,2020-04-10 22:00:00,2020-04-10,37,21,0,2,1
502,29,3,2020-04-09 22:00:00,2020-04-09,19,20,1,1,5
483,24,2,2020-04-08 22:00:00,2020-04-08,16,19,0,0,6
467,18,2,2020-04-07 22:00:00,2020-04-07,13,18,0,0,2
454,16,2,2020-04-06 22:00:00,2020-04-06,19,17,0,0,3
435,13,2,2020-04-05 22:00:00,2020-04-05,19,16,0,0,2
416,11,2,2020-04-04 21:00:00,2020-04-04,20,15,0,0,5
396,6,2,2020-04-03 21:00:00,2020-04-03,21,14,0,0,2
375,4,2,2020-04-02 21:00:00,2020-04-02,28,13,0,0,0
347,4,2,2020-04-01 21:00:00,2020-04-01,17,12,0,0,0
330,4,2,2020-03-31 21:00:00,2020-03-31,16,11,0,0,1
314,3,2,2020-03-30 21:00:00,2020-03-30,19,10,0,0,0
295,3,2,2020-03-29 21:00:00,2020-03-29,32,9,0,0,0
263,3,2,2020-03-28 21:00:00,2020-03-28,32,8,0,0,1
231,2,2,2020-03-27 21:10:00,2020-03-27,30,7,0,0,0
201,2,2,2020-03-26 22:20:00,2020-03-26,24,6,0,0,0
177,2,2,2020-03-25 23:20:00,2020-03-25,19,5,0,0,0
158,2,2,2020-03-24 21:20:00,2020-03-24,24,4,0,0,0
134,2,2,2020-03-23 21:40:00,2020-03-23,17,3,0,0,0
117,2,2,2020-03-22 21:00:00,2020-03-22,4,2,0,0,0
113,2,2,2020-03-21 21:00:00,2020-03-21,24,1,0,0,2
89,0,2,2020-03-20 21:20:00,2020-03-20,20,0,1,0,0
69,0,1,2020-03-19 21:30:00,2020-03-19,19,0,1,0,0
50,0,0,2020-03-18 22:00:00,2020-03-18,9,0,0,0,0
41,0,0,2020-03-17 21:00:00,2020-03-17,6,0,0,0,0
35,0,0,2020-03-16 21:00:00,2020-03-16,8,0,0,0,0
27,0,0,2020-03-15 21:00:00,2020-03-15,1,0,0,0,0
26,0,0,2020-03-14 21:00:00,2020-03-14,3,0,0,0,0
23,0,0,2020-03-13 21:00:00,2020-03-13,1,0,0,0,0
22,0,0,2020-03-12 21:00:00,2020-03-12,9,0,0,0,0
13,0,0,2020-03-11 21:00:00,2020-03-11,4,0,0,0,0
9,0,0,2020-03-10 21:00:00,2020-03-10,0,0,0,0,0
9,0,0,2020-03-09 21:00:00,2020-03-09,4,0,0,0,0
5,0,0,2020-03-08 21:00:00,2020-03-08,4,0,0,0,0
1,0,0,2020-03-07 21:00:00,2020-03-07,0,0,0,0,0
1,0,0,2020-03-06 21:00:00,2020-03-06,1,0,0,0,0
0,0,0,2020-03-05 21:00:00,2020-03-05,0,0,0,0,0
0,0,0,2020-03-04 21:00:00,2020-03-04,0,0,0,0,0
0,0,0,2020-03-03 21:00:00,2020-03-03,0,0,0,0,0
0,0,0,2020-03-02 21:00:00,2020-03-02,0,0,0,0,0
0,0,0,2020-03-01 21:00:00,2020-03-01,0,0,0,0,0
0,0,0,2020-02-29 21:00:00,2020-02-29,0,0,0,0,0
0,0,0,2020-02-28 21:00:00,2020-02-28,0,0,0,0,0
0,0,0,2020-02-27 21:00:00,2020-02-27,0,0,0,0,0
0,0,0,2020-02-26 21:00:00,2020-02-26,0,0,0,0,0
0,0,0,2020-02-25 21:00:00,2020-02-25,0,0,0,0,0
0,0,0,2020-02-24 21:00:00,2020-02-24,0,0,0,0,0
0,0,0,2020-02-23 21:00:00,2020-02-23,0,0,0,0,0
0,0,0,2020-02-22 21:00:00,2020-02-22,0,0,0,0,0
0,0,0,2020-02-21 21:00:00,2020-02-21,0,0,0,0,0
0,0,0,2020-02-20 21:00:00,2020-02-20,0,0,0,0,0
0,0,0,2020-02-19 21:00:00,2020-02-19,0,0,0,0,0
0,0,0,2020-02-18 21:00:00,2020-02-18,0,0,0,0,0
0,0,0,2020-02-17 21:00:00,2020-02-17,0,0,0,0,0
0,0,0,2020-02-16 21:00:00,2020-02-16,0,0,0,0,0
0,0,0,2020-02-15 21:00:00,2020-02-15,0,0,0,0,0
0,0,0,2020-02-14 21:00:00,2020-02-14,0,0,0,0,0
0,0,0,2020-02-13 21:00:00,2020-02-13,0,0,0,0,0
0,0,0,2020-02-12 21:00:00,2020-02-12,0,0,0,0,0
0,0,0,2020-02-11 20:30:00,2020-02-11,0,0,0,0,0
0,0,0,2020-02-10 21:00:00,2020-02-10,0,0,0,0,0
0,0,0,2020-02-09 21:00:00,2020-02-09,0,0,0,0,0
0,0,0,2020-02-08 21:00:00,2020-02-08,0,0,0,0,0
0,0,0,2020-02-07 21:00:00,2020-02-07,0,0,0,0,0
0,0,0,2020-02-06 21:00:00,2020-02-06,0,0,0,0,0
0,0,0,2020-02-05 21:00:00,2020-02-05,0,0,0,0,0
0,0,0,2020-02-04 20:00:00,2020-02-04,0,0,0,0,0
0,0,0,2020-02-03 20:00:00,2020-02-03,0,0,0,0,0
0,0,0,2020-02-02 20:00:00,2020-02-02,0,0,0,0,0
0,0,0,2020-02-01 10:00:00,2020-02-01,0,0,0,0,0
0,0,0,2020-01-31 12:30:00,2020-01-31,0,0,0,0,0
0,0,0,2020-01-30 12:00:00,2020-01-30,0,0,0,0,0
0,0,0,2020-01-29 14:00:00,2020-01-29,0,0,0,0,0
0,0,0,2020-01-28 11:30:00,2020-01-28,0,0,0,0,0
0,0,0,2020-01-27 14:00:00,2020-01-27,0,0,0,0,0
0,0,0,2020-01-26 13:00:00,2020-01-26,0,0,0,0,0
0,0,0,2020-01-25 15:00:00,2020-01-25,0,0,0,0,0
0,0,0,2020-01-24 15:00:00,2020-01-24,0,0,0,0,0
0,0,0,2020-01-23 15:00:00,2020-01-23,0,0,0,0,0
0,0,0,2020-01-22 15:00:00,2020-01-22,0,0,0,0,0
0,0,0,2020-01-21 15:00:00,2020-01-21,0,0,0,0,0
