Confirmed,Recovered,Deaths,Date_last_updated_AEDT,date_day,New,DayElapsed,New_death,DayElapsed_death,New_recover
2432,2275,87,2020-07-15 22:00:00,2020-07-15,4,109,0,109,7
2428,2268,87,2020-07-14 22:00:00,2020-07-14,2,108,0,108,10
2426,2258,87,2020-07-13 22:00:00,2020-07-13,6,107,0,107,4
2420,2254,87,2020-07-12 22:00:00,2020-07-12,7,106,1,106,5
2413,2249,86,2020-07-11 22:00:00,2020-07-11,10,105,0,105,5
2403,2244,86,2020-07-10 22:00:00,2020-07-10,4,104,0,104,2
2399,2242,86,2020-07-09 22:00:00,2020-07-09,4,103,0,103,2
2395,2240,86,2020-07-08 22:00:00,2020-07-08,15,102,0,102,6
2380,2234,86,2020-07-07 22:00:00,2020-07-07,8,101,0,101,5
2372,2229,86,2020-07-06 22:00:00,2020-07-06,3,100,0,100,2
2369,2227,86,2020-07-05 22:00:00,2020-07-05,8,99,0,99,3
2361,2224,86,2020-07-04 22:00:00,2020-07-04,8,98,0,98,3
2353,2221,86,2020-07-03 22:00:00,2020-07-03,5,97,0,97,3
2348,2218,86,2020-07-02 22:00:00,2020-07-02,7,96,0,96,4
2341,2214,86,2020-07-01 22:00:00,2020-07-01,1,95,0,95,3
2340,2211,86,2020-06-30 22:00:00,2020-06-30,8,94,0,94,10
2332,2201,86,2020-06-29 22:00:00,2020-06-29,2,93,0,93,14
2330,2187,86,2020-06-28 22:00:00,2020-06-28,5,92,1,92,7
2325,2180,85,2020-06-27 22:00:00,2020-06-27,4,91,0,91,9
2321,2171,85,2020-06-26 22:00:00,2020-06-26,2,90,0,90,41
2319,2130,85,2020-06-25 22:00:00,2020-06-25,1,89,0,89,7
2318,2123,85,2020-06-24 22:00:00,2020-06-24,3,88,0,88,10
2315,2113,85,2020-06-23 22:00:00,2020-06-23,3,87,0,87,10
2312,2103,85,2020-06-22 22:00:00,2020-06-22,3,86,0,86,32
2309,2071,85,2020-06-21 22:00:00,2020-06-21,4,85,0,85,34
2305,2037,85,2020-06-20 22:00:00,2020-06-20,10,84,0,84,17
2295,2020,85,2020-06-19 22:00:00,2020-06-19,15,83,1,83,21
2280,1999,84,2020-06-18 22:00:00,2020-06-18,7,82,0,82,5
2273,1994,84,2020-06-17 22:00:00,2020-06-17,11,81,0,81,29
2262,1965,84,2020-06-16 22:00:00,2020-06-16,14,80,0,80,17
2248,1948,84,2020-06-15 22:00:00,2020-06-15,10,79,0,79,25
2238,1923,84,2020-06-14 22:00:00,2020-06-14,5,78,0,78,21
2233,1902,84,2020-06-13 22:00:00,2020-06-13,14,77,0,77,9
2219,1893,84,2020-06-12 22:00:00,2020-06-12,8,76,1,76,7
2211,1886,83,2020-06-11 22:00:00,2020-06-11,6,75,0,75,6
2205,1880,83,2020-06-10 22:00:00,2020-06-10,5,74,0,74,12
2200,1868,83,2020-06-09 22:00:00,2020-06-09,9,73,0,73,6
2191,1862,83,2020-06-08 22:00:00,2020-06-08,18,72,0,72,7
2173,1855,83,2020-06-07 22:00:00,2020-06-07,40,71,0,71,7
2133,1848,83,2020-06-06 22:00:00,2020-06-06,14,70,0,70,9
2119,1839,83,2020-06-05 22:00:00,2020-06-05,12,69,0,69,9
2107,1830,83,2020-06-04 22:00:00,2020-06-04,15,68,0,68,3
2092,1827,83,2020-06-03 22:00:00,2020-06-03,9,67,0,67,1
2083,1826,83,2020-06-02 22:00:00,2020-06-02,38,66,0,66,17
2045,1809,83,2020-06-01 22:00:00,2020-06-01,20,65,0,65,14
2025,1795,83,2020-05-31 22:00:00,2020-05-31,20,64,1,64,35
2005,1760,82,2020-05-30 22:00:00,2020-05-30,22,63,0,63,26
1983,1734,82,2020-05-29 22:00:00,2020-05-29,9,62,0,62,10
1974,1724,82,2020-05-28 22:00:00,2020-05-28,11,61,0,61,15
1963,1709,82,2020-05-27 22:00:00,2020-05-27,16,60,0,60,5
1947,1704,82,2020-05-26 22:00:00,2020-05-26,6,59,0,59,15
1941,1689,82,2020-05-25 22:00:00,2020-05-25,10,58,1,58,18
1931,1671,81,2020-05-24 22:00:00,2020-05-24,15,57,0,57,40
1916,1631,81,2020-05-23 22:00:00,2020-05-23,8,56,1,56,28
1908,1603,80,2020-05-22 22:00:00,2020-05-22,8,55,1,55,30
1900,1573,79,2020-05-21 22:00:00,2020-05-21,13,54,0,54,35
1887,1538,79,2020-05-20 22:00:00,2020-05-20,6,53,0,53,33
1881,1505,79,2020-05-19 22:00:00,2020-05-19,9,52,0,52,10
1872,1495,79,2020-05-18 22:00:00,2020-05-18,10,51,0,51,35
1862,1460,79,2020-05-17 22:00:00,2020-05-17,22,50,0,50,35
1840,1425,79,2020-05-16 22:00:00,2020-05-16,10,49,0,49,42
1830,1383,79,2020-05-15 22:00:00,2020-05-15,20,48,0,48,57
1810,1326,79,2020-05-14 22:00:00,2020-05-14,6,47,1,47,49
1804,1277,78,2020-05-13 22:00:00,2020-05-13,21,46,1,46,48
1783,1229,77,2020-05-12 22:00:00,2020-05-12,17,45,0,45,36
1766,1193,77,2020-05-11 22:00:00,2020-05-11,12,44,3,44,53
1754,1140,74,2020-05-10 22:00:00,2020-05-10,13,43,0,43,62
1741,1078,74,2020-05-09 22:00:00,2020-05-09,12,42,1,42,47
1729,1031,73,2020-05-08 22:00:00,2020-05-08,26,41,4,41,30
1703,1001,69,2020-05-07 22:00:00,2020-05-07,18,40,0,40,47
1685,954,69,2020-05-06 22:00:00,2020-05-06,17,39,0,39,78
1668,876,69,2020-05-05 22:00:00,2020-05-05,19,38,2,38,49
1649,827,67,2020-05-04 22:00:00,2020-05-04,38,37,1,37,62
1611,765,66,2020-05-03 22:00:00,2020-05-03,74,36,2,36,51
1537,714,64,2020-05-02 22:00:00,2020-05-02,36,35,3,35,33
1501,681,61,2020-05-01 22:00:00,2020-05-01,34,34,3,34,64
1467,617,58,2020-04-30 22:00:00,2020-04-30,30,33,0,33,42
1437,575,58,2020-04-29 22:00:00,2020-04-29,48,32,2,32,50
1389,525,56,2020-04-28 22:00:00,2020-04-28,20,31,2,31,24
1369,501,54,2020-04-27 22:00:00,2020-04-27,32,30,3,30,64
1337,437,51,2020-04-26 22:00:00,2020-04-26,52,29,2,29,21
1285,416,49,2020-04-25 22:00:00,2020-04-25,50,28,6,28,51
1235,365,43,2020-04-24 22:00:00,2020-04-24,46,27,3,27,24
1189,341,40,2020-04-23 22:00:00,2020-04-23,52,26,2,26,32
1137,309,38,2020-04-22 22:00:00,2020-04-22,50,25,2,25,24
1087,285,36,2020-04-21 22:00:00,2020-04-21,52,24,2,24,30
1035,255,34,2020-04-20 22:00:00,2020-04-20,49,23,2,23,28
986,227,32,2020-04-19 22:00:00,2020-04-19,63,22,1,22,35
923,192,31,2020-04-18 22:00:00,2020-04-18,61,21,4,21,21
862,171,27,2020-04-17 22:00:00,2020-04-17,48,20,3,20,20
814,151,24,2020-04-16 22:00:00,2020-04-16,48,19,3,19,19
766,132,21,2020-04-15 22:00:00,2020-04-15,40,18,0,18,11
726,121,21,2020-04-14 22:00:00,2020-04-14,57,17,3,17,29
669,92,18,2020-04-13 22:00:00,2020-04-13,49,16,2,16,15
620,77,16,2020-04-12 22:00:00,2020-04-12,56,15,1,15,26
564,51,15,2020-04-11 22:00:00,2020-04-11,49,14,0,14,23
515,28,15,2020-04-10 22:00:00,2020-04-10,58,13,3,13,1
457,27,12,2020-04-09 22:00:00,2020-04-09,61,12,1,12,0
396,27,11,2020-04-08 22:00:00,2020-04-08,33,11,2,11,9
363,18,9,2020-04-07 22:00:00,2020-04-07,43,10,1,10,3
320,15,8,2020-04-06 22:00:00,2020-04-06,32,9,2,9,0
288,15,6,2020-04-05 22:00:00,2020-04-05,19,8,0,8,0
269,15,6,2020-04-04 21:00:00,2020-04-04,36,7,0,7,2
233,13,6,2020-04-03 21:00:00,2020-04-03,21,6,0,6,1
212,12,6,2020-04-02 21:00:00,2020-04-02,26,5,0,5,4
186,8,6,2020-04-01 21:00:00,2020-04-01,16,4,2,4,4
170,4,4,2020-03-31 21:00:00,2020-03-31,31,3,1,3,0
139,4,3,2020-03-30 21:00:00,2020-03-30,20,2,0,2,0
119,4,3,2020-03-29 21:00:00,2020-03-29,39,1,1,1,0
80,4,2,2020-03-28 21:00:00,2020-03-28,13,0,0,0,3
67,1,2,2020-03-27 21:10:00,2020-03-27,10,0,1,0,0
57,1,1,2020-03-26 22:20:00,2020-03-26,9,0,0,0,0
48,1,1,2020-03-25 23:20:00,2020-03-25,8,0,0,0,1
40,0,1,2020-03-24 21:20:00,2020-03-24,5,0,0,0,0
35,0,1,2020-03-23 21:40:00,2020-03-23,14,0,0,0,0
21,0,1,2020-03-22 21:00:00,2020-03-22,0,0,0,0,0
21,0,1,2020-03-21 21:00:00,2020-03-21,5,0,0,0,0
16,0,1,2020-03-20 21:20:00,2020-03-20,5,0,0,0,0
11,0,1,2020-03-19 21:30:00,2020-03-19,4,0,1,0,0
7,0,0,2020-03-18 22:00:00,2020-03-18,2,0,0,0,0
5,0,0,2020-03-17 21:00:00,2020-03-17,1,0,0,0,0
4,0,0,2020-03-16 21:00:00,2020-03-16,0,0,0,0,0
4,0,0,2020-03-15 21:00:00,2020-03-15,0,0,0,0,0
4,0,0,2020-03-14 21:00:00,2020-03-14,1,0,0,0,0
3,0,0,2020-03-13 21:00:00,2020-03-13,0,0,0,0,0
3,0,0,2020-03-12 21:00:00,2020-03-12,3,0,0,0,0
0,0,0,2020-03-11 21:00:00,2020-03-11,0,0,0,0,0
0,0,0,2020-03-10 21:00:00,2020-03-10,0,0,0,0,0
0,0,0,2020-03-09 21:00:00,2020-03-09,0,0,0,0,0
0,0,0,2020-03-08 21:00:00,2020-03-08,0,0,0,0,0
0,0,0,2020-03-07 21:00:00,2020-03-07,0,0,0,0,0
0,0,0,2020-03-06 21:00:00,2020-03-06,0,0,0,0,0
0,0,0,2020-03-05 21:00:00,2020-03-05,0,0,0,0,0
0,0,0,2020-03-04 21:00:00,2020-03-04,0,0,0,0,0
0,0,0,2020-03-03 21:00:00,2020-03-03,0,0,0,0,0
0,0,0,2020-03-02 21:00:00,2020-03-02,0,0,0,0,0
0,0,0,2020-03-01 21:00:00,2020-03-01,0,0,0,0,0
0,0,0,2020-02-29 21:00:00,2020-02-29,0,0,0,0,0
0,0,0,2020-02-28 21:00:00,2020-02-28,0,0,0,0,0
0,0,0,2020-02-27 21:00:00,2020-02-27,0,0,0,0,0
0,0,0,2020-02-26 21:00:00,2020-02-26,0,0,0,0,0
0,0,0,2020-02-25 21:00:00,2020-02-25,0,0,0,0,0
0,0,0,2020-02-24 21:00:00,2020-02-24,0,0,0,0,0
0,0,0,2020-02-23 21:00:00,2020-02-23,0,0,0,0,0
0,0,0,2020-02-22 21:00:00,2020-02-22,0,0,0,0,0
0,0,0,2020-02-21 21:00:00,2020-02-21,0,0,0,0,0
0,0,0,2020-02-20 21:00:00,2020-02-20,0,0,0,0,0
0,0,0,2020-02-19 21:00:00,2020-02-19,0,0,0,0,0
0,0,0,2020-02-18 21:00:00,2020-02-18,0,0,0,0,0
0,0,0,2020-02-17 21:00:00,2020-02-17,0,0,0,0,0
0,0,0,2020-02-16 21:00:00,2020-02-16,0,0,0,0,0
0,0,0,2020-02-15 21:00:00,2020-02-15,0,0,0,0,0
0,0,0,2020-02-14 21:00:00,2020-02-14,0,0,0,0,0
0,0,0,2020-02-13 21:00:00,2020-02-13,0,0,0,0,0
0,0,0,2020-02-12 21:00:00,2020-02-12,0,0,0,0,0
0,0,0,2020-02-11 20:30:00,2020-02-11,0,0,0,0,0
0,0,0,2020-02-10 21:00:00,2020-02-10,0,0,0,0,0
0,0,0,2020-02-09 21:00:00,2020-02-09,0,0,0,0,0
0,0,0,2020-02-08 21:00:00,2020-02-08,0,0,0,0,0
0,0,0,2020-02-07 21:00:00,2020-02-07,0,0,0,0,0
0,0,0,2020-02-06 21:00:00,2020-02-06,0,0,0,0,0
0,0,0,2020-02-05 21:00:00,2020-02-05,0,0,0,0,0
0,0,0,2020-02-04 20:00:00,2020-02-04,0,0,0,0,0
0,0,0,2020-02-03 20:00:00,2020-02-03,0,0,0,0,0
0,0,0,2020-02-02 20:00:00,2020-02-02,0,0,0,0,0
0,0,0,2020-02-01 10:00:00,2020-02-01,0,0,0,0,0
0,0,0,2020-01-31 12:30:00,2020-01-31,0,0,0,0,0
0,0,0,2020-01-30 12:00:00,2020-01-30,0,0,0,0,0
0,0,0,2020-01-29 14:00:00,2020-01-29,0,0,0,0,0
0,0,0,2020-01-28 11:30:00,2020-01-28,0,0,0,0,0
0,0,0,2020-01-27 14:00:00,2020-01-27,0,0,0,0,0
0,0,0,2020-01-26 13:00:00,2020-01-26,0,0,0,0,0
0,0,0,2020-01-25 15:00:00,2020-01-25,0,0,0,0,0
0,0,0,2020-01-24 15:00:00,2020-01-24,0,0,0,0,0
0,0,0,2020-01-23 15:00:00,2020-01-23,0,0,0,0,0
0,0,0,2020-01-22 15:00:00,2020-01-22,0,0,0,0,0
0,0,0,2020-01-21 15:00:00,2020-01-21,0,0,0,0,0
