Confirmed,Recovered,Deaths,Date_last_updated_AEDT,date_day,New,DayElapsed,New_death,DayElapsed_death,New_recover
9574,6885,327,2020-06-07 22:00:00,2020-06-07,44,87,0,75,4
9530,6881,327,2020-06-06 22:00:00,2020-06-06,36,86,1,74,72
9494,6809,326,2020-06-05 22:00:00,2020-06-05,53,85,2,73,57
9441,6752,324,2020-06-04 22:00:00,2020-06-04,67,84,1,72,59
9374,6693,323,2020-06-03 22:00:00,2020-06-03,66,83,2,71,51
9308,6642,321,2020-06-02 22:00:00,2020-06-02,35,82,1,70,80
9273,6562,320,2020-06-01 22:00:00,2020-06-01,40,81,1,69,16
9233,6546,319,2020-05-31 22:00:00,2020-05-31,33,80,0,68,44
9200,6502,319,2020-05-30 22:00:00,2020-05-30,57,79,0,67,38
9143,6464,319,2020-05-29 22:00:00,2020-05-29,40,78,2,66,87
9103,6377,317,2020-05-28 22:00:00,2020-05-28,51,77,0,65,98
9052,6279,317,2020-05-27 22:00:00,2020-05-27,50,76,0,64,97
9002,6182,317,2020-05-26 22:00:00,2020-05-26,45,75,2,63,99
8957,6083,315,2020-05-25 22:00:00,2020-05-25,67,74,1,62,39
8890,6044,314,2020-05-24 22:00:00,2020-05-24,77,73,2,61,19
8813,6025,312,2020-05-23 22:00:00,2020-05-23,56,72,6,60,93
8757,5932,306,2020-05-22 22:00:00,2020-05-22,36,71,2,59,102
8721,5830,304,2020-05-21 22:00:00,2020-05-21,38,70,1,58,99
8683,5731,303,2020-05-20 22:00:00,2020-05-20,89,69,4,57,90
8594,5641,299,2020-05-19 22:00:00,2020-05-19,114,68,1,56,173
8480,5468,298,2020-05-18 22:00:00,2020-05-18,23,67,1,55,46
8457,5422,297,2020-05-17 22:00:00,2020-05-17,51,66,2,54,41
8406,5381,295,2020-05-16 22:00:00,2020-05-16,54,65,2,53,132
8352,5249,293,2020-05-15 22:00:00,2020-05-15,77,64,3,52,191
8275,5058,290,2020-05-14 22:00:00,2020-05-14,52,63,6,51,159
8223,4899,284,2020-05-13 22:00:00,2020-05-13,46,62,1,50,161
8177,4738,283,2020-05-12 22:00:00,2020-05-12,54,61,3,49,256
8123,4482,280,2020-05-11 22:00:00,2020-05-11,28,60,4,48,34
8095,4448,276,2020-05-10 22:00:00,2020-05-10,17,59,3,47,34
8078,4414,273,2020-05-09 22:00:00,2020-05-09,44,58,3,46,42
8034,4372,270,2020-05-08 22:00:00,2020-05-08,55,57,7,45,158
7979,4214,263,2020-05-07 22:00:00,2020-05-07,80,56,5,44,197
7899,4017,258,2020-05-06 22:00:00,2020-05-06,58,55,6,43,201
7841,3816,252,2020-05-05 22:00:00,2020-05-05,60,54,3,42,224
7781,3592,249,2020-05-04 22:00:00,2020-05-04,26,53,4,41,121
7755,3471,245,2020-05-03 22:00:00,2020-05-03,15,52,4,40,93
7740,3378,241,2020-05-02 22:00:00,2020-05-02,51,51,4,39,64
7689,3314,237,2020-05-01 22:00:00,2020-05-01,108,50,10,38,194
7581,3120,227,2020-04-30 22:00:00,2020-04-30,77,49,0,37,160
7504,2960,227,2020-04-29 22:00:00,2020-04-29,55,48,4,36,118
7449,2842,223,2020-04-28 22:00:00,2020-04-28,41,47,2,35,242
7408,2600,221,2020-04-27 22:00:00,2020-04-27,56,46,2,34,129
7352,2471,219,2020-04-26 22:00:00,2020-04-26,79,45,4,33,82
7273,2389,215,2020-04-25 22:00:00,2020-04-25,85,44,2,32,203
7188,2186,213,2020-04-24 22:00:00,2020-04-24,52,43,3,31,184
7136,2002,210,2020-04-23 22:00:00,2020-04-23,95,42,6,30,202
7041,1800,204,2020-04-22 22:00:00,2020-04-22,127,41,8,29,203
6914,1597,196,2020-04-21 22:00:00,2020-04-21,127,40,8,28,286
6787,1311,188,2020-04-20 22:00:00,2020-04-20,130,39,7,27,76
6657,1235,181,2020-04-19 22:00:00,2020-04-19,104,38,5,26,52
6553,1183,176,2020-04-18 22:00:00,2020-04-18,116,37,6,25,204
6437,979,170,2020-04-17 22:00:00,2020-04-17,134,36,4,24,148
6303,831,166,2020-04-16 22:00:00,2020-04-16,152,35,3,23,155
6151,676,163,2020-04-15 22:00:00,2020-04-15,92,34,16,22,149
6059,527,147,2020-04-14 22:00:00,2020-04-14,68,33,8,21,60
5991,467,139,2020-04-13 22:00:00,2020-04-13,86,32,7,20,45
5905,422,132,2020-04-12 22:00:00,2020-04-12,170,31,9,19,52
5735,370,123,2020-04-11 22:00:00,2020-04-11,146,30,10,18,61
5589,309,113,2020-04-10 22:00:00,2020-04-10,254,29,9,17,66
5335,243,104,2020-04-09 22:00:00,2020-04-09,302,28,13,16,62
5033,181,91,2020-04-08 22:00:00,2020-04-08,205,27,11,15,54
4828,127,80,2020-04-07 22:00:00,2020-04-07,237,26,8,14,31
4591,96,72,2020-04-06 22:00:00,2020-04-06,116,25,10,13,18
4475,78,62,2020-04-05 22:00:00,2020-04-05,281,24,6,12,4
4194,74,56,2020-04-04 21:00:00,2020-04-04,325,23,10,11,3
3869,71,46,2020-04-03 21:00:00,2020-04-03,265,22,6,10,10
3604,61,40,2020-04-02 21:00:00,2020-04-02,274,21,8,9,16
3330,45,32,2020-04-01 21:00:00,2020-04-01,328,20,7,8,20
3002,25,25,2020-03-31 21:00:00,2020-03-31,143,19,8,7,14
2859,11,17,2020-03-30 21:00:00,2020-03-30,190,18,4,6,0
2669,11,13,2020-03-29 21:00:00,2020-03-29,247,17,4,5,0
2422,11,9,2020-03-28 21:00:00,2020-03-28,360,16,0,4,1
2062,10,9,2020-03-27 21:10:00,2020-03-27,287,15,3,3,0
1775,10,6,2020-03-26 22:20:00,2020-03-26,278,14,1,2,0
1497,10,5,2020-03-25 23:20:00,2020-03-25,208,13,3,1,3
1289,7,2,2020-03-24 21:20:00,2020-03-24,124,12,1,0,1
1165,6,1,2020-03-23 21:40:00,2020-03-23,170,11,1,0,0
995,6,0,2020-03-22 21:00:00,2020-03-22,91,10,0,0,2
904,4,0,2020-03-21 21:00:00,2020-03-21,130,9,0,0,1
774,3,0,2020-03-20 21:20:00,2020-03-20,202,8,0,0,0
572,3,0,2020-03-19 21:30:00,2020-03-19,108,7,0,0,0
464,3,0,2020-03-18 22:00:00,2020-03-18,81,6,0,0,0
383,3,0,2020-03-17 21:00:00,2020-03-17,85,5,0,0,3
298,0,0,2020-03-16 21:00:00,2020-03-16,67,4,0,0,0
231,0,0,2020-03-15 21:00:00,2020-03-15,81,3,0,0,0
150,0,0,2020-03-14 21:00:00,2020-03-14,33,2,0,0,0
117,0,0,2020-03-13 21:00:00,2020-03-13,23,1,0,0,0
94,0,0,2020-03-12 21:00:00,2020-03-12,30,0,0,0,0
64,0,0,2020-03-11 21:00:00,2020-03-11,24,0,0,0,0
40,0,0,2020-03-10 21:00:00,2020-03-10,8,0,0,0,0
32,0,0,2020-03-09 21:00:00,2020-03-09,6,0,0,0,0
26,0,0,2020-03-08 21:00:00,2020-03-08,7,0,0,0,0
19,0,0,2020-03-07 21:00:00,2020-03-07,7,0,0,0,0
12,0,0,2020-03-06 21:00:00,2020-03-06,4,0,0,0,0
8,0,0,2020-03-05 21:00:00,2020-03-05,3,0,0,0,0
5,0,0,2020-03-04 21:00:00,2020-03-04,0,0,0,0,0
5,0,0,2020-03-03 21:00:00,2020-03-03,2,0,0,0,0
3,0,0,2020-03-02 21:00:00,2020-03-02,3,0,0,0,0
0,0,0,2020-03-01 21:00:00,2020-03-01,0,0,0,0,0
0,0,0,2020-02-29 21:00:00,2020-02-29,0,0,0,0,0
0,0,0,2020-02-28 21:00:00,2020-02-28,0,0,0,0,0
0,0,0,2020-02-27 21:00:00,2020-02-27,0,0,0,0,0
0,0,0,2020-02-26 21:00:00,2020-02-26,0,0,0,0,0
0,0,0,2020-02-25 21:00:00,2020-02-25,0,0,0,0,0
0,0,0,2020-02-24 21:00:00,2020-02-24,0,0,0,0,0
0,0,0,2020-02-23 21:00:00,2020-02-23,0,0,0,0,0
0,0,0,2020-02-22 21:00:00,2020-02-22,0,0,0,0,0
0,0,0,2020-02-21 21:00:00,2020-02-21,0,0,0,0,0
0,0,0,2020-02-20 21:00:00,2020-02-20,0,0,0,0,0
0,0,0,2020-02-19 21:00:00,2020-02-19,0,0,0,0,0
0,0,0,2020-02-18 21:00:00,2020-02-18,0,0,0,0,0
0,0,0,2020-02-17 21:00:00,2020-02-17,0,0,0,0,0
0,0,0,2020-02-16 21:00:00,2020-02-16,0,0,0,0,0
0,0,0,2020-02-15 21:00:00,2020-02-15,0,0,0,0,0
0,0,0,2020-02-14 21:00:00,2020-02-14,0,0,0,0,0
0,0,0,2020-02-13 21:00:00,2020-02-13,0,0,0,0,0
0,0,0,2020-02-12 21:00:00,2020-02-12,0,0,0,0,0
0,0,0,2020-02-11 20:30:00,2020-02-11,0,0,0,0,0
0,0,0,2020-02-10 21:00:00,2020-02-10,0,0,0,0,0
0,0,0,2020-02-09 21:00:00,2020-02-09,0,0,0,0,0
0,0,0,2020-02-08 21:00:00,2020-02-08,0,0,0,0,0
0,0,0,2020-02-07 21:00:00,2020-02-07,0,0,0,0,0
0,0,0,2020-02-06 21:00:00,2020-02-06,0,0,0,0,0
0,0,0,2020-02-05 21:00:00,2020-02-05,0,0,0,0,0
0,0,0,2020-02-04 20:00:00,2020-02-04,0,0,0,0,0
0,0,0,2020-02-03 20:00:00,2020-02-03,0,0,0,0,0
0,0,0,2020-02-02 20:00:00,2020-02-02,0,0,0,0,0
0,0,0,2020-02-01 10:00:00,2020-02-01,0,0,0,0,0
0,0,0,2020-01-31 12:30:00,2020-01-31,0,0,0,0,0
0,0,0,2020-01-30 12:00:00,2020-01-30,0,0,0,0,0
0,0,0,2020-01-29 14:00:00,2020-01-29,0,0,0,0,0
0,0,0,2020-01-28 11:30:00,2020-01-28,0,0,0,0,0
0,0,0,2020-01-27 14:00:00,2020-01-27,0,0,0,0,0
0,0,0,2020-01-26 13:00:00,2020-01-26,0,0,0,0,0
0,0,0,2020-01-25 15:00:00,2020-01-25,0,0,0,0,0
0,0,0,2020-01-24 15:00:00,2020-01-24,0,0,0,0,0
0,0,0,2020-01-23 15:00:00,2020-01-23,0,0,0,0,0
0,0,0,2020-01-22 15:00:00,2020-01-22,0,0,0,0,0
0,0,0,2020-01-21 15:00:00,2020-01-21,0,0,0,0,0
