Confirmed,Recovered,Deaths,Date_last_updated_AEDT,date_day,New,DayElapsed,New_death,DayElapsed_death,New_recover
71299,19288,3120,2020-07-03 22:00:00,2020-07-03,1485,111,86,109,407
69814,18881,3034,2020-07-02 22:00:00,2020-07-02,1503,110,81,108,421
68311,18460,2953,2020-07-01 22:00:00,2020-07-01,1557,109,81,107,509
66754,17951,2872,2020-06-30 22:00:00,2020-06-30,1566,108,83,106,412
65188,17539,2789,2020-06-29 22:00:00,2020-06-29,1265,107,81,105,399
63923,17140,2708,2020-06-28 22:00:00,2020-06-28,1168,106,88,104,403
62755,16737,2620,2020-06-27 22:00:00,2020-06-27,1625,105,87,103,399
61130,16338,2533,2020-06-26 22:00:00,2020-06-26,1569,104,83,102,403
59561,15935,2450,2020-06-25 22:00:00,2020-06-25,1420,103,85,101,400
58141,15535,2365,2020-06-24 22:00:00,2020-06-24,1332,102,87,100,402
56809,15133,2278,2020-06-23 22:00:00,2020-06-23,1576,101,85,99,397
55233,14736,2193,2020-06-22 22:00:00,2020-06-22,1475,100,87,98,409
53758,14327,2106,2020-06-21 22:00:00,2020-06-21,1547,99,89,97,399
52211,13928,2017,2020-06-20 22:00:00,2020-06-20,1774,98,79,96,400
50437,13528,1938,2020-06-19 22:00:00,2020-06-19,1218,97,88,95,387
49219,13141,1850,2020-06-18 22:00:00,2020-06-18,1363,96,84,94,411
47856,12730,1766,2020-06-17 22:00:00,2020-06-17,1567,95,94,93,401
46289,12329,1672,2020-06-16 22:00:00,2020-06-16,1691,94,97,92,398
44598,11931,1575,2020-06-15 22:00:00,2020-06-15,1618,93,91,91,402
42980,11529,1484,2020-06-14 22:00:00,2020-06-14,1677,92,62,90,421
41303,11108,1422,2020-06-13 22:00:00,2020-06-13,1577,91,45,89,417
39726,10691,1377,2020-06-12 22:00:00,2020-06-12,1442,90,35,88,402
38284,10289,1342,2020-06-11 22:00:00,2020-06-11,1455,89,36,87,503
36829,9786,1306,2020-06-10 22:00:00,2020-06-10,1385,88,35,86,411
35444,9375,1271,2020-06-09 22:00:00,2020-06-09,1365,87,34,85,414
34079,8961,1237,2020-06-08 22:00:00,2020-06-08,1467,86,39,84,423
32612,8538,1198,2020-06-07 22:00:00,2020-06-07,1497,85,32,83,380
31115,8158,1166,2020-06-06 22:00:00,2020-06-06,1348,84,40,82,402
29767,7756,1126,2020-06-05 22:00:00,2020-06-05,1152,83,38,81,406
28615,7350,1088,2020-06-04 22:00:00,2020-06-04,1079,82,36,80,523
27536,6827,1052,2020-06-03 22:00:00,2020-06-03,1152,81,47,79,380
26384,6447,1005,2020-06-02 22:00:00,2020-06-02,1399,80,46,78,410
24985,6037,959,2020-06-01 22:00:00,2020-06-01,1536,79,46,77,344
23449,5693,913,2020-05-31 22:00:00,2020-05-31,1367,78,34,76,182
22082,5511,879,2020-05-30 22:00:00,2020-05-30,1289,77,34,75,152
20793,5359,845,2020-05-29 22:00:00,2020-05-29,1127,76,29,74,154
19666,5205,816,2020-05-28 22:00:00,2020-05-28,910,75,19,73,178
18756,5027,797,2020-05-27 22:00:00,2020-05-27,789,74,14,72,127
17967,4900,783,2020-05-26 22:00:00,2020-05-26,702,73,19,71,93
17265,4807,764,2020-05-25 22:00:00,2020-05-25,752,72,29,70,179
16513,4628,735,2020-05-24 22:00:00,2020-05-24,727,71,28,69,254
15786,4374,707,2020-05-23 22:00:00,2020-05-23,783,70,11,68,157
15003,4217,696,2020-05-22 22:00:00,2020-05-22,774,69,16,67,223
14229,3994,680,2020-05-21 22:00:00,2020-05-21,745,68,21,66,252
13484,3742,659,2020-05-20 22:00:00,2020-05-20,720,67,14,65,302
12764,3440,645,2020-05-19 22:00:00,2020-05-19,535,66,15,64,268
12229,3172,630,2020-05-18 22:00:00,2020-05-18,510,65,18,63,222
11719,2950,612,2020-05-17 22:00:00,2020-05-17,491,64,20,62,151
11228,2799,592,2020-05-16 22:00:00,2020-05-16,399,63,21,61,173
10829,2626,571,2020-05-15 22:00:00,2020-05-15,398,62,15,60,140
10431,2486,556,2020-05-14 22:00:00,2020-05-14,338,61,12,59,160
10093,2326,544,2020-05-13 22:00:00,2020-05-13,347,60,11,58,154
9746,2172,533,2020-05-12 22:00:00,2020-05-12,346,59,8,57,97
9400,2075,525,2020-05-11 22:00:00,2020-05-11,436,58,11,56,73
8964,2002,514,2020-05-10 22:00:00,2020-05-10,488,57,11,55,57
8476,1945,503,2020-05-09 22:00:00,2020-05-09,495,56,21,54,58
7981,1887,482,2020-05-08 22:00:00,2020-05-08,393,55,13,53,72
7588,1815,469,2020-05-07 22:00:00,2020-05-07,387,54,17,52,85
7201,1730,452,2020-05-06 22:00:00,2020-05-06,388,53,16,51,98
6813,1632,436,2020-05-05 22:00:00,2020-05-05,348,52,7,50,70
6465,1562,429,2020-05-04 22:00:00,2020-05-04,272,51,14,49,40
6193,1522,415,2020-05-03 22:00:00,2020-05-03,298,50,9,48,62
5895,1460,406,2020-05-02 22:00:00,2020-05-02,358,49,14,47,79
5537,1381,392,2020-05-01 22:00:00,2020-05-01,269,48,12,46,46
5268,1335,380,2020-04-30 22:00:00,2020-04-30,226,47,21,45,31
5042,1304,359,2020-04-29 22:00:00,2020-04-29,260,46,22,44,68
4782,1236,337,2020-04-28 22:00:00,2020-04-28,248,45,20,43,60
4534,1176,317,2020-04-27 22:00:00,2020-04-27,215,44,10,42,62
4319,1114,307,2020-04-26 22:00:00,2020-04-26,227,43,13,41,39
4092,1075,294,2020-04-25 22:00:00,2020-04-25,201,42,7,40,71
3891,1004,287,2020-04-24 22:00:00,2020-04-24,232,41,11,39,69
3659,935,276,2020-04-23 22:00:00,2020-04-23,169,40,12,38,65
3490,870,264,2020-04-22 22:00:00,2020-04-22,157,39,14,37,49
3333,821,250,2020-04-21 22:00:00,2020-04-21,189,38,11,36,89
3144,732,239,2020-04-20 22:00:00,2020-04-20,112,37,15,35,31
3032,701,224,2020-04-19 22:00:00,2020-04-19,188,36,19,34,55
2844,646,205,2020-04-18 22:00:00,2020-04-18,171,35,9,33,50
2673,596,196,2020-04-17 22:00:00,2020-04-17,168,34,13,32,7
2505,589,183,2020-04-16 22:00:00,2020-04-16,155,33,5,31,0
2350,589,178,2020-04-15 22:00:00,2020-04-15,160,32,14,30,0
2190,589,164,2020-04-14 22:00:00,2020-04-14,125,31,5,29,0
2065,589,159,2020-04-13 22:00:00,2020-04-13,126,30,13,28,163
1939,426,146,2020-04-12 22:00:00,2020-04-12,145,29,11,27,42
1794,384,135,2020-04-11 22:00:00,2020-04-11,95,28,17,26,36
1699,348,118,2020-04-10 22:00:00,2020-04-10,139,27,15,25,43
1560,305,103,2020-04-09 22:00:00,2020-04-09,110,26,9,24,29
1450,276,94,2020-04-08 22:00:00,2020-04-08,128,25,9,23,17
1322,259,85,2020-04-07 22:00:00,2020-04-07,149,24,7,22,12
1173,247,78,2020-04-06 22:00:00,2020-04-06,103,23,7,21,6
1070,241,71,2020-04-05 22:00:00,2020-04-05,85,22,5,20,25
985,216,66,2020-04-04 21:00:00,2020-04-04,120,21,8,19,15
865,201,58,2020-04-03 21:00:00,2020-04-03,86,20,6,18,22
779,179,52,2020-04-02 21:00:00,2020-04-02,69,19,6,17,22
710,157,46,2020-04-01 21:00:00,2020-04-01,54,18,5,16,7
656,150,41,2020-03-31 21:00:00,2020-03-31,47,17,1,15,18
609,132,40,2020-03-30 21:00:00,2020-03-30,33,16,4,14,11
576,121,36,2020-03-29 21:00:00,2020-03-29,40,15,6,13,5
536,116,30,2020-03-28 21:00:00,2020-03-28,41,14,6,12,14
495,102,24,2020-03-27 21:10:00,2020-03-27,39,13,3,11,7
456,95,21,2020-03-26 22:20:00,2020-03-26,54,12,1,10,15
402,80,20,2020-03-25 23:20:00,2020-03-25,36,11,1,9,12
366,68,19,2020-03-24 21:20:00,2020-03-24,39,10,5,8,12
327,56,14,2020-03-23 21:40:00,2020-03-23,33,9,4,7,14
294,42,10,2020-03-22 21:00:00,2020-03-22,9,8,2,6,0
285,42,8,2020-03-21 21:00:00,2020-03-21,29,7,1,5,0
256,42,7,2020-03-20 21:20:00,2020-03-20,46,6,1,4,14
210,28,6,2020-03-19 21:30:00,2020-03-19,14,5,0,3,2
196,26,6,2020-03-18 22:00:00,2020-03-18,30,4,2,2,-6
166,32,4,2020-03-17 21:00:00,2020-03-17,40,3,2,1,0
126,32,2,2020-03-16 21:00:00,2020-03-16,16,2,0,0,5
110,27,2,2020-03-15 21:00:00,2020-03-15,17,1,0,0,0
93,27,2,2020-03-14 21:00:00,2020-03-14,13,0,0,0,0
80,27,2,2020-03-13 21:00:00,2020-03-13,13,0,1,0,0
67,27,1,2020-03-12 21:00:00,2020-03-12,8,0,0,0,1
59,26,1,2020-03-11 21:00:00,2020-03-11,0,0,0,0,25
59,1,1,2020-03-10 21:00:00,2020-03-10,4,0,0,0,0
55,1,1,2020-03-09 21:00:00,2020-03-09,7,0,1,0,0
48,1,0,2020-03-08 21:00:00,2020-03-08,33,0,0,0,0
15,1,0,2020-03-07 21:00:00,2020-03-07,12,0,0,0,0
3,1,0,2020-03-06 21:00:00,2020-03-06,1,0,0,0,0
2,1,0,2020-03-05 21:00:00,2020-03-05,0,0,0,0,0
2,1,0,2020-03-04 21:00:00,2020-03-04,0,0,0,0,0
2,1,0,2020-03-03 21:00:00,2020-03-03,0,0,0,0,0
2,1,0,2020-03-02 21:00:00,2020-03-02,1,0,0,0,0
1,1,0,2020-03-01 21:00:00,2020-03-01,0,0,0,0,0
1,1,0,2020-02-29 21:00:00,2020-02-29,0,0,0,0,0
1,1,0,2020-02-28 21:00:00,2020-02-28,0,0,0,0,0
1,1,0,2020-02-27 21:00:00,2020-02-27,0,0,0,0,0
1,1,0,2020-02-26 21:00:00,2020-02-26,0,0,0,0,0
1,1,0,2020-02-25 21:00:00,2020-02-25,0,0,0,0,0
1,1,0,2020-02-24 21:00:00,2020-02-24,0,0,0,0,0
1,1,0,2020-02-23 21:00:00,2020-02-23,0,0,0,0,0
1,1,0,2020-02-22 21:00:00,2020-02-22,0,0,0,0,0
1,1,0,2020-02-21 21:00:00,2020-02-21,0,0,0,0,1
1,0,0,2020-02-20 21:00:00,2020-02-20,0,0,0,0,0
1,0,0,2020-02-19 21:00:00,2020-02-19,0,0,0,0,0
1,0,0,2020-02-18 21:00:00,2020-02-18,0,0,0,0,0
1,0,0,2020-02-17 21:00:00,2020-02-17,0,0,0,0,0
1,0,0,2020-02-16 21:00:00,2020-02-16,0,0,0,0,0
1,0,0,2020-02-15 21:00:00,2020-02-15,1,0,0,0,0
0,0,0,2020-02-14 21:00:00,2020-02-14,0,0,0,0,0
0,0,0,2020-02-13 21:00:00,2020-02-13,0,0,0,0,0
0,0,0,2020-02-12 21:00:00,2020-02-12,0,0,0,0,0
0,0,0,2020-02-11 20:30:00,2020-02-11,0,0,0,0,0
0,0,0,2020-02-10 21:00:00,2020-02-10,0,0,0,0,0
0,0,0,2020-02-09 21:00:00,2020-02-09,0,0,0,0,0
0,0,0,2020-02-08 21:00:00,2020-02-08,0,0,0,0,0
0,0,0,2020-02-07 21:00:00,2020-02-07,0,0,0,0,0
0,0,0,2020-02-06 21:00:00,2020-02-06,0,0,0,0,0
0,0,0,2020-02-05 21:00:00,2020-02-05,0,0,0,0,0
0,0,0,2020-02-04 20:00:00,2020-02-04,0,0,0,0,0
0,0,0,2020-02-03 20:00:00,2020-02-03,0,0,0,0,0
0,0,0,2020-02-02 20:00:00,2020-02-02,0,0,0,0,0
0,0,0,2020-02-01 10:00:00,2020-02-01,0,0,0,0,0
0,0,0,2020-01-31 12:30:00,2020-01-31,0,0,0,0,0
0,0,0,2020-01-30 12:00:00,2020-01-30,0,0,0,0,0
0,0,0,2020-01-29 14:00:00,2020-01-29,0,0,0,0,0
0,0,0,2020-01-28 11:30:00,2020-01-28,0,0,0,0,0
0,0,0,2020-01-27 14:00:00,2020-01-27,0,0,0,0,0
0,0,0,2020-01-26 13:00:00,2020-01-26,0,0,0,0,0
0,0,0,2020-01-25 15:00:00,2020-01-25,0,0,0,0,0
0,0,0,2020-01-24 15:00:00,2020-01-24,0,0,0,0,0
0,0,0,2020-01-23 15:00:00,2020-01-23,0,0,0,0,0
0,0,0,2020-01-22 15:00:00,2020-01-22,0,0,0,0,0
0,0,0,2020-01-21 15:00:00,2020-01-21,0,0,0,0,0
