Confirmed,Recovered,Deaths,Date_last_updated_AEDT,date_day,New,DayElapsed,New_death,DayElapsed_death,New_recover
7402,2430,124,2020-07-12 22:00:00,2020-07-12,282,86,0,93,0
7120,2430,124,2020-07-11 22:00:00,2020-07-11,147,85,4,92,0
6973,2430,120,2020-07-10 22:00:00,2020-07-10,199,84,0,91,0
6774,2430,120,2020-07-09 22:00:00,2020-07-09,928,83,17,90,0
5846,2430,103,2020-07-08 22:00:00,2020-07-08,0,82,0,89,0
5846,2430,103,2020-07-07 22:00:00,2020-07-07,0,81,0,88,0
5846,2430,103,2020-07-06 22:00:00,2020-07-06,0,80,0,87,0
5846,2430,103,2020-07-05 22:00:00,2020-07-05,0,79,0,86,0
5846,2430,103,2020-07-04 22:00:00,2020-07-04,0,78,0,85,0
5846,2430,103,2020-07-03 22:00:00,2020-07-03,0,77,0,84,0
5846,2430,103,2020-07-02 22:00:00,2020-07-02,0,76,0,83,0
5846,2430,103,2020-07-01 22:00:00,2020-07-01,0,75,0,82,0
5846,2430,103,2020-06-30 22:00:00,2020-06-30,157,74,5,81,298
5689,2132,98,2020-06-29 22:00:00,2020-06-29,119,73,4,80,117
5570,2015,94,2020-06-28 22:00:00,2020-06-28,145,72,5,79,327
5425,1688,89,2020-06-27 22:00:00,2020-06-27,250,71,8,78,144
5175,1544,81,2020-06-26 22:00:00,2020-06-26,141,70,3,77,58
5034,1486,78,2020-06-25 22:00:00,2020-06-25,186,69,3,76,74
4848,1412,75,2020-06-24 22:00:00,2020-06-24,185,68,0,75,115
4663,1297,75,2020-06-23 22:00:00,2020-06-23,131,67,1,74,84
4532,1213,74,2020-06-22 22:00:00,2020-06-22,63,66,2,73,91
4469,1122,72,2020-06-21 22:00:00,2020-06-21,399,65,0,72,93
4070,1029,72,2020-06-20 22:00:00,2020-06-20,116,64,7,71,95
3954,934,65,2020-06-19 22:00:00,2020-06-19,195,63,2,70,85
3759,849,63,2020-06-18 22:00:00,2020-06-18,129,62,2,69,111
3630,738,61,2020-06-17 22:00:00,2020-06-17,109,61,1,68,118
3521,620,60,2020-06-16 22:00:00,2020-06-16,176,60,3,67,75
3345,545,57,2020-06-15 22:00:00,2020-06-15,179,59,2,66,50
3166,495,55,2020-06-14 22:00:00,2020-06-14,251,58,8,65,44
2915,451,47,2020-06-13 22:00:00,2020-06-13,245,57,7,64,17
2670,434,40,2020-06-12 22:00:00,2020-06-12,164,56,5,63,33
2506,401,35,2020-06-11 22:00:00,2020-06-11,0,55,0,62,0
2506,401,35,2020-06-10 22:00:00,2020-06-10,350,54,8,61,40
2156,361,27,2020-06-09 22:00:00,2020-06-09,136,53,0,60,17
2020,344,27,2020-06-08 22:00:00,2020-06-08,86,52,7,59,63
1934,281,20,2020-06-07 22:00:00,2020-06-07,0,51,0,58,0
1934,281,20,2020-06-06 22:00:00,2020-06-06,298,50,2,57,31
1636,250,18,2020-06-05 22:00:00,2020-06-05,0,49,0,56,0
1636,250,18,2020-06-04 22:00:00,2020-06-04,292,48,4,55,19
1344,231,14,2020-06-03 22:00:00,2020-06-03,0,47,0,54,0
1344,231,14,2020-06-02 22:00:00,2020-06-02,87,46,2,53,14
1257,217,12,2020-06-01 22:00:00,2020-06-01,194,45,4,52,9
1063,208,8,2020-05-31 22:00:00,2020-05-31,0,44,0,51,0
1063,208,8,2020-05-30 22:00:00,2020-05-30,232,43,1,50,17
831,191,7,2020-05-29 22:00:00,2020-05-29,0,42,0,49,0
831,191,7,2020-05-28 22:00:00,2020-05-28,100,41,1,48,10
731,181,6,2020-05-27 22:00:00,2020-05-27,30,40,0,47,14
701,167,6,2020-05-26 22:00:00,2020-05-26,119,39,1,46,15
582,152,5,2020-05-25 22:00:00,2020-05-25,0,38,0,45,0
582,152,5,2020-05-24 22:00:00,2020-05-24,88,37,0,44,1
494,151,5,2020-05-23 22:00:00,2020-05-23,65,36,0,43,23
429,128,5,2020-05-22 22:00:00,2020-05-22,31,35,0,42,5
398,123,5,2020-05-21 22:00:00,2020-05-21,9,34,0,41,1
389,122,5,2020-05-20 22:00:00,2020-05-20,24,33,0,40,2
365,120,5,2020-05-19 22:00:00,2020-05-19,13,32,0,39,4
352,116,5,2020-05-18 22:00:00,2020-05-18,35,31,0,38,3
317,113,5,2020-05-17 22:00:00,2020-05-17,11,30,0,37,0
306,113,5,2020-05-16 22:00:00,2020-05-16,19,29,0,36,1
287,112,5,2020-05-15 22:00:00,2020-05-15,15,28,0,35,4
272,108,5,2020-05-14 22:00:00,2020-05-14,9,27,0,34,0
263,108,5,2020-05-13 22:00:00,2020-05-13,2,26,0,33,2
261,106,5,2020-05-12 22:00:00,2020-05-12,11,25,0,32,1
250,105,5,2020-05-11 22:00:00,2020-05-11,11,24,0,31,6
239,99,5,2020-05-10 22:00:00,2020-05-10,29,23,0,30,2
210,97,5,2020-05-09 22:00:00,2020-05-09,16,22,1,29,2
194,95,4,2020-05-08 22:00:00,2020-05-08,7,21,0,28,2
187,93,4,2020-05-07 22:00:00,2020-05-07,25,20,0,27,0
162,93,4,2020-05-06 22:00:00,2020-05-06,17,19,0,26,2
145,91,4,2020-05-05 22:00:00,2020-05-05,5,18,1,25,16
140,75,3,2020-05-04 22:00:00,2020-05-04,5,17,0,24,0
135,75,3,2020-05-03 22:00:00,2020-05-03,2,16,0,23,6
133,69,3,2020-05-02 22:00:00,2020-05-02,0,15,0,22,3
133,66,3,2020-05-01 22:00:00,2020-05-01,2,14,0,21,7
131,59,3,2020-04-30 22:00:00,2020-04-30,1,13,0,20,1
130,58,3,2020-04-29 22:00:00,2020-04-29,4,12,0,19,8
126,50,3,2020-04-28 22:00:00,2020-04-28,2,11,0,18,0
124,50,3,2020-04-27 22:00:00,2020-04-27,1,10,0,17,9
123,41,3,2020-04-26 22:00:00,2020-04-26,1,9,0,16,12
122,29,3,2020-04-25 22:00:00,2020-04-25,5,8,0,15,4
117,25,3,2020-04-24 22:00:00,2020-04-24,1,7,0,14,4
116,21,3,2020-04-23 22:00:00,2020-04-23,0,6,0,13,0
116,21,3,2020-04-22 22:00:00,2020-04-22,2,5,0,12,5
114,16,3,2020-04-21 22:00:00,2020-04-21,3,4,0,11,0
111,16,3,2020-04-20 22:00:00,2020-04-20,3,3,0,10,0
108,16,3,2020-04-19 22:00:00,2020-04-19,3,2,0,9,0
105,16,3,2020-04-18 22:00:00,2020-04-18,9,1,0,8,1
96,15,3,2020-04-17 22:00:00,2020-04-17,4,0,0,7,0
92,15,3,2020-04-16 22:00:00,2020-04-16,7,0,0,6,0
85,15,3,2020-04-15 22:00:00,2020-04-15,3,0,0,5,1
82,14,3,2020-04-14 22:00:00,2020-04-14,8,0,0,4,0
74,14,3,2020-04-13 22:00:00,2020-04-13,3,0,0,3,4
71,10,3,2020-04-12 22:00:00,2020-04-12,2,0,0,2,0
69,10,3,2020-04-11 22:00:00,2020-04-11,4,0,1,1,6
65,4,2,2020-04-10 22:00:00,2020-04-10,9,0,0,0,0
56,4,2,2020-04-09 22:00:00,2020-04-09,1,0,0,0,0
55,4,2,2020-04-08 22:00:00,2020-04-08,3,0,0,0,0
52,4,2,2020-04-07 22:00:00,2020-04-07,8,0,0,0,0
44,4,2,2020-04-06 22:00:00,2020-04-06,1,0,2,0,0
43,4,0,2020-04-05 22:00:00,2020-04-05,5,0,0,0,1
38,3,0,2020-04-04 21:00:00,2020-04-04,3,0,0,0,0
35,3,0,2020-04-03 21:00:00,2020-04-03,6,0,0,0,0
29,3,0,2020-04-02 21:00:00,2020-04-02,0,0,0,0,1
29,2,0,2020-04-01 21:00:00,2020-04-01,4,0,0,0,0
25,2,0,2020-03-31 21:00:00,2020-03-31,2,0,0,0,1
23,1,0,2020-03-30 21:00:00,2020-03-30,4,0,0,0,0
19,1,0,2020-03-29 21:00:00,2020-03-29,3,0,0,0,1
16,0,0,2020-03-28 21:00:00,2020-03-28,0,0,0,0,0
16,0,0,2020-03-27 21:10:00,2020-03-27,4,0,0,0,0
12,0,0,2020-03-26 22:20:00,2020-03-26,0,0,0,0,0
12,0,0,2020-03-25 23:20:00,2020-03-25,0,0,0,0,0
12,0,0,2020-03-24 21:20:00,2020-03-24,1,0,0,0,0
11,0,0,2020-03-23 21:40:00,2020-03-23,2,0,0,0,0
9,0,0,2020-03-22 21:00:00,2020-03-22,0,0,0,0,0
9,0,0,2020-03-21 21:00:00,2020-03-21,0,0,0,0,0
9,0,0,2020-03-20 21:20:00,2020-03-20,3,0,0,0,0
6,0,0,2020-03-19 21:30:00,2020-03-19,0,0,0,0,0
6,0,0,2020-03-18 22:00:00,2020-03-18,1,0,0,0,0
5,0,0,2020-03-17 21:00:00,2020-03-17,0,0,0,0,0
5,0,0,2020-03-16 21:00:00,2020-03-16,4,0,0,0,0
1,0,0,2020-03-15 21:00:00,2020-03-15,0,0,0,0,0
1,0,0,2020-03-14 21:00:00,2020-03-14,1,0,0,0,0
0,0,0,2020-03-13 21:00:00,2020-03-13,0,0,0,0,0
0,0,0,2020-03-12 21:00:00,2020-03-12,0,0,0,0,0
0,0,0,2020-03-11 21:00:00,2020-03-11,0,0,0,0,0
0,0,0,2020-03-10 21:00:00,2020-03-10,0,0,0,0,0
0,0,0,2020-03-09 21:00:00,2020-03-09,0,0,0,0,0
0,0,0,2020-03-08 21:00:00,2020-03-08,0,0,0,0,0
0,0,0,2020-03-07 21:00:00,2020-03-07,0,0,0,0,0
0,0,0,2020-03-06 21:00:00,2020-03-06,0,0,0,0,0
0,0,0,2020-03-05 21:00:00,2020-03-05,0,0,0,0,0
0,0,0,2020-03-04 21:00:00,2020-03-04,0,0,0,0,0
0,0,0,2020-03-03 21:00:00,2020-03-03,0,0,0,0,0
0,0,0,2020-03-02 21:00:00,2020-03-02,0,0,0,0,0
0,0,0,2020-03-01 21:00:00,2020-03-01,0,0,0,0,0
0,0,0,2020-02-29 21:00:00,2020-02-29,0,0,0,0,0
0,0,0,2020-02-28 21:00:00,2020-02-28,0,0,0,0,0
0,0,0,2020-02-27 21:00:00,2020-02-27,0,0,0,0,0
0,0,0,2020-02-26 21:00:00,2020-02-26,0,0,0,0,0
0,0,0,2020-02-25 21:00:00,2020-02-25,0,0,0,0,0
0,0,0,2020-02-24 21:00:00,2020-02-24,0,0,0,0,0
0,0,0,2020-02-23 21:00:00,2020-02-23,0,0,0,0,0
0,0,0,2020-02-22 21:00:00,2020-02-22,0,0,0,0,0
0,0,0,2020-02-21 21:00:00,2020-02-21,0,0,0,0,0
0,0,0,2020-02-20 21:00:00,2020-02-20,0,0,0,0,0
0,0,0,2020-02-19 21:00:00,2020-02-19,0,0,0,0,0
0,0,0,2020-02-18 21:00:00,2020-02-18,0,0,0,0,0
0,0,0,2020-02-17 21:00:00,2020-02-17,0,0,0,0,0
0,0,0,2020-02-16 21:00:00,2020-02-16,0,0,0,0,0
0,0,0,2020-02-15 21:00:00,2020-02-15,0,0,0,0,0
0,0,0,2020-02-14 21:00:00,2020-02-14,0,0,0,0,0
0,0,0,2020-02-13 21:00:00,2020-02-13,0,0,0,0,0
0,0,0,2020-02-12 21:00:00,2020-02-12,0,0,0,0,0
0,0,0,2020-02-11 20:30:00,2020-02-11,0,0,0,0,0
0,0,0,2020-02-10 21:00:00,2020-02-10,0,0,0,0,0
0,0,0,2020-02-09 21:00:00,2020-02-09,0,0,0,0,0
0,0,0,2020-02-08 21:00:00,2020-02-08,0,0,0,0,0
0,0,0,2020-02-07 21:00:00,2020-02-07,0,0,0,0,0
0,0,0,2020-02-06 21:00:00,2020-02-06,0,0,0,0,0
0,0,0,2020-02-05 21:00:00,2020-02-05,0,0,0,0,0
0,0,0,2020-02-04 20:00:00,2020-02-04,0,0,0,0,0
0,0,0,2020-02-03 20:00:00,2020-02-03,0,0,0,0,0
0,0,0,2020-02-02 20:00:00,2020-02-02,0,0,0,0,0
0,0,0,2020-02-01 10:00:00,2020-02-01,0,0,0,0,0
0,0,0,2020-01-31 12:30:00,2020-01-31,0,0,0,0,0
0,0,0,2020-01-30 12:00:00,2020-01-30,0,0,0,0,0
0,0,0,2020-01-29 14:00:00,2020-01-29,0,0,0,0,0
0,0,0,2020-01-28 11:30:00,2020-01-28,0,0,0,0,0
0,0,0,2020-01-27 14:00:00,2020-01-27,0,0,0,0,0
0,0,0,2020-01-26 13:00:00,2020-01-26,0,0,0,0,0
0,0,0,2020-01-25 15:00:00,2020-01-25,0,0,0,0,0
0,0,0,2020-01-24 15:00:00,2020-01-24,0,0,0,0,0
0,0,0,2020-01-23 15:00:00,2020-01-23,0,0,0,0,0
0,0,0,2020-01-22 15:00:00,2020-01-22,0,0,0,0,0
0,0,0,2020-01-21 15:00:00,2020-01-21,0,0,0,0,0
