Confirmed,Recovered,Deaths,Date_last_updated_AEDT,date_day,New,DayElapsed,New_death,DayElapsed_death,New_recover
11984,8988,107,2020-08-04 22:00:00,2020-08-04,86,103,1,103,24
11898,8964,106,2020-08-03 22:00:00,2020-08-03,20,102,0,102,3
11878,8961,106,2020-08-02 22:00:00,2020-08-02,127,101,2,101,849
11751,8112,104,2020-08-01 22:00:00,2020-08-01,0,100,0,100,0
11751,8112,104,2020-07-31 22:00:00,2020-07-31,59,99,0,99,573
11692,7539,104,2020-07-30 22:00:00,2020-07-30,67,98,2,98,275
11625,7264,102,2020-07-29 22:00:00,2020-07-29,135,97,0,97,321
11490,6943,102,2020-07-28 22:00:00,2020-07-28,72,96,1,96,338
11418,6605,101,2020-07-27 22:00:00,2020-07-27,27,95,1,95,3
11391,6602,100,2020-07-26 22:00:00,2020-07-26,73,94,0,94,35
11318,6567,100,2020-07-25 22:00:00,2020-07-25,144,93,0,93,243
11174,6324,100,2020-07-24 22:00:00,2020-07-24,141,92,1,92,22
11033,6302,99,2020-07-23 22:00:00,2020-07-23,222,91,0,91,107
10811,6195,99,2020-07-22 22:00:00,2020-07-22,162,90,1,90,65
10649,6130,98,2020-07-21 22:00:00,2020-07-21,346,89,0,89,24
10303,6106,98,2020-07-20 22:00:00,2020-07-20,45,88,0,88,1
10258,6105,98,2020-07-19 22:00:00,2020-07-19,189,87,0,87,40
10069,6065,98,2020-07-18 22:00:00,2020-07-18,194,86,2,86,64
9875,6001,96,2020-07-17 22:00:00,2020-07-17,145,85,0,85,48
9730,5953,96,2020-07-16 22:00:00,2020-07-16,201,84,0,84,143
9529,5810,96,2020-07-15 22:00:00,2020-07-15,306,83,0,83,48
9223,5762,96,2020-07-14 22:00:00,2020-07-14,193,82,1,82,0
9030,5762,95,2020-07-13 22:00:00,2020-07-13,81,81,0,81,0
8949,5762,95,2020-07-12 22:00:00,2020-07-12,200,80,0,80,12
8749,5750,95,2020-07-11 22:00:00,2020-07-11,219,79,0,79,0
8530,5750,95,2020-07-10 22:00:00,2020-07-10,226,78,0,78,0
8304,5750,95,2020-07-09 22:00:00,2020-07-09,106,77,0,77,0
8198,5750,95,2020-07-08 22:00:00,2020-07-08,211,76,0,76,9
7987,5741,95,2020-07-07 22:00:00,2020-07-07,62,75,0,75,19
7925,5722,95,2020-07-06 22:00:00,2020-07-06,48,74,1,74,0
7877,5722,94,2020-07-05 22:00:00,2020-07-05,79,73,1,73,0
7798,5722,93,2020-07-04 22:00:00,2020-07-04,180,72,1,72,0
7618,5722,92,2020-07-03 22:00:00,2020-07-03,86,71,1,71,8
7532,5714,91,2020-07-02 22:00:00,2020-07-02,88,70,0,70,23
7444,5691,91,2020-07-01 22:00:00,2020-07-01,79,69,1,69,1
7365,5690,90,2020-06-30 22:00:00,2020-06-30,28,68,0,68,0
7337,5690,90,2020-06-29 22:00:00,2020-06-29,36,67,0,67,0
7301,5690,90,2020-06-28 22:00:00,2020-06-28,125,66,0,66,0
7176,5690,90,2020-06-27 22:00:00,2020-06-27,18,65,0,65,4
7158,5686,90,2020-06-26 22:00:00,2020-06-26,33,64,1,64,51
7125,5635,89,2020-06-25 22:00:00,2020-06-25,22,63,1,63,132
7103,5503,88,2020-06-24 22:00:00,2020-06-24,26,62,0,62,17
7077,5486,88,2020-06-23 22:00:00,2020-06-23,14,61,1,61,0
7063,5486,87,2020-06-22 22:00:00,2020-06-22,14,60,0,60,0
7049,5486,87,2020-06-21 22:00:00,2020-06-21,10,59,1,59,0
7039,5486,86,2020-06-20 22:00:00,2020-06-20,53,58,0,58,13
6986,5473,86,2020-06-19 22:00:00,2020-06-19,68,57,0,57,1
6918,5472,86,2020-06-18 22:00:00,2020-06-18,13,56,0,56,30
6905,5442,86,2020-06-17 22:00:00,2020-06-17,13,55,0,55,26
6892,5416,86,2020-06-16 22:00:00,2020-06-16,3,54,1,54,102
6889,5314,85,2020-06-15 22:00:00,2020-06-15,0,53,2,53,67
6889,5247,83,2020-06-14 22:00:00,2020-06-14,30,52,2,52,287
6859,4960,81,2020-06-13 22:00:00,2020-06-13,25,51,0,51,423
6834,4537,81,2020-06-12 22:00:00,2020-06-12,2,50,1,50,106
6832,4431,80,2020-06-11 22:00:00,2020-06-11,10,49,1,49,3
6822,4428,79,2020-06-10 22:00:00,2020-06-10,81,48,0,48,19
6741,4409,79,2020-06-09 22:00:00,2020-06-09,91,47,0,47,21
6650,4388,79,2020-06-08 22:00:00,2020-06-08,111,46,0,46,68
6539,4320,79,2020-06-07 22:00:00,2020-06-07,62,45,2,45,83
6477,4237,77,2020-06-06 22:00:00,2020-06-06,97,44,2,44,97
6380,4140,75,2020-06-05 22:00:00,2020-06-05,36,43,3,43,1
6344,4139,72,2020-06-04 22:00:00,2020-06-04,115,42,1,42,60
6229,4079,71,2020-06-03 22:00:00,2020-06-03,282,41,3,41,21
5947,4058,68,2020-06-02 22:00:00,2020-06-02,34,40,1,40,18
5913,4040,67,2020-06-01 22:00:00,2020-06-01,4,39,1,39,38
5909,4002,66,2020-05-31 22:00:00,2020-05-31,77,38,0,38,35
5832,3967,66,2020-05-30 22:00:00,2020-05-30,189,37,2,37,321
5643,3646,64,2020-05-29 22:00:00,2020-05-29,0,36,0,36,0
5643,3646,64,2020-05-28 22:00:00,2020-05-28,228,35,0,35,52
5415,3594,64,2020-05-27 22:00:00,2020-05-27,65,34,5,34,36
5350,3558,59,2020-05-26 22:00:00,2020-05-26,0,33,0,33,11
5350,3547,59,2020-05-25 22:00:00,2020-05-25,41,32,0,32,95
5309,3452,59,2020-05-24 22:00:00,2020-05-24,21,31,0,31,11
5288,3441,59,2020-05-23 22:00:00,2020-05-23,144,30,0,30,282
5144,3159,59,2020-05-22 22:00:00,2020-05-22,0,29,1,29,593
5144,2566,58,2020-05-21 22:00:00,2020-05-21,2522,28,1,28,82
2622,2484,57,2020-05-20 22:00:00,2020-05-20,0,27,0,27,138
2622,2346,57,2020-05-19 22:00:00,2020-05-19,19,26,1,26,104
2603,2242,56,2020-05-18 22:00:00,2020-05-18,34,25,0,25,5
2569,2237,56,2020-05-17 22:00:00,2020-05-17,6,24,1,24,76
2563,2161,55,2020-05-16 22:00:00,2020-05-16,0,23,4,23,68
2563,2093,51,2020-05-15 22:00:00,2020-05-15,0,22,0,22,458
2563,1635,51,2020-05-14 22:00:00,2020-05-14,0,21,2,21,68
2563,1567,49,2020-05-13 22:00:00,2020-05-13,0,20,0,20,632
2563,935,49,2020-05-12 22:00:00,2020-05-12,0,19,1,19,0
2563,935,48,2020-05-11 22:00:00,2020-05-11,63,18,2,18,32
2500,903,46,2020-05-10 22:00:00,2020-05-10,0,17,1,17,5
2500,898,45,2020-05-09 22:00:00,2020-05-09,0,16,1,16,29
2500,869,44,2020-05-08 22:00:00,2020-05-08,35,15,2,15,159
2465,710,42,2020-05-07 22:00:00,2020-05-07,40,14,1,14,0
2425,710,41,2020-05-06 22:00:00,2020-05-06,85,13,1,13,18
2340,692,40,2020-05-05 22:00:00,2020-05-05,64,12,2,12,29
2276,663,38,2020-05-04 22:00:00,2020-05-04,8,11,1,11,1
2268,662,37,2020-05-03 22:00:00,2020-05-03,83,10,1,10,7
2185,655,36,2020-05-02 22:00:00,2020-05-02,144,9,3,9,97
2041,558,33,2020-05-01 22:00:00,2020-05-01,164,8,2,8,12
1877,546,31,2020-04-30 22:00:00,2020-04-30,228,7,1,7,10
1649,536,30,2020-04-29 22:00:00,2020-04-29,273,6,2,6,22
1376,514,28,2020-04-28 22:00:00,2020-04-28,258,5,1,5,5
1118,509,27,2020-04-27 22:00:00,2020-04-27,71,4,1,4,2
1047,507,26,2020-04-26 22:00:00,2020-04-26,62,3,1,3,29
985,478,25,2020-04-25 22:00:00,2020-04-25,8,2,1,2,123
977,355,24,2020-04-24 22:00:00,2020-04-24,977,1,24,1,355
0,0,0,2020-04-23 22:00:00,2020-04-23,0,0,0,0,0
0,0,0,2020-04-22 22:00:00,2020-04-22,0,0,0,0,0
0,0,0,2020-04-21 22:00:00,2020-04-21,0,0,0,0,0
0,0,0,2020-04-20 22:00:00,2020-04-20,0,0,0,0,0
0,0,0,2020-04-19 22:00:00,2020-04-19,0,0,0,0,0
0,0,0,2020-04-18 22:00:00,2020-04-18,0,0,0,0,0
0,0,0,2020-04-17 22:00:00,2020-04-17,0,0,0,0,0
0,0,0,2020-04-16 22:00:00,2020-04-16,0,0,0,0,0
0,0,0,2020-04-15 22:00:00,2020-04-15,0,0,0,0,0
0,0,0,2020-04-14 22:00:00,2020-04-14,0,0,0,0,0
0,0,0,2020-04-13 22:00:00,2020-04-13,0,0,0,0,0
0,0,0,2020-04-12 22:00:00,2020-04-12,0,0,0,0,0
0,0,0,2020-04-11 22:00:00,2020-04-11,0,0,0,0,0
0,0,0,2020-04-10 22:00:00,2020-04-10,0,0,0,0,0
0,0,0,2020-04-09 22:00:00,2020-04-09,0,0,0,0,0
0,0,0,2020-04-08 22:00:00,2020-04-08,0,0,0,0,0
0,0,0,2020-04-07 22:00:00,2020-04-07,0,0,0,0,0
0,0,0,2020-04-06 22:00:00,2020-04-06,0,0,0,0,0
0,0,0,2020-04-05 22:00:00,2020-04-05,0,0,0,0,0
0,0,0,2020-04-04 21:00:00,2020-04-04,0,0,0,0,0
0,0,0,2020-04-03 21:00:00,2020-04-03,0,0,0,0,0
0,0,0,2020-04-02 21:00:00,2020-04-02,0,0,0,0,0
0,0,0,2020-04-01 21:00:00,2020-04-01,0,0,0,0,0
0,0,0,2020-03-31 21:00:00,2020-03-31,0,0,0,0,0
0,0,0,2020-03-30 21:00:00,2020-03-30,0,0,0,0,0
0,0,0,2020-03-29 21:00:00,2020-03-29,0,0,0,0,0
0,0,0,2020-03-28 21:00:00,2020-03-28,0,0,0,0,0
0,0,0,2020-03-27 21:10:00,2020-03-27,0,0,0,0,0
0,0,0,2020-03-26 22:20:00,2020-03-26,0,0,0,0,0
0,0,0,2020-03-25 23:20:00,2020-03-25,0,0,0,0,0
0,0,0,2020-03-24 21:20:00,2020-03-24,0,0,0,0,0
0,0,0,2020-03-23 21:40:00,2020-03-23,0,0,0,0,0
0,0,0,2020-03-22 21:00:00,2020-03-22,0,0,0,0,0
0,0,0,2020-03-21 21:00:00,2020-03-21,0,0,0,0,0
0,0,0,2020-03-20 21:20:00,2020-03-20,0,0,0,0,0
0,0,0,2020-03-19 21:30:00,2020-03-19,0,0,0,0,0
0,0,0,2020-03-18 22:00:00,2020-03-18,0,0,0,0,0
0,0,0,2020-03-17 21:00:00,2020-03-17,0,0,0,0,0
0,0,0,2020-03-16 21:00:00,2020-03-16,0,0,0,0,0
0,0,0,2020-03-15 21:00:00,2020-03-15,0,0,0,0,0
0,0,0,2020-03-14 21:00:00,2020-03-14,0,0,0,0,0
0,0,0,2020-03-13 21:00:00,2020-03-13,0,0,0,0,0
0,0,0,2020-03-12 21:00:00,2020-03-12,0,0,0,0,0
0,0,0,2020-03-11 21:00:00,2020-03-11,0,0,0,0,0
0,0,0,2020-03-10 21:00:00,2020-03-10,0,0,0,0,0
0,0,0,2020-03-09 21:00:00,2020-03-09,0,0,0,0,0
0,0,0,2020-03-08 21:00:00,2020-03-08,0,0,0,0,0
0,0,0,2020-03-07 21:00:00,2020-03-07,0,0,0,0,0
0,0,0,2020-03-06 21:00:00,2020-03-06,0,0,0,0,0
0,0,0,2020-03-05 21:00:00,2020-03-05,0,0,0,0,0
0,0,0,2020-03-04 21:00:00,2020-03-04,0,0,0,0,0
0,0,0,2020-03-03 21:00:00,2020-03-03,0,0,0,0,0
0,0,0,2020-03-02 21:00:00,2020-03-02,0,0,0,0,0
0,0,0,2020-03-01 21:00:00,2020-03-01,0,0,0,0,0
0,0,0,2020-02-29 21:00:00,2020-02-29,0,0,0,0,0
0,0,0,2020-02-28 21:00:00,2020-02-28,0,0,0,0,0
0,0,0,2020-02-27 21:00:00,2020-02-27,0,0,0,0,0
0,0,0,2020-02-26 21:00:00,2020-02-26,0,0,0,0,0
0,0,0,2020-02-25 21:00:00,2020-02-25,0,0,0,0,0
0,0,0,2020-02-24 21:00:00,2020-02-24,0,0,0,0,0
0,0,0,2020-02-23 21:00:00,2020-02-23,0,0,0,0,0
0,0,0,2020-02-22 21:00:00,2020-02-22,0,0,0,0,0
0,0,0,2020-02-21 21:00:00,2020-02-21,0,0,0,0,0
0,0,0,2020-02-20 21:00:00,2020-02-20,0,0,0,0,0
0,0,0,2020-02-19 21:00:00,2020-02-19,0,0,0,0,0
0,0,0,2020-02-18 21:00:00,2020-02-18,0,0,0,0,0
0,0,0,2020-02-17 21:00:00,2020-02-17,0,0,0,0,0
0,0,0,2020-02-16 21:00:00,2020-02-16,0,0,0,0,0
0,0,0,2020-02-15 21:00:00,2020-02-15,0,0,0,0,0
0,0,0,2020-02-14 21:00:00,2020-02-14,0,0,0,0,0
0,0,0,2020-02-13 21:00:00,2020-02-13,0,0,0,0,0
0,0,0,2020-02-12 21:00:00,2020-02-12,0,0,0,0,0
0,0,0,2020-02-11 20:30:00,2020-02-11,0,0,0,0,0
0,0,0,2020-02-10 21:00:00,2020-02-10,0,0,0,0,0
0,0,0,2020-02-09 21:00:00,2020-02-09,0,0,0,0,0
0,0,0,2020-02-08 21:00:00,2020-02-08,0,0,0,0,0
0,0,0,2020-02-07 21:00:00,2020-02-07,0,0,0,0,0
0,0,0,2020-02-06 21:00:00,2020-02-06,0,0,0,0,0
0,0,0,2020-02-05 21:00:00,2020-02-05,0,0,0,0,0
0,0,0,2020-02-04 20:00:00,2020-02-04,0,0,0,0,0
0,0,0,2020-02-03 20:00:00,2020-02-03,0,0,0,0,0
0,0,0,2020-02-02 20:00:00,2020-02-02,0,0,0,0,0
0,0,0,2020-02-01 10:00:00,2020-02-01,0,0,0,0,0
0,0,0,2020-01-31 12:30:00,2020-01-31,0,0,0,0,0
0,0,0,2020-01-30 12:00:00,2020-01-30,0,0,0,0,0
0,0,0,2020-01-29 14:00:00,2020-01-29,0,0,0,0,0
0,0,0,2020-01-28 11:30:00,2020-01-28,0,0,0,0,0
0,0,0,2020-01-27 14:00:00,2020-01-27,0,0,0,0,0
0,0,0,2020-01-26 13:00:00,2020-01-26,0,0,0,0,0
0,0,0,2020-01-25 15:00:00,2020-01-25,0,0,0,0,0
0,0,0,2020-01-24 15:00:00,2020-01-24,0,0,0,0,0
0,0,0,2020-01-23 15:00:00,2020-01-23,0,0,0,0,0
0,0,0,2020-01-22 15:00:00,2020-01-22,0,0,0,0,0
0,0,0,2020-01-21 15:00:00,2020-01-21,0,0,0,0,0
