Confirmed,Recovered,Deaths,Date_last_updated_AEDT,date_day,New,DayElapsed,New_death,DayElapsed_death,New_recover
7172,6600,327,2020-06-25 22:00:00,2020-06-25,5,105,0,93,200
7167,6400,327,2020-06-24 22:00:00,2020-06-24,12,104,0,92,0
7155,6400,327,2020-06-23 22:00:00,2020-06-23,11,103,1,91,200
7144,6200,326,2020-06-22 22:00:00,2020-06-22,1,102,0,90,0
7143,6200,326,2020-06-21 22:00:00,2020-06-21,1,101,0,89,0
7142,6200,326,2020-06-20 22:00:00,2020-06-20,23,100,0,88,0
7119,6200,326,2020-06-19 22:00:00,2020-06-19,2,99,0,87,0
7117,6200,326,2020-06-18 22:00:00,2020-06-18,0,98,0,86,0
7117,6200,326,2020-06-17 22:00:00,2020-06-17,5,97,0,85,0
7112,6200,326,2020-06-16 22:00:00,2020-06-16,8,96,0,84,0
7104,6200,326,2020-06-15 22:00:00,2020-06-15,0,95,0,83,0
7104,6200,326,2020-06-14 22:00:00,2020-06-14,17,94,1,82,0
7087,6200,325,2020-06-13 22:00:00,2020-06-13,14,93,0,81,0
7073,6200,325,2020-06-12 22:00:00,2020-06-12,9,92,0,80,0
7064,6200,325,2020-06-11 22:00:00,2020-06-11,24,91,1,79,400
7040,5800,324,2020-06-10 22:00:00,2020-06-10,15,90,0,78,0
7025,5800,324,2020-06-09 22:00:00,2020-06-09,24,89,1,77,0
7001,5800,323,2020-06-08 22:00:00,2020-06-08,20,88,0,76,0
6981,5800,323,2020-06-07 22:00:00,2020-06-07,17,87,1,75,0
6964,5800,322,2020-06-06 22:00:00,2020-06-06,23,86,0,74,0
6941,5800,322,2020-06-05 22:00:00,2020-06-05,30,85,0,73,0
6911,5800,322,2020-06-04 22:00:00,2020-06-04,0,84,2,72,300
6911,5500,320,2020-06-03 22:00:00,2020-06-03,26,83,2,71,0
6885,5500,318,2020-06-02 22:00:00,2020-06-02,0,82,-2,70,0
6885,5500,320,2020-06-01 22:00:00,2020-06-01,26,81,0,69,0
6859,5500,320,2020-05-31 22:00:00,2020-05-31,33,80,4,68,0
6826,5500,316,2020-05-30 22:00:00,2020-05-30,50,79,3,67,0
6776,5500,313,2020-05-29 22:00:00,2020-05-29,33,78,0,66,400
6743,5100,313,2020-05-28 22:00:00,2020-05-28,51,77,1,65,0
6692,5100,312,2020-05-27 22:00:00,2020-05-27,64,76,0,64,0
6628,5100,312,2020-05-26 22:00:00,2020-05-26,29,75,5,63,300
6599,4800,307,2020-05-25 22:00:00,2020-05-25,20,74,0,62,0
6579,4800,307,2020-05-24 22:00:00,2020-05-24,11,73,1,61,0
6568,4800,306,2020-05-23 22:00:00,2020-05-23,31,72,0,60,0
6537,4800,306,2020-05-22 22:00:00,2020-05-22,44,71,0,59,0
6493,4800,306,2020-05-21 22:00:00,2020-05-21,94,70,5,58,-200
6399,5000,301,2020-05-20 22:00:00,2020-05-20,19,69,1,57,0
6380,5000,300,2020-05-19 22:00:00,2020-05-19,0,68,0,56,0
6380,5000,300,2020-05-18 22:00:00,2020-05-18,33,67,2,55,0
6347,5000,298,2020-05-17 22:00:00,2020-05-17,61,66,1,54,0
6286,5000,297,2020-05-16 22:00:00,2020-05-16,58,65,10,53,700
6228,4300,287,2020-05-15 22:00:00,2020-05-15,83,64,3,52,0
6145,4300,284,2020-05-14 22:00:00,2020-05-14,91,63,9,51,0
6054,4300,275,2020-05-13 22:00:00,2020-05-13,51,62,4,50,300
6003,4000,271,2020-05-12 22:00:00,2020-05-12,19,61,4,49,0
5984,4000,267,2020-05-11 22:00:00,2020-05-11,22,60,0,48,0
5962,4000,267,2020-05-10 22:00:00,2020-05-10,82,59,2,47,0
5880,4000,265,2020-05-09 22:00:00,2020-05-09,207,58,10,46,500
5673,3500,255,2020-05-08 22:00:00,2020-05-08,0,57,0,45,0
5673,3500,255,2020-05-07 22:00:00,2020-05-07,100,56,9,44,0
5573,3500,246,2020-05-06 22:00:00,2020-05-06,161,55,6,43,0
5412,3500,240,2020-05-05 22:00:00,2020-05-05,85,54,10,42,500
5327,3000,230,2020-05-04 22:00:00,2020-05-04,73,53,0,41,0
5254,3000,230,2020-05-03 22:00:00,2020-05-03,78,52,10,40,0
5176,3000,220,2020-05-02 22:00:00,2020-05-02,125,51,2,39,0
5051,3000,218,2020-05-01 22:00:00,2020-05-01,56,50,12,38,200
4995,2800,206,2020-04-30 22:00:00,2020-04-30,89,49,7,37,0
4906,2800,199,2020-04-29 22:00:00,2020-04-29,166,48,6,36,300
4740,2500,193,2020-04-28 22:00:00,2020-04-28,45,47,3,35,0
4695,2500,190,2020-04-27 22:00:00,2020-04-27,119,46,0,34,0
4576,2500,190,2020-04-26 22:00:00,2020-04-26,101,45,13,33,0
4475,2500,177,2020-04-25 22:00:00,2020-04-25,80,44,5,32,500
4395,2000,172,2020-04-24 22:00:00,2020-04-24,111,43,0,31,0
4284,2000,172,2020-04-23 22:00:00,2020-04-23,155,42,31,30,0
4129,2000,141,2020-04-22 22:00:00,2020-04-22,115,41,43,29,0
4014,2000,98,2020-04-21 22:00:00,2020-04-21,146,40,4,28,300
3868,1700,94,2020-04-20 22:00:00,2020-04-20,85,39,0,27,0
3783,1700,94,2020-04-19 22:00:00,2020-04-19,102,38,4,26,0
3681,1700,90,2020-04-18 22:00:00,2020-04-18,192,37,15,25,0
3489,1700,75,2020-04-17 22:00:00,2020-04-17,120,36,3,24,1400
3369,300,72,2020-04-16 22:00:00,2020-04-16,132,35,8,23,0
3237,300,64,2020-04-15 22:00:00,2020-04-15,76,34,5,22,0
3161,300,59,2020-04-14 22:00:00,2020-04-14,97,33,0,21,0
3064,300,59,2020-04-13 22:00:00,2020-04-13,90,32,3,20,0
2974,300,56,2020-04-12 22:00:00,2020-04-12,69,31,7,19,0
2905,300,49,2020-04-11 22:00:00,2020-04-11,136,30,1,18,0
2769,300,48,2020-04-10 22:00:00,2020-04-10,164,29,8,17,0
2605,300,40,2020-04-09 22:00:00,2020-04-09,118,28,0,16,0
2487,300,40,2020-04-08 22:00:00,2020-04-08,179,27,13,15,0
2308,300,27,2020-04-07 22:00:00,2020-04-07,132,26,-1,14,0
2176,300,28,2020-04-06 22:00:00,2020-04-06,249,25,0,13,0
1927,300,28,2020-04-05 22:00:00,2020-04-05,45,24,8,12,0
1882,300,20,2020-04-04 21:00:00,2020-04-04,267,23,1,11,0
1615,300,19,2020-04-03 21:00:00,2020-04-03,97,22,2,10,0
1518,300,17,2020-04-02 21:00:00,2020-04-02,72,21,0,9,290
1446,10,17,2020-04-01 21:00:00,2020-04-01,28,20,4,8,0
1418,10,13,2020-03-31 21:00:00,2020-03-31,75,19,2,7,0
1343,10,11,2020-03-30 21:00:00,2020-03-30,122,18,2,6,0
1221,10,9,2020-03-29 21:00:00,2020-03-29,56,17,2,5,0
1165,10,7,2020-03-28 21:00:00,2020-03-28,130,16,2,4,0
1035,10,5,2020-03-27 21:10:00,2020-03-27,109,15,0,3,0
926,10,5,2020-03-26 22:20:00,2020-03-26,73,14,2,2,0
853,10,3,2020-03-25 23:20:00,2020-03-25,71,13,2,1,0
782,10,1,2020-03-24 21:20:00,2020-03-24,96,12,0,0,0
686,10,1,2020-03-23 21:40:00,2020-03-23,92,11,0,0,0
594,10,1,2020-03-22 21:00:00,2020-03-22,91,10,1,0,0
503,10,0,2020-03-21 21:00:00,2020-03-21,73,9,0,0,0
430,10,0,2020-03-20 21:20:00,2020-03-20,43,8,0,0,0
387,10,0,2020-03-19 21:30:00,2020-03-19,54,7,0,0,0
333,10,0,2020-03-18 22:00:00,2020-03-18,39,6,0,0,0
294,10,0,2020-03-17 21:00:00,2020-03-17,25,5,0,0,0
269,10,0,2020-03-16 21:00:00,2020-03-16,25,4,0,0,0
244,10,0,2020-03-15 21:00:00,2020-03-15,88,3,0,0,9
156,1,0,2020-03-14 21:00:00,2020-03-14,1,2,0,0,0
155,1,0,2020-03-13 21:00:00,2020-03-13,90,1,0,0,0
65,1,0,2020-03-12 21:00:00,2020-03-12,7,0,0,0,0
58,1,0,2020-03-11 21:00:00,2020-03-11,18,0,0,0,0
40,1,0,2020-03-10 21:00:00,2020-03-10,10,0,0,0,0
30,1,0,2020-03-09 21:00:00,2020-03-09,7,0,0,0,0
23,1,0,2020-03-08 21:00:00,2020-03-08,8,0,0,0,0
15,1,0,2020-03-07 21:00:00,2020-03-07,0,0,0,0,0
15,1,0,2020-03-06 21:00:00,2020-03-06,3,0,0,0,0
12,1,0,2020-03-05 21:00:00,2020-03-05,5,0,0,0,0
7,1,0,2020-03-04 21:00:00,2020-03-04,0,0,0,0,0
7,1,0,2020-03-03 21:00:00,2020-03-03,1,0,0,0,0
6,1,0,2020-03-02 21:00:00,2020-03-02,3,0,0,0,0
3,1,0,2020-03-01 21:00:00,2020-03-01,0,0,0,0,0
3,1,0,2020-02-29 21:00:00,2020-02-29,1,0,0,0,0
2,1,0,2020-02-28 21:00:00,2020-02-28,0,0,0,0,0
2,1,0,2020-02-27 21:00:00,2020-02-27,1,0,0,0,0
1,1,0,2020-02-26 21:00:00,2020-02-26,0,0,0,0,0
1,1,0,2020-02-25 21:00:00,2020-02-25,0,0,0,0,0
1,1,0,2020-02-24 21:00:00,2020-02-24,0,0,0,0,0
1,1,0,2020-02-23 21:00:00,2020-02-23,0,0,0,0,0
1,1,0,2020-02-22 21:00:00,2020-02-22,0,0,0,0,0
1,1,0,2020-02-21 21:00:00,2020-02-21,0,0,0,0,0
1,1,0,2020-02-20 21:00:00,2020-02-20,0,0,0,0,0
1,1,0,2020-02-19 21:00:00,2020-02-19,0,0,0,0,0
1,1,0,2020-02-18 21:00:00,2020-02-18,0,0,0,0,0
1,1,0,2020-02-17 21:00:00,2020-02-17,0,0,0,0,0
1,1,0,2020-02-16 21:00:00,2020-02-16,0,0,0,0,0
1,1,0,2020-02-15 21:00:00,2020-02-15,0,0,0,0,0
1,1,0,2020-02-14 21:00:00,2020-02-14,0,0,0,0,0
1,1,0,2020-02-13 21:00:00,2020-02-13,0,0,0,0,0
1,1,0,2020-02-12 21:00:00,2020-02-12,0,0,0,0,0
1,1,0,2020-02-11 20:30:00,2020-02-11,0,0,0,0,0
1,1,0,2020-02-10 21:00:00,2020-02-10,0,0,0,0,0
1,1,0,2020-02-09 21:00:00,2020-02-09,0,0,0,0,0
1,1,0,2020-02-08 21:00:00,2020-02-08,0,0,0,0,0
1,1,0,2020-02-07 21:00:00,2020-02-07,0,0,0,0,0
1,1,0,2020-02-06 21:00:00,2020-02-06,0,0,0,0,1
1,0,0,2020-02-05 21:00:00,2020-02-05,0,0,0,0,0
1,0,0,2020-02-04 20:00:00,2020-02-04,0,0,0,0,0
1,0,0,2020-02-03 20:00:00,2020-02-03,0,0,0,0,0
1,0,0,2020-02-02 20:00:00,2020-02-02,0,0,0,0,0
1,0,0,2020-02-01 10:00:00,2020-02-01,0,0,0,0,0
1,0,0,2020-01-31 12:30:00,2020-01-31,0,0,0,0,0
1,0,0,2020-01-30 12:00:00,2020-01-30,1,0,0,0,0
0,0,0,2020-01-29 14:00:00,2020-01-29,0,0,0,0,0
0,0,0,2020-01-28 11:30:00,2020-01-28,0,0,0,0,0
0,0,0,2020-01-27 14:00:00,2020-01-27,0,0,0,0,0
0,0,0,2020-01-26 13:00:00,2020-01-26,0,0,0,0,0
0,0,0,2020-01-25 15:00:00,2020-01-25,0,0,0,0,0
0,0,0,2020-01-24 15:00:00,2020-01-24,0,0,0,0,0
0,0,0,2020-01-23 15:00:00,2020-01-23,0,0,0,0,0
0,0,0,2020-01-22 15:00:00,2020-01-22,0,0,0,0,0
0,0,0,2020-01-21 15:00:00,2020-01-21,0,0,0,0,0
