Confirmed,Recovered,Deaths,Date_last_updated_AEDT,date_day,New,DayElapsed,New_death,DayElapsed_death,New_recover
4444,1680,16,2020-07-03 22:00:00,2020-07-03,176,72,0,19,78
4268,1602,16,2020-07-02 22:00:00,2020-07-02,264,71,1,18,94
4004,1508,15,2020-07-01 22:00:00,2020-07-01,230,70,0,17,156
3774,1352,15,2020-06-30 22:00:00,2020-06-30,313,69,3,16,103
3461,1249,12,2020-06-29 22:00:00,2020-06-29,0,68,0,15,0
3461,1249,12,2020-06-28 22:00:00,2020-06-28,191,67,1,14,83
3270,1166,11,2020-06-27 22:00:00,2020-06-27,237,66,1,13,70
3033,1096,10,2020-06-26 22:00:00,2020-06-26,206,65,1,12,40
2827,1056,9,2020-06-25 22:00:00,2020-06-25,234,64,1,11,40
2593,1016,8,2020-06-24 22:00:00,2020-06-24,135,63,0,10,44
2458,972,8,2020-06-23 22:00:00,2020-06-23,17,62,2,9,42
2441,930,6,2020-06-22 22:00:00,2020-06-22,278,61,1,8,40
2163,890,5,2020-06-21 22:00:00,2020-06-21,194,60,0,7,50
1969,840,5,2020-06-20 22:00:00,2020-06-20,211,59,0,6,56
1758,784,5,2020-06-19 22:00:00,2020-06-19,204,58,0,5,121
1554,663,5,2020-06-18 22:00:00,2020-06-18,133,57,0,4,44
1421,619,5,2020-06-17 22:00:00,2020-06-17,95,56,2,3,67
1326,552,3,2020-06-16 22:00:00,2020-06-16,71,55,0,2,18
1255,534,3,2020-06-15 22:00:00,2020-06-15,94,54,1,1,14
1161,520,2,2020-06-14 22:00:00,2020-06-14,118,53,0,0,31
1043,489,2,2020-06-13 22:00:00,2020-06-13,126,52,0,0,27
917,462,2,2020-06-12 22:00:00,2020-06-12,52,51,0,0,5
865,457,2,2020-06-11 22:00:00,2020-06-11,92,50,0,0,30
773,427,2,2020-06-10 22:00:00,2020-06-10,44,49,0,0,27
729,400,2,2020-06-09 22:00:00,2020-06-09,40,48,1,0,17
689,383,1,2020-06-08 22:00:00,2020-06-08,50,47,0,0,35
639,348,1,2020-06-07 22:00:00,2020-06-07,50,46,0,0,27
589,321,1,2020-06-06 22:00:00,2020-06-06,33,45,0,0,25
556,296,1,2020-06-05 22:00:00,2020-06-05,23,44,0,0,42
533,254,1,2020-06-04 22:00:00,2020-06-04,16,43,0,0,47
517,207,1,2020-06-03 22:00:00,2020-06-03,18,42,0,0,7
499,200,1,2020-06-02 22:00:00,2020-06-02,0,41,0,0,0
499,200,1,2020-06-01 22:00:00,2020-06-01,22,40,0,0,15
477,185,1,2020-05-31 22:00:00,2020-05-31,27,39,0,0,13
450,172,1,2020-05-30 22:00:00,2020-05-30,14,38,0,0,11
436,161,1,2020-05-29 22:00:00,2020-05-29,30,37,0,0,11
406,150,1,2020-05-28 22:00:00,2020-05-28,22,36,0,0,4
384,146,1,2020-05-27 22:00:00,2020-05-27,31,35,0,0,0
353,146,1,2020-05-26 22:00:00,2020-05-26,25,34,0,0,1
328,145,1,2020-05-25 22:00:00,2020-05-25,49,33,0,0,2
279,143,1,2020-05-24 22:00:00,2020-05-24,18,32,0,0,2
261,141,1,2020-05-23 22:00:00,2020-05-23,12,31,0,0,4
249,137,1,2020-05-22 22:00:00,2020-05-22,12,30,0,0,1
237,136,1,2020-05-21 22:00:00,2020-05-21,19,29,0,0,0
218,136,1,2020-05-20 22:00:00,2020-05-20,8,28,0,0,5
210,131,1,2020-05-19 22:00:00,2020-05-19,13,27,0,0,6
197,125,1,2020-05-18 22:00:00,2020-05-18,0,26,0,0,0
197,125,1,2020-05-17 22:00:00,2020-05-17,8,25,0,0,1
189,124,1,2020-05-16 22:00:00,2020-05-16,25,24,0,0,0
164,124,1,2020-05-15 22:00:00,2020-05-15,11,23,0,0,0
153,124,1,2020-05-14 22:00:00,2020-05-14,0,22,0,0,0
153,124,1,2020-05-13 22:00:00,2020-05-13,9,21,0,0,2
144,122,1,2020-05-12 22:00:00,2020-05-12,0,20,0,0,0
144,122,1,2020-05-11 22:00:00,2020-05-11,0,19,0,0,0
144,122,1,2020-05-10 22:00:00,2020-05-10,3,18,0,0,3
141,119,1,2020-05-09 22:00:00,2020-05-09,3,17,0,0,7
138,112,1,2020-05-08 22:00:00,2020-05-08,0,16,0,0,0
138,112,1,2020-05-07 22:00:00,2020-05-07,0,15,0,0,1
138,111,1,2020-05-06 22:00:00,2020-05-06,5,14,0,0,11
133,100,1,2020-05-05 22:00:00,2020-05-05,5,13,0,0,2
128,98,1,2020-05-04 22:00:00,2020-05-04,0,12,0,0,0
128,98,1,2020-05-03 22:00:00,2020-05-03,0,11,0,0,0
128,98,1,2020-05-02 22:00:00,2020-05-02,2,10,0,0,4
126,94,1,2020-05-01 22:00:00,2020-05-01,0,9,0,0,0
126,94,1,2020-04-30 22:00:00,2020-04-30,1,8,0,0,1
125,93,1,2020-04-29 22:00:00,2020-04-29,1,7,0,0,2
124,91,1,2020-04-28 22:00:00,2020-04-28,13,6,0,0,4
111,87,1,2020-04-27 22:00:00,2020-04-27,0,5,0,0,0
111,87,1,2020-04-26 22:00:00,2020-04-26,0,4,0,0,0
111,87,1,2020-04-25 22:00:00,2020-04-25,4,3,0,0,3
107,84,1,2020-04-24 22:00:00,2020-04-24,0,2,0,0,0
107,84,1,2020-04-23 22:00:00,2020-04-23,10,1,0,0,1
97,83,1,2020-04-22 22:00:00,2020-04-22,0,0,0,0,7
97,76,1,2020-04-21 22:00:00,2020-04-21,0,0,1,0,7
97,69,0,2020-04-20 22:00:00,2020-04-20,1,0,0,0,5
96,64,0,2020-04-19 22:00:00,2020-04-19,0,0,0,0,3
96,61,0,2020-04-18 22:00:00,2020-04-18,0,0,0,0,0
96,61,0,2020-04-17 22:00:00,2020-04-17,10,0,0,0,10
86,51,0,2020-04-16 22:00:00,2020-04-16,0,0,0,0,0
86,51,0,2020-04-15 22:00:00,2020-04-15,0,0,0,0,0
86,51,0,2020-04-14 22:00:00,2020-04-14,0,0,0,0,0
86,51,0,2020-04-13 22:00:00,2020-04-13,0,0,0,0,0
86,51,0,2020-04-12 22:00:00,2020-04-12,3,0,0,0,8
83,43,0,2020-04-11 22:00:00,2020-04-11,0,0,0,0,0
83,43,0,2020-04-10 22:00:00,2020-04-10,0,0,0,0,0
83,43,0,2020-04-09 22:00:00,2020-04-09,6,0,0,0,9
77,34,0,2020-04-08 22:00:00,2020-04-08,5,0,0,0,0
72,34,0,2020-04-07 22:00:00,2020-04-07,4,0,0,0,7
68,27,0,2020-04-06 22:00:00,2020-04-06,7,0,0,0,5
61,22,0,2020-04-05 22:00:00,2020-04-05,4,0,0,0,0
57,22,0,2020-04-04 21:00:00,2020-04-04,6,0,0,0,7
51,15,0,2020-04-03 21:00:00,2020-04-03,0,0,0,0,0
51,15,0,2020-04-02 21:00:00,2020-04-02,0,0,0,0,0
51,15,0,2020-04-01 21:00:00,2020-04-01,8,0,0,0,9
43,6,0,2020-03-31 21:00:00,2020-03-31,0,0,0,0,0
43,6,0,2020-03-30 21:00:00,2020-03-30,15,0,0,0,0
28,6,0,2020-03-29 21:00:00,2020-03-29,0,0,0,0,0
28,6,0,2020-03-28 21:00:00,2020-03-28,0,0,0,0,0
28,6,0,2020-03-27 21:10:00,2020-03-27,0,0,0,0,0
28,6,0,2020-03-26 22:20:00,2020-03-26,5,0,0,0,0
23,6,0,2020-03-25 23:20:00,2020-03-25,0,0,0,0,0
23,6,0,2020-03-24 21:20:00,2020-03-24,5,0,0,0,6
18,0,0,2020-03-23 21:40:00,2020-03-23,0,0,0,0,0
18,0,0,2020-03-22 21:00:00,2020-03-22,3,0,0,0,0
15,0,0,2020-03-21 21:00:00,2020-03-21,0,0,0,0,0
15,0,0,2020-03-20 21:20:00,2020-03-20,0,0,0,0,0
15,0,0,2020-03-19 21:30:00,2020-03-19,4,0,0,0,0
11,0,0,2020-03-18 22:00:00,2020-03-18,0,0,0,0,0
11,0,0,2020-03-17 21:00:00,2020-03-17,4,0,0,0,0
7,0,0,2020-03-16 21:00:00,2020-03-16,0,0,0,0,0
7,0,0,2020-03-15 21:00:00,2020-03-15,1,0,0,0,0
6,0,0,2020-03-14 21:00:00,2020-03-14,0,0,0,0,0
6,0,0,2020-03-13 21:00:00,2020-03-13,0,0,0,0,0
6,0,0,2020-03-12 21:00:00,2020-03-12,1,0,0,0,0
5,0,0,2020-03-11 21:00:00,2020-03-11,0,0,0,0,0
5,0,0,2020-03-10 21:00:00,2020-03-10,0,0,0,0,0
5,0,0,2020-03-09 21:00:00,2020-03-09,0,0,0,0,0
5,0,0,2020-03-08 21:00:00,2020-03-08,5,0,0,0,0
0,0,0,2020-03-07 21:00:00,2020-03-07,0,0,0,0,0
0,0,0,2020-03-06 21:00:00,2020-03-06,0,0,0,0,0
0,0,0,2020-03-05 21:00:00,2020-03-05,0,0,0,0,0
0,0,0,2020-03-04 21:00:00,2020-03-04,0,0,0,0,0
0,0,0,2020-03-03 21:00:00,2020-03-03,0,0,0,0,0
0,0,0,2020-03-02 21:00:00,2020-03-02,0,0,0,0,0
0,0,0,2020-03-01 21:00:00,2020-03-01,0,0,0,0,0
0,0,0,2020-02-29 21:00:00,2020-02-29,0,0,0,0,0
0,0,0,2020-02-28 21:00:00,2020-02-28,0,0,0,0,0
0,0,0,2020-02-27 21:00:00,2020-02-27,0,0,0,0,0
0,0,0,2020-02-26 21:00:00,2020-02-26,0,0,0,0,0
0,0,0,2020-02-25 21:00:00,2020-02-25,0,0,0,0,0
0,0,0,2020-02-24 21:00:00,2020-02-24,0,0,0,0,0
0,0,0,2020-02-23 21:00:00,2020-02-23,0,0,0,0,0
0,0,0,2020-02-22 21:00:00,2020-02-22,0,0,0,0,0
0,0,0,2020-02-21 21:00:00,2020-02-21,0,0,0,0,0
0,0,0,2020-02-20 21:00:00,2020-02-20,0,0,0,0,0
0,0,0,2020-02-19 21:00:00,2020-02-19,0,0,0,0,0
0,0,0,2020-02-18 21:00:00,2020-02-18,0,0,0,0,0
0,0,0,2020-02-17 21:00:00,2020-02-17,0,0,0,0,0
0,0,0,2020-02-16 21:00:00,2020-02-16,0,0,0,0,0
0,0,0,2020-02-15 21:00:00,2020-02-15,0,0,0,0,0
0,0,0,2020-02-14 21:00:00,2020-02-14,0,0,0,0,0
0,0,0,2020-02-13 21:00:00,2020-02-13,0,0,0,0,0
0,0,0,2020-02-12 21:00:00,2020-02-12,0,0,0,0,0
0,0,0,2020-02-11 20:30:00,2020-02-11,0,0,0,0,0
0,0,0,2020-02-10 21:00:00,2020-02-10,0,0,0,0,0
0,0,0,2020-02-09 21:00:00,2020-02-09,0,0,0,0,0
0,0,0,2020-02-08 21:00:00,2020-02-08,0,0,0,0,0
0,0,0,2020-02-07 21:00:00,2020-02-07,0,0,0,0,0
0,0,0,2020-02-06 21:00:00,2020-02-06,0,0,0,0,0
0,0,0,2020-02-05 21:00:00,2020-02-05,0,0,0,0,0
0,0,0,2020-02-04 20:00:00,2020-02-04,0,0,0,0,0
0,0,0,2020-02-03 20:00:00,2020-02-03,0,0,0,0,0
0,0,0,2020-02-02 20:00:00,2020-02-02,0,0,0,0,0
0,0,0,2020-02-01 10:00:00,2020-02-01,0,0,0,0,0
0,0,0,2020-01-31 12:30:00,2020-01-31,0,0,0,0,0
0,0,0,2020-01-30 12:00:00,2020-01-30,0,0,0,0,0
0,0,0,2020-01-29 14:00:00,2020-01-29,0,0,0,0,0
0,0,0,2020-01-28 11:30:00,2020-01-28,0,0,0,0,0
0,0,0,2020-01-27 14:00:00,2020-01-27,0,0,0,0,0
0,0,0,2020-01-26 13:00:00,2020-01-26,0,0,0,0,0
0,0,0,2020-01-25 15:00:00,2020-01-25,0,0,0,0,0
0,0,0,2020-01-24 15:00:00,2020-01-24,0,0,0,0,0
0,0,0,2020-01-23 15:00:00,2020-01-23,0,0,0,0,0
0,0,0,2020-01-22 15:00:00,2020-01-22,0,0,0,0,0
0,0,0,2020-01-21 15:00:00,2020-01-21,0,0,0,0,0
