Confirmed,Recovered,Deaths,Date_last_updated_AEDT,date_day,New,DayElapsed,New_death,DayElapsed_death,New_recover
158,138,2,2020-06-24 22:00:00,2020-06-24,0,111,0,0,1
158,137,2,2020-06-23 22:00:00,2020-06-23,7,110,0,0,0
151,137,2,2020-06-22 22:00:00,2020-06-22,0,109,0,0,0
151,137,2,2020-06-21 22:00:00,2020-06-21,0,108,0,0,0
151,137,2,2020-06-20 22:00:00,2020-06-20,0,107,0,0,0
151,137,2,2020-06-19 22:00:00,2020-06-19,1,106,0,0,0
150,137,2,2020-06-18 22:00:00,2020-06-18,1,105,0,0,0
149,137,2,2020-06-17 22:00:00,2020-06-17,10,104,0,0,0
139,137,2,2020-06-16 22:00:00,2020-06-16,0,103,0,0,0
139,137,2,2020-06-15 22:00:00,2020-06-15,0,102,0,0,0
139,137,2,2020-06-14 22:00:00,2020-06-14,0,101,0,0,0
139,137,2,2020-06-13 22:00:00,2020-06-13,0,100,0,0,0
139,137,2,2020-06-12 22:00:00,2020-06-12,0,99,0,0,0
139,137,2,2020-06-11 22:00:00,2020-06-11,0,98,0,0,0
139,137,2,2020-06-10 22:00:00,2020-06-10,0,97,0,0,0
139,137,2,2020-06-09 22:00:00,2020-06-09,0,96,0,0,0
139,137,2,2020-06-08 22:00:00,2020-06-08,0,95,0,0,0
139,137,2,2020-06-07 22:00:00,2020-06-07,0,94,0,0,0
139,137,2,2020-06-06 22:00:00,2020-06-06,0,93,0,0,0
139,137,2,2020-06-05 22:00:00,2020-06-05,0,92,0,0,0
139,137,2,2020-06-04 22:00:00,2020-06-04,0,91,0,0,0
139,137,2,2020-06-03 22:00:00,2020-06-03,0,90,0,0,0
139,137,2,2020-06-02 22:00:00,2020-06-02,0,89,0,0,0
139,137,2,2020-06-01 22:00:00,2020-06-01,0,88,0,0,0
139,137,2,2020-05-31 22:00:00,2020-05-31,0,87,0,0,0
139,137,2,2020-05-30 22:00:00,2020-05-30,0,86,0,0,0
139,137,2,2020-05-29 22:00:00,2020-05-29,0,85,0,0,0
139,137,2,2020-05-28 22:00:00,2020-05-28,0,84,0,0,0
139,137,2,2020-05-27 22:00:00,2020-05-27,0,83,0,0,0
139,137,2,2020-05-26 22:00:00,2020-05-26,0,82,0,0,0
139,137,2,2020-05-25 22:00:00,2020-05-25,0,81,0,0,0
139,137,2,2020-05-24 22:00:00,2020-05-24,0,80,0,0,0
139,137,2,2020-05-23 22:00:00,2020-05-23,0,79,0,0,0
139,137,2,2020-05-22 22:00:00,2020-05-22,0,78,0,0,0
139,137,2,2020-05-21 22:00:00,2020-05-21,0,77,0,0,0
139,137,2,2020-05-20 22:00:00,2020-05-20,0,76,0,0,0
139,137,2,2020-05-19 22:00:00,2020-05-19,0,75,0,0,0
139,137,2,2020-05-18 22:00:00,2020-05-18,0,74,0,0,0
139,137,2,2020-05-17 22:00:00,2020-05-17,0,73,0,0,0
139,137,2,2020-05-16 22:00:00,2020-05-16,0,72,0,0,0
139,137,2,2020-05-15 22:00:00,2020-05-15,0,71,0,0,0
139,137,2,2020-05-14 22:00:00,2020-05-14,0,70,0,0,0
139,137,2,2020-05-13 22:00:00,2020-05-13,0,69,0,0,0
139,137,2,2020-05-12 22:00:00,2020-05-12,0,68,0,0,0
139,137,2,2020-05-11 22:00:00,2020-05-11,0,67,0,0,0
139,137,2,2020-05-10 22:00:00,2020-05-10,0,66,0,0,0
139,137,2,2020-05-09 22:00:00,2020-05-09,0,65,0,0,0
139,137,2,2020-05-08 22:00:00,2020-05-08,0,64,0,0,0
139,137,2,2020-05-07 22:00:00,2020-05-07,0,63,0,0,0
139,137,2,2020-05-06 22:00:00,2020-05-06,0,62,0,0,0
139,137,2,2020-05-05 22:00:00,2020-05-05,0,61,0,0,0
139,137,2,2020-05-04 22:00:00,2020-05-04,0,60,0,0,0
139,137,2,2020-05-03 22:00:00,2020-05-03,0,59,0,0,0
139,137,2,2020-05-02 22:00:00,2020-05-02,0,58,0,0,0
139,137,2,2020-05-01 22:00:00,2020-05-01,0,57,0,0,0
139,137,2,2020-04-30 22:00:00,2020-04-30,0,56,0,0,0
139,137,2,2020-04-29 22:00:00,2020-04-29,0,55,0,0,0
139,137,2,2020-04-28 22:00:00,2020-04-28,0,54,0,0,0
139,137,2,2020-04-27 22:00:00,2020-04-27,0,53,0,0,0
139,137,2,2020-04-26 22:00:00,2020-04-26,0,52,0,0,0
139,137,2,2020-04-25 22:00:00,2020-04-25,0,51,0,0,0
139,137,2,2020-04-24 22:00:00,2020-04-24,0,50,0,0,0
139,137,2,2020-04-23 22:00:00,2020-04-23,0,49,0,0,0
139,137,2,2020-04-22 22:00:00,2020-04-22,0,48,0,0,0
139,137,2,2020-04-21 22:00:00,2020-04-21,0,47,0,0,0
139,137,2,2020-04-20 22:00:00,2020-04-20,0,46,0,0,0
139,137,2,2020-04-19 22:00:00,2020-04-19,0,45,0,0,0
139,137,2,2020-04-18 22:00:00,2020-04-18,0,44,0,0,1
139,136,2,2020-04-17 22:00:00,2020-04-17,0,43,0,0,0
139,136,2,2020-04-16 22:00:00,2020-04-16,0,42,0,0,0
139,136,2,2020-04-15 22:00:00,2020-04-15,0,41,0,0,1
139,135,2,2020-04-14 22:00:00,2020-04-14,0,40,0,0,0
139,135,2,2020-04-13 22:00:00,2020-04-13,0,39,0,0,0
139,135,2,2020-04-12 22:00:00,2020-04-12,0,38,0,0,0
139,135,2,2020-04-11 22:00:00,2020-04-11,0,37,0,0,0
139,135,2,2020-04-10 22:00:00,2020-04-10,0,36,0,0,0
139,135,2,2020-04-09 22:00:00,2020-04-09,0,35,0,0,2
139,133,2,2020-04-08 22:00:00,2020-04-08,0,34,0,0,1
139,132,2,2020-04-07 22:00:00,2020-04-07,0,33,0,0,0
139,132,2,2020-04-06 22:00:00,2020-04-06,1,32,0,0,1
138,131,2,2020-04-05 22:00:00,2020-04-05,0,31,0,0,0
138,131,2,2020-04-04 21:00:00,2020-04-04,0,30,0,0,4
138,127,2,2020-04-03 21:00:00,2020-04-03,0,29,0,0,0
138,127,2,2020-04-02 21:00:00,2020-04-02,0,28,0,0,2
138,125,2,2020-04-01 21:00:00,2020-04-01,0,27,0,0,0
138,125,2,2020-03-31 21:00:00,2020-03-31,0,26,0,0,0
138,125,2,2020-03-30 21:00:00,2020-03-30,2,25,0,0,0
136,125,2,2020-03-29 21:00:00,2020-03-29,0,24,0,0,0
136,125,2,2020-03-28 21:00:00,2020-03-28,0,23,0,0,2
136,123,2,2020-03-27 21:10:00,2020-03-27,0,22,0,0,2
136,121,2,2020-03-26 22:20:00,2020-03-26,0,21,0,0,2
136,119,2,2020-03-25 23:20:00,2020-03-25,0,20,0,0,1
136,118,2,2020-03-24 21:20:00,2020-03-24,0,19,0,0,4
136,114,2,2020-03-23 21:40:00,2020-03-23,2,18,0,0,1
134,113,2,2020-03-22 21:00:00,2020-03-22,0,17,0,0,0
134,113,2,2020-03-21 21:00:00,2020-03-21,0,16,0,0,15
134,98,2,2020-03-20 21:20:00,2020-03-20,1,15,0,0,7
133,91,2,2020-03-19 21:30:00,2020-03-19,0,14,0,0,0
133,91,2,2020-03-18 22:00:00,2020-03-18,0,13,0,0,0
133,91,2,2020-03-17 21:00:00,2020-03-17,0,12,0,0,0
133,91,2,2020-03-16 21:00:00,2020-03-16,1,11,0,0,0
132,91,2,2020-03-15 21:00:00,2020-03-15,3,10,0,0,2
129,89,2,2020-03-14 21:00:00,2020-03-14,2,9,0,0,1
127,88,2,2020-03-13 21:00:00,2020-03-13,0,8,0,0,0
127,88,2,2020-03-12 21:00:00,2020-03-12,2,7,0,0,0
125,88,2,2020-03-11 21:00:00,2020-03-11,1,6,0,0,0
124,88,2,2020-03-10 21:00:00,2020-03-10,0,5,0,0,1
124,87,2,2020-03-09 21:00:00,2020-03-09,4,4,0,0,0
120,87,2,2020-03-08 21:00:00,2020-03-08,1,3,0,0,0
119,87,2,2020-03-07 21:00:00,2020-03-07,17,2,0,0,0
102,87,2,2020-03-06 21:00:00,2020-03-06,11,1,0,0,0
91,87,2,2020-03-05 21:00:00,2020-03-05,0,0,0,0,1
91,86,2,2020-03-04 21:00:00,2020-03-04,0,0,0,0,1
91,85,2,2020-03-03 21:00:00,2020-03-03,0,0,0,0,1
91,84,2,2020-03-02 21:00:00,2020-03-02,0,0,0,0,2
91,82,2,2020-03-01 21:00:00,2020-03-01,0,0,0,0,0
91,82,2,2020-02-29 21:00:00,2020-02-29,0,0,0,0,0
91,82,2,2020-02-28 21:00:00,2020-02-28,0,0,0,0,1
91,81,2,2020-02-27 21:00:00,2020-02-27,0,0,0,0,1
91,80,2,2020-02-26 21:00:00,2020-02-26,0,0,0,0,0
91,80,2,2020-02-25 21:00:00,2020-02-25,0,0,0,0,2
91,78,2,2020-02-24 21:00:00,2020-02-24,0,0,0,0,2
91,76,2,2020-02-23 21:00:00,2020-02-23,0,0,0,0,0
91,76,2,2020-02-22 21:00:00,2020-02-22,0,0,0,0,5
91,71,2,2020-02-21 21:00:00,2020-02-21,0,0,0,0,6
91,65,2,2020-02-20 21:00:00,2020-02-20,0,0,0,0,3
91,62,2,2020-02-19 21:00:00,2020-02-19,0,0,0,0,3
91,59,2,2020-02-18 21:00:00,2020-02-18,1,0,0,0,5
90,54,2,2020-02-17 21:00:00,2020-02-17,0,0,0,0,3
90,51,2,2020-02-16 21:00:00,2020-02-16,0,0,0,0,5
90,46,2,2020-02-15 21:00:00,2020-02-15,0,0,0,0,7
90,39,2,2020-02-14 21:00:00,2020-02-14,3,0,0,0,5
87,34,2,2020-02-13 21:00:00,2020-02-13,1,0,0,0,6
86,28,2,2020-02-12 21:00:00,2020-02-12,0,0,0,0,7
86,21,2,2020-02-11 20:30:00,2020-02-11,3,0,0,0,4
83,17,2,2020-02-10 21:00:00,2020-02-10,4,0,1,0,3
79,14,1,2020-02-09 21:00:00,2020-02-09,8,0,0,0,5
71,9,1,2020-02-08 21:00:00,2020-02-08,4,0,1,0,0
67,9,0,2020-02-07 21:00:00,2020-02-07,5,0,0,0,3
62,6,0,2020-02-06 21:00:00,2020-02-06,5,0,0,0,2
57,4,0,2020-02-05 21:00:00,2020-02-05,2,0,0,0,1
55,3,0,2020-02-04 20:00:00,2020-02-04,4,0,0,0,0
51,3,0,2020-02-03 20:00:00,2020-02-03,11,0,0,0,3
40,0,0,2020-02-02 20:00:00,2020-02-02,5,0,0,0,0
35,0,0,2020-02-01 10:00:00,2020-02-01,6,0,0,0,0
29,0,0,2020-01-31 12:30:00,2020-01-31,3,0,0,0,0
26,0,0,2020-01-30 12:00:00,2020-01-30,2,0,0,0,0
24,0,0,2020-01-29 14:00:00,2020-01-29,5,0,0,0,0
19,0,0,2020-01-28 11:30:00,2020-01-28,5,0,0,0,0
14,0,0,2020-01-27 14:00:00,2020-01-27,7,0,0,0,0
7,0,0,2020-01-26 13:00:00,2020-01-26,3,0,0,0,0
4,0,0,2020-01-25 15:00:00,2020-01-25,2,0,0,0,0
2,0,0,2020-01-24 15:00:00,2020-01-24,0,0,0,0,0
2,0,0,2020-01-23 15:00:00,2020-01-23,2,0,0,0,0
0,0,0,2020-01-22 15:00:00,2020-01-22,0,0,0,0,0
0,0,0,2020-01-21 15:00:00,2020-01-21,0,0,0,0,0
