Confirmed,Recovered,Deaths,Date_last_updated_AEDT,date_day,New,DayElapsed,New_death,DayElapsed_death,New_recover
203487,187800,9173,2020-07-21 22:00:00,2020-07-21,642,142,10,132,0
202845,187800,9163,2020-07-20 22:00:00,2020-07-20,273,141,1,131,0
202572,187800,9162,2020-07-19 22:00:00,2020-07-19,227,140,2,130,300
202345,187500,9160,2020-07-18 22:00:00,2020-07-18,509,139,3,129,1100
201836,186400,9157,2020-07-17 22:00:00,2020-07-17,559,138,9,128,400
201277,186000,9148,2020-07-16 22:00:00,2020-07-16,511,137,4,127,0
200766,186000,9144,2020-07-15 22:00:00,2020-07-15,330,136,5,126,900
200436,185100,9139,2020-07-14 22:00:00,2020-07-14,468,135,4,125,500
199968,184600,9135,2020-07-13 22:00:00,2020-07-13,156,134,1,124,100
199812,184500,9134,2020-07-12 22:00:00,2020-07-12,224,133,4,123,0
199588,184500,9130,2020-07-11 22:00:00,2020-07-11,372,132,5,122,900
199216,183600,9125,2020-07-10 22:00:00,2020-07-10,451,131,10,121,0
198765,183600,9115,2020-07-09 22:00:00,2020-07-09,410,130,12,120,900
198355,182700,9103,2020-07-08 22:00:00,2020-07-08,282,129,11,119,0
198073,182700,9092,2020-07-07 22:00:00,2020-07-07,515,128,6,118,500
197558,182200,9086,2020-07-06 22:00:00,2020-07-06,140,127,5,117,500
197418,181700,9081,2020-07-05 22:00:00,2020-07-05,418,126,8,116,400
197000,181300,9073,2020-07-04 22:00:00,2020-07-04,283,125,9,115,300
196717,181000,9064,2020-07-03 22:00:00,2020-07-03,356,124,3,114,700
196361,180300,9061,2020-07-02 22:00:00,2020-07-02,529,123,9,113,500
195832,179800,9052,2020-07-01 22:00:00,2020-07-01,433,122,11,112,700
195399,179100,9041,2020-06-30 22:00:00,2020-06-30,499,121,12,111,1000
194900,178100,9029,2020-06-29 22:00:00,2020-06-29,211,120,3,110,600
194689,177500,9026,2020-06-28 22:00:00,2020-06-28,290,119,0,109,0
194399,177500,9026,2020-06-27 22:00:00,2020-06-27,592,118,14,108,400
193807,177100,9012,2020-06-26 22:00:00,2020-06-26,553,117,9,107,300
193254,176800,9003,2020-06-25 22:00:00,2020-06-25,427,116,17,106,1100
192827,175700,8986,2020-06-24 22:00:00,2020-06-24,708,115,17,105,400
192119,175300,8969,2020-06-23 22:00:00,2020-06-23,544,114,7,104,400
191575,174900,8962,2020-06-22 22:00:00,2020-06-22,359,113,1,103,0
191216,174900,8961,2020-06-21 22:00:00,2020-06-21,556,112,1,102,500
190660,174400,8960,2020-06-20 22:00:00,2020-06-20,534,111,14,101,300
190126,174100,8946,2020-06-19 22:00:00,2020-06-19,-53,110,19,100,500
190179,173600,8927,2020-06-18 22:00:00,2020-06-18,1797,109,17,99,0
188382,173600,8910,2020-06-17 22:00:00,2020-06-17,338,108,25,98,500
188044,173100,8885,2020-06-16 22:00:00,2020-06-16,373,107,15,97,500
187671,172600,8870,2020-06-15 22:00:00,2020-06-15,248,106,3,96,400
187423,172200,8867,2020-06-14 22:00:00,2020-06-14,172,105,4,95,600
187251,171600,8863,2020-06-13 22:00:00,2020-06-13,456,104,12,94,0
186795,171600,8851,2020-06-12 22:00:00,2020-06-12,285,103,7,93,400
186510,171200,8844,2020-06-11 22:00:00,2020-06-11,-6,102,13,92,500
186516,170700,8831,2020-06-10 22:00:00,2020-06-10,283,101,39,91,500
186233,170200,8792,2020-06-09 22:00:00,2020-06-09,364,100,16,90,600
185869,169600,8776,2020-06-08 22:00:00,2020-06-08,173,99,7,89,500
185696,169100,8769,2020-06-07 22:00:00,2020-06-07,282,98,6,88,200
185414,168900,8763,2020-06-06 22:00:00,2020-06-06,491,97,27,87,400
184923,168500,8736,2020-06-05 22:00:00,2020-06-05,498,96,37,86,700
184425,167800,8699,2020-06-04 22:00:00,2020-06-04,334,95,25,85,500
184091,167300,8674,2020-06-03 22:00:00,2020-06-03,326,94,56,84,900
183765,166400,8618,2020-06-02 22:00:00,2020-06-02,271,93,13,83,500
183494,165900,8605,2020-06-01 22:00:00,2020-06-01,200,92,5,82,700
183294,165200,8600,2020-05-31 22:00:00,2020-05-31,275,91,6,81,300
183019,164900,8594,2020-05-30 22:00:00,2020-05-30,567,90,24,80,800
182452,164100,8570,2020-05-29 22:00:00,2020-05-29,557,89,37,79,900
181895,163200,8533,2020-05-28 22:00:00,2020-05-28,607,88,35,78,400
181288,162800,8498,2020-05-27 22:00:00,2020-05-27,480,87,66,77,800
180808,162000,8432,2020-05-26 22:00:00,2020-05-26,480,86,61,76,800
180328,161200,8371,2020-05-25 22:00:00,2020-05-25,342,85,5,75,900
179986,160300,8366,2020-05-24 22:00:00,2020-05-24,273,84,14,74,400
179713,159900,8352,2020-05-23 22:00:00,2020-05-23,557,83,36,73,900
179156,159000,8316,2020-05-22 22:00:00,2020-05-22,625,82,46,72,1000
178531,158000,8270,2020-05-21 22:00:00,2020-05-21,689,81,77,71,1100
177842,156900,8193,2020-05-20 22:00:00,2020-05-20,553,80,70,70,1200
177289,155700,8123,2020-05-19 22:00:00,2020-05-19,638,79,74,69,1100
176651,154600,8049,2020-05-18 22:00:00,2020-05-18,399,78,22,68,1200
176252,153400,8027,2020-05-17 22:00:00,2020-05-17,553,77,26,67,800
175699,152600,8001,2020-05-16 22:00:00,2020-05-16,724,76,73,66,900
174975,151700,7928,2020-05-15 22:00:00,2020-05-15,877,75,67,65,1400
174098,150300,7861,2020-05-14 22:00:00,2020-05-14,822,74,105,64,1600
173276,148700,7756,2020-05-13 22:00:00,2020-05-13,650,73,95,63,1500
172626,147200,7661,2020-05-12 22:00:00,2020-05-12,747,72,92,62,1600
171879,145600,7569,2020-05-11 22:00:00,2020-05-11,555,71,20,61,1200
171324,144400,7549,2020-05-10 22:00:00,2020-05-10,736,70,39,60,1100
170588,143300,7510,2020-05-09 22:00:00,2020-05-09,1158,69,118,59,1600
169430,141700,7392,2020-05-08 22:00:00,2020-05-08,1185,68,115,58,1800
168245,139900,7277,2020-05-07 22:00:00,2020-05-07,1238,67,284,57,2500
167007,137400,6993,2020-05-06 22:00:00,2020-05-06,808,66,0,56,2300
166199,135100,6993,2020-05-05 22:00:00,2020-05-05,535,65,127,55,2400
165664,132700,6866,2020-05-04 22:00:00,2020-05-04,697,64,54,54,2100
164967,130600,6812,2020-05-03 22:00:00,2020-05-03,890,63,76,53,1600
164077,129000,6736,2020-05-02 22:00:00,2020-05-02,1068,62,113,52,2100
163009,126900,6623,2020-05-01 22:00:00,2020-05-01,1470,61,156,51,3400
161539,123500,6467,2020-04-30 22:00:00,2020-04-30,1480,60,153,50,3100
160059,120400,6314,2020-04-29 22:00:00,2020-04-29,1301,59,188,49,5900
158758,114500,6126,2020-04-28 22:00:00,2020-04-28,977,58,150,48,0
157781,114500,5976,2020-04-27 22:00:00,2020-04-27,1268,57,99,47,4700
156513,109800,5877,2020-04-26 22:00:00,2020-04-26,1459,56,110,46,0
155054,109800,5767,2020-04-25 22:00:00,2020-04-25,1747,55,192,45,3000
153307,106800,5575,2020-04-24 22:00:00,2020-04-24,2534,54,257,44,3500
150773,103300,5318,2020-04-23 22:00:00,2020-04-23,2069,53,218,43,3900
148704,99400,5100,2020-04-22 22:00:00,2020-04-22,1639,52,238,42,4200
147065,95200,4862,2020-04-21 22:00:00,2020-04-21,1322,51,220,41,3700
145743,91500,4642,2020-04-20 22:00:00,2020-04-20,1964,50,99,40,3500
143779,88000,4543,2020-04-19 22:00:00,2020-04-19,2382,49,191,39,2600
141397,85400,4352,2020-04-18 22:00:00,2020-04-18,3176,48,254,38,3600
138221,81800,4098,2020-04-17 22:00:00,2020-04-17,3468,47,294,37,4800
134753,77000,3804,2020-04-16 22:00:00,2020-04-16,2543,46,309,36,4400
132210,72600,3495,2020-04-15 22:00:00,2020-04-15,2138,45,301,35,4400
130072,68200,3194,2020-04-14 22:00:00,2020-04-14,2218,44,172,34,3900
127854,64300,3022,2020-04-13 22:00:00,2020-04-13,2402,43,151,33,6900
125452,57400,2871,2020-04-12 22:00:00,2020-04-12,3281,42,135,32,3487
122171,53913,2736,2020-04-11 22:00:00,2020-04-11,3936,41,129,31,1506
118235,52407,2607,2020-04-10 22:00:00,2020-04-10,4939,40,258,30,6107
113296,46300,2349,2020-04-09 22:00:00,2020-04-09,5633,39,333,29,10219
107663,36081,2016,2020-04-08 22:00:00,2020-04-08,4288,38,206,28,0
103375,36081,1810,2020-04-07 22:00:00,2020-04-07,3243,37,226,27,7381
100132,28700,1584,2020-04-06 22:00:00,2020-04-06,4024,36,138,26,2300
96108,26400,1446,2020-04-05 22:00:00,2020-04-05,4949,35,171,25,1825
91159,24575,1275,2020-04-04 21:00:00,2020-04-04,6096,34,164,24,2135
85063,22440,1111,2020-04-03 21:00:00,2020-04-03,7082,33,180,23,3265
77981,19175,931,2020-04-02 21:00:00,2020-04-02,5598,32,143,22,3075
72383,16100,788,2020-04-01 21:00:00,2020-04-01,5332,31,138,21,2600
67051,13500,650,2020-03-31 21:00:00,2020-03-31,4616,30,109,20,4289
62435,9211,541,2020-03-30 21:00:00,2020-03-30,4188,29,86,19,730
58247,8481,455,2020-03-29 21:00:00,2020-03-29,4907,28,60,18,1823
53340,6658,395,2020-03-28 21:00:00,2020-03-28,6062,27,114,17,985
47278,5673,281,2020-03-27 21:10:00,2020-03-27,7776,26,59,16,2126
39502,3547,222,2020-03-26 22:20:00,2020-03-26,5447,25,47,15,7
34055,3540,175,2020-03-25 23:20:00,2020-03-25,3905,24,45,14,3087
30150,453,130,2020-03-24 21:20:00,2020-03-24,3930,23,19,13,187
26220,266,111,2020-03-23 21:40:00,2020-03-23,3856,22,27,12,57
22364,209,84,2020-03-22 21:00:00,2020-03-22,2222,21,14,11,29
20142,180,70,2020-03-21 21:00:00,2020-03-21,3516,20,26,10,65
16626,115,44,2020-03-20 21:20:00,2020-03-20,3543,19,13,9,2
13083,113,31,2020-03-19 21:30:00,2020-03-19,3164,18,5,8,42
9919,71,26,2020-03-18 22:00:00,2020-03-18,2309,17,9,7,4
7610,67,17,2020-03-17 21:00:00,2020-03-17,1395,16,4,6,21
6215,46,13,2020-03-16 21:00:00,2020-03-16,1566,15,4,5,0
4649,46,9,2020-03-15 21:00:00,2020-03-15,891,14,1,4,0
3758,46,8,2020-03-14 21:00:00,2020-03-14,1008,13,2,3,21
2750,25,6,2020-03-13 21:00:00,2020-03-13,784,12,3,2,0
1966,25,3,2020-03-12 21:00:00,2020-03-12,353,11,1,1,7
1613,18,2,2020-03-11 21:00:00,2020-03-11,389,10,0,0,0
1224,18,2,2020-03-10 21:00:00,2020-03-10,73,9,2,0,0
1151,18,0,2020-03-09 21:00:00,2020-03-09,304,8,0,0,0
847,18,0,2020-03-08 21:00:00,2020-03-08,155,7,0,0,0
692,18,0,2020-03-07 21:00:00,2020-03-07,115,6,0,0,1
577,17,0,2020-03-06 21:00:00,2020-03-06,228,5,0,0,1
349,16,0,2020-03-05 21:00:00,2020-03-05,109,4,0,0,0
240,16,0,2020-03-04 21:00:00,2020-03-04,75,3,0,0,0
165,16,0,2020-03-03 21:00:00,2020-03-03,15,2,0,0,0
150,16,0,2020-03-02 21:00:00,2020-03-02,71,1,0,0,0
79,16,0,2020-03-01 21:00:00,2020-03-01,0,0,0,0,0
79,16,0,2020-02-29 21:00:00,2020-02-29,30,0,0,0,0
49,16,0,2020-02-28 21:00:00,2020-02-28,22,0,0,0,1
27,15,0,2020-02-27 21:00:00,2020-02-27,9,0,0,0,0
18,15,0,2020-02-26 21:00:00,2020-02-26,2,0,0,0,1
16,14,0,2020-02-25 21:00:00,2020-02-25,0,0,0,0,0
16,14,0,2020-02-24 21:00:00,2020-02-24,0,0,0,0,0
16,14,0,2020-02-23 21:00:00,2020-02-23,0,0,0,0,0
16,14,0,2020-02-22 21:00:00,2020-02-22,0,0,0,0,1
16,13,0,2020-02-21 21:00:00,2020-02-21,0,0,0,0,4
16,9,0,2020-02-20 21:00:00,2020-02-20,0,0,0,0,0
16,9,0,2020-02-19 21:00:00,2020-02-19,0,0,0,0,0
16,9,0,2020-02-18 21:00:00,2020-02-18,0,0,0,0,6
16,3,0,2020-02-17 21:00:00,2020-02-17,0,0,0,0,0
16,3,0,2020-02-16 21:00:00,2020-02-16,0,0,0,0,2
16,1,0,2020-02-15 21:00:00,2020-02-15,0,0,0,0,0
16,1,0,2020-02-14 21:00:00,2020-02-14,0,0,0,0,1
16,0,0,2020-02-13 21:00:00,2020-02-13,0,0,0,0,0
16,0,0,2020-02-12 21:00:00,2020-02-12,2,0,0,0,0
14,0,0,2020-02-11 20:30:00,2020-02-11,0,0,0,0,0
14,0,0,2020-02-10 21:00:00,2020-02-10,0,0,0,0,0
14,0,0,2020-02-09 21:00:00,2020-02-09,0,0,0,0,0
14,0,0,2020-02-08 21:00:00,2020-02-08,1,0,0,0,0
13,0,0,2020-02-07 21:00:00,2020-02-07,1,0,0,0,0
12,0,0,2020-02-06 21:00:00,2020-02-06,0,0,0,0,0
12,0,0,2020-02-05 21:00:00,2020-02-05,0,0,0,0,0
12,0,0,2020-02-04 20:00:00,2020-02-04,2,0,0,0,0
10,0,0,2020-02-03 20:00:00,2020-02-03,2,0,0,0,0
8,0,0,2020-02-02 20:00:00,2020-02-02,1,0,0,0,0
7,0,0,2020-02-01 10:00:00,2020-02-01,3,0,0,0,0
4,0,0,2020-01-31 12:30:00,2020-01-31,0,0,0,0,0
4,0,0,2020-01-30 12:00:00,2020-01-30,0,0,0,0,0
4,0,0,2020-01-29 14:00:00,2020-01-29,3,0,0,0,0
1,0,0,2020-01-28 11:30:00,2020-01-28,1,0,0,0,0
0,0,0,2020-01-27 14:00:00,2020-01-27,0,0,0,0,0
0,0,0,2020-01-26 13:00:00,2020-01-26,0,0,0,0,0
0,0,0,2020-01-25 15:00:00,2020-01-25,0,0,0,0,0
0,0,0,2020-01-24 15:00:00,2020-01-24,0,0,0,0,0
0,0,0,2020-01-23 15:00:00,2020-01-23,0,0,0,0,0
0,0,0,2020-01-22 15:00:00,2020-01-22,0,0,0,0,0
0,0,0,2020-01-21 15:00:00,2020-01-21,0,0,0,0,0
