Confirmed,Recovered,Deaths,Date_last_updated_AEDT,date_day,New,DayElapsed,New_death,DayElapsed_death,New_recover
42192,28856,1632,2020-07-24 22:00:00,2020-07-24,1057,106,59,110,1100
41135,27756,1573,2020-07-23 22:00:00,2020-07-23,906,105,42,109,1071
40229,26685,1531,2020-07-22 22:00:00,2020-07-22,1190,104,29,108,1146
39039,25539,1502,2020-07-21 22:00:00,2020-07-21,362,103,17,107,2174
38677,23365,1485,2020-07-20 22:00:00,2020-07-20,635,102,36,106,0
38042,23365,1449,2020-07-19 22:00:00,2020-07-19,4233,101,6,105,18376
33809,4989,1443,2020-07-18 22:00:00,2020-07-18,870,100,39,104,182
32939,4807,1404,2020-07-17 22:00:00,2020-07-17,865,99,54,103,183
32074,4624,1350,2020-07-16 22:00:00,2020-07-16,1202,98,48,102,171
30872,4453,1302,2020-07-15 22:00:00,2020-07-15,1130,97,58,101,132
29742,4321,1244,2020-07-14 22:00:00,2020-07-14,387,96,25,100,107
29355,4214,1219,2020-07-13 22:00:00,2020-07-13,757,95,47,99,141
28598,4073,1172,2020-07-12 22:00:00,2020-07-12,979,94,33,98,49
27619,4024,1139,2020-07-11 22:00:00,2020-07-11,961,93,47,97,227
26658,3797,1092,2020-07-10 22:00:00,2020-07-10,1247,92,39,96,79
25411,3718,1053,2020-07-09 22:00:00,2020-07-09,624,91,49,95,143
24787,3575,1004,2020-07-08 22:00:00,2020-07-08,815,90,23,94,146
23972,3429,981,2020-07-07 22:00:00,2020-07-07,724,89,34,93,47
23248,3382,947,2020-07-06 22:00:00,2020-07-06,747,88,27,92,52
22501,3330,920,2020-07-05 22:00:00,2020-07-05,1208,87,40,91,15
21293,3315,880,2020-07-04 22:00:00,2020-07-04,1221,86,37,90,36
20072,3279,843,2020-07-03 22:00:00,2020-07-03,1061,85,26,89,48
19011,3231,817,2020-07-02 22:00:00,2020-07-02,915,84,44,88,37
18096,3194,773,2020-07-01 22:00:00,2020-07-01,687,83,27,87,24
17409,3170,746,2020-06-30 22:00:00,2020-06-30,479,82,19,86,18
16930,3152,727,2020-06-29 22:00:00,2020-06-29,533,81,21,85,29
16397,3123,706,2020-06-28 22:00:00,2020-06-28,569,80,34,84,95
15828,3028,672,2020-06-27 22:00:00,2020-06-27,209,79,49,83,79
15619,2949,623,2020-06-26 22:00:00,2020-06-26,800,78,22,82,19
14819,2930,601,2020-06-25 22:00:00,2020-06-25,279,77,19,81,33
14540,2897,582,2020-06-24 22:00:00,2020-06-24,771,76,35,80,79
13769,2818,547,2020-06-23 22:00:00,2020-06-23,624,75,16,79,107
13145,2711,531,2020-06-22 22:00:00,2020-06-22,390,74,17,78,153
12755,2558,514,2020-06-21 22:00:00,2020-06-21,246,73,31,77,139
12509,2419,483,2020-06-20 22:00:00,2020-06-20,641,72,34,76,129
11868,2290,449,2020-06-19 22:00:00,2020-06-19,617,71,17,75,90
11251,2200,432,2020-06-18 22:00:00,2020-06-18,545,70,14,74,104
10706,2096,418,2020-06-17 22:00:00,2020-06-17,434,69,19,73,130
10272,1966,399,2020-06-16 22:00:00,2020-06-16,427,68,15,72,80
9845,1886,384,2020-06-15 22:00:00,2020-06-15,354,67,17,71,82
9491,1804,367,2020-06-14 22:00:00,2020-06-14,509,66,16,70,102
8982,1702,351,2020-06-13 22:00:00,2020-06-13,421,65,17,69,135
8561,1567,334,2020-06-12 22:00:00,2020-06-12,340,64,18,68,63
8221,1504,316,2020-06-11 22:00:00,2020-06-11,355,63,27,67,91
7866,1413,289,2020-06-10 22:00:00,2020-06-10,364,62,22,66,90
7502,1323,267,2020-06-09 22:00:00,2020-06-09,447,61,15,65,62
7055,1261,252,2020-06-08 22:00:00,2020-06-08,263,60,22,64,128
6792,1133,230,2020-06-07 22:00:00,2020-06-07,307,59,14,63,80
6485,1053,216,2020-06-06 22:00:00,2020-06-06,331,58,58,62,74
6154,979,158,2020-06-05 22:00:00,2020-06-05,394,57,15,61,50
5760,929,143,2020-06-04 22:00:00,2020-06-04,174,56,20,60,105
5586,824,123,2020-06-03 22:00:00,2020-06-03,250,55,7,59,29
5336,795,116,2020-06-02 22:00:00,2020-06-02,249,54,8,58,60
5087,735,108,2020-06-01 22:00:00,2020-06-01,348,53,6,57,29
4739,706,102,2020-05-31 22:00:00,2020-05-31,132,52,12,56,58
4607,648,90,2020-05-30 22:00:00,2020-05-30,259,51,10,55,83
4348,565,80,2020-05-29 22:00:00,2020-05-29,203,50,12,54,72
4145,493,68,2020-05-28 22:00:00,2020-05-28,191,49,5,53,204
3954,289,63,2020-05-27 22:00:00,2020-05-27,194,48,4,52,15
3760,274,59,2020-05-26 22:00:00,2020-05-26,336,47,1,51,16
3424,258,58,2020-05-25 22:00:00,2020-05-25,370,46,3,50,14
3054,244,55,2020-05-24 22:00:00,2020-05-24,311,45,4,49,22
2743,222,51,2020-05-23 22:00:00,2020-05-23,231,44,3,48,0
2512,222,48,2020-05-22 22:00:00,2020-05-22,247,43,3,47,63
2265,159,45,2020-05-21 22:00:00,2020-05-21,132,42,2,46,4
2133,155,43,2020-05-20 22:00:00,2020-05-20,132,41,5,45,16
2001,139,38,2020-05-19 22:00:00,2020-05-19,89,40,3,44,1
1912,138,35,2020-05-18 22:00:00,2020-05-18,149,39,2,43,0
1763,138,33,2020-05-17 22:00:00,2020-05-17,120,38,3,42,3
1643,135,30,2020-05-16 22:00:00,2020-05-16,125,37,1,41,6
1518,129,29,2020-05-15 22:00:00,2020-05-15,176,36,0,40,8
1342,121,29,2020-05-14 22:00:00,2020-05-14,143,35,2,39,1
1199,120,27,2020-05-13 22:00:00,2020-05-13,85,34,1,38,9
1114,111,26,2020-05-12 22:00:00,2020-05-12,62,33,0,37,1
1052,110,26,2020-05-11 22:00:00,2020-05-11,85,32,2,36,6
967,104,24,2020-05-10 22:00:00,2020-05-10,67,31,0,35,3
900,101,24,2020-05-09 22:00:00,2020-05-09,68,30,1,34,11
832,90,23,2020-05-08 22:00:00,2020-05-08,34,29,2,33,4
798,86,21,2020-05-07 22:00:00,2020-05-07,35,28,2,32,7
763,79,19,2020-05-06 22:00:00,2020-05-06,33,27,0,31,0
730,79,19,2020-05-05 22:00:00,2020-05-05,27,26,2,30,7
703,72,17,2020-05-04 22:00:00,2020-05-04,15,25,0,29,0
688,72,17,2020-05-03 22:00:00,2020-05-03,44,24,1,28,0
644,72,16,2020-05-02 22:00:00,2020-05-02,45,23,0,27,6
599,66,16,2020-05-01 22:00:00,2020-05-01,14,22,0,26,1
585,65,16,2020-04-30 22:00:00,2020-04-30,28,21,0,25,3
557,62,16,2020-04-29 22:00:00,2020-04-29,27,20,1,24,13
530,49,15,2020-04-28 22:00:00,2020-04-28,30,19,0,23,0
500,49,15,2020-04-27 22:00:00,2020-04-27,27,18,2,22,4
473,45,13,2020-04-26 22:00:00,2020-04-26,43,17,2,21,15
430,30,11,2020-04-25 22:00:00,2020-04-25,46,16,0,20,0
384,30,11,2020-04-24 22:00:00,2020-04-24,42,15,1,19,5
342,25,10,2020-04-23 22:00:00,2020-04-23,26,14,2,18,1
316,24,8,2020-04-22 22:00:00,2020-04-22,22,13,1,17,0
294,24,7,2020-04-21 22:00:00,2020-04-21,5,12,0,16,3
289,21,7,2020-04-20 22:00:00,2020-04-20,32,11,0,15,0
257,21,7,2020-04-19 22:00:00,2020-04-19,22,10,0,14,0
235,21,7,2020-04-18 22:00:00,2020-04-18,21,9,0,13,0
214,21,7,2020-04-17 22:00:00,2020-04-17,18,8,2,12,2
196,19,5,2020-04-16 22:00:00,2020-04-16,16,7,0,11,0
180,19,5,2020-04-15 22:00:00,2020-04-15,13,6,0,10,0
167,19,5,2020-04-14 22:00:00,2020-04-14,12,5,0,9,0
155,19,5,2020-04-13 22:00:00,2020-04-13,2,4,2,8,0
153,19,3,2020-04-12 22:00:00,2020-04-12,16,3,0,7,0
137,19,3,2020-04-11 22:00:00,2020-04-11,11,2,0,6,2
126,17,3,2020-04-10 22:00:00,2020-04-10,39,1,0,5,0
87,17,3,2020-04-09 22:00:00,2020-04-09,7,0,0,4,0
80,17,3,2020-04-08 22:00:00,2020-04-08,6,0,0,3,0
74,17,3,2020-04-07 22:00:00,2020-04-07,4,0,0,2,2
70,15,3,2020-04-06 22:00:00,2020-04-06,9,0,1,1,0
61,15,2,2020-04-05 22:00:00,2020-04-05,11,0,1,0,3
50,12,1,2020-04-04 21:00:00,2020-04-04,3,0,0,0,0
47,12,1,2020-04-03 21:00:00,2020-04-03,1,0,0,0,0
46,12,1,2020-04-02 21:00:00,2020-04-02,7,0,0,0,0
39,12,1,2020-04-01 21:00:00,2020-04-01,3,0,0,0,2
36,10,1,2020-03-31 21:00:00,2020-03-31,2,0,0,0,0
34,10,1,2020-03-30 21:00:00,2020-03-30,0,0,0,0,0
34,10,1,2020-03-29 21:00:00,2020-03-29,2,0,0,0,6
32,4,1,2020-03-28 21:00:00,2020-03-28,7,0,0,0,0
25,4,1,2020-03-27 21:10:00,2020-03-27,1,0,0,0,0
24,4,1,2020-03-26 22:20:00,2020-03-26,3,0,0,0,4
21,0,1,2020-03-25 23:20:00,2020-03-25,1,0,0,0,0
20,0,1,2020-03-24 21:20:00,2020-03-24,1,0,0,0,0
19,0,1,2020-03-23 21:40:00,2020-03-23,2,0,0,0,0
17,0,1,2020-03-22 21:00:00,2020-03-22,5,0,0,0,0
12,0,1,2020-03-21 21:00:00,2020-03-21,3,0,0,0,0
9,0,1,2020-03-20 21:20:00,2020-03-20,1,0,0,0,0
8,0,1,2020-03-19 21:30:00,2020-03-19,0,0,0,0,0
8,0,1,2020-03-18 22:00:00,2020-03-18,0,0,0,0,0
8,0,1,2020-03-17 21:00:00,2020-03-17,6,0,0,0,0
2,0,1,2020-03-16 21:00:00,2020-03-16,1,0,1,0,0
1,0,0,2020-03-15 21:00:00,2020-03-15,0,0,0,0,0
1,0,0,2020-03-14 21:00:00,2020-03-14,1,0,0,0,0
0,0,0,2020-03-13 21:00:00,2020-03-13,0,0,0,0,0
0,0,0,2020-03-12 21:00:00,2020-03-12,0,0,0,0,0
0,0,0,2020-03-11 21:00:00,2020-03-11,0,0,0,0,0
0,0,0,2020-03-10 21:00:00,2020-03-10,0,0,0,0,0
0,0,0,2020-03-09 21:00:00,2020-03-09,0,0,0,0,0
0,0,0,2020-03-08 21:00:00,2020-03-08,0,0,0,0,0
0,0,0,2020-03-07 21:00:00,2020-03-07,0,0,0,0,0
0,0,0,2020-03-06 21:00:00,2020-03-06,0,0,0,0,0
0,0,0,2020-03-05 21:00:00,2020-03-05,0,0,0,0,0
0,0,0,2020-03-04 21:00:00,2020-03-04,0,0,0,0,0
0,0,0,2020-03-03 21:00:00,2020-03-03,0,0,0,0,0
0,0,0,2020-03-02 21:00:00,2020-03-02,0,0,0,0,0
0,0,0,2020-03-01 21:00:00,2020-03-01,0,0,0,0,0
0,0,0,2020-02-29 21:00:00,2020-02-29,0,0,0,0,0
0,0,0,2020-02-28 21:00:00,2020-02-28,0,0,0,0,0
0,0,0,2020-02-27 21:00:00,2020-02-27,0,0,0,0,0
0,0,0,2020-02-26 21:00:00,2020-02-26,0,0,0,0,0
0,0,0,2020-02-25 21:00:00,2020-02-25,0,0,0,0,0
0,0,0,2020-02-24 21:00:00,2020-02-24,0,0,0,0,0
0,0,0,2020-02-23 21:00:00,2020-02-23,0,0,0,0,0
0,0,0,2020-02-22 21:00:00,2020-02-22,0,0,0,0,0
0,0,0,2020-02-21 21:00:00,2020-02-21,0,0,0,0,0
0,0,0,2020-02-20 21:00:00,2020-02-20,0,0,0,0,0
0,0,0,2020-02-19 21:00:00,2020-02-19,0,0,0,0,0
0,0,0,2020-02-18 21:00:00,2020-02-18,0,0,0,0,0
0,0,0,2020-02-17 21:00:00,2020-02-17,0,0,0,0,0
0,0,0,2020-02-16 21:00:00,2020-02-16,0,0,0,0,0
0,0,0,2020-02-15 21:00:00,2020-02-15,0,0,0,0,0
0,0,0,2020-02-14 21:00:00,2020-02-14,0,0,0,0,0
0,0,0,2020-02-13 21:00:00,2020-02-13,0,0,0,0,0
0,0,0,2020-02-12 21:00:00,2020-02-12,0,0,0,0,0
0,0,0,2020-02-11 20:30:00,2020-02-11,0,0,0,0,0
0,0,0,2020-02-10 21:00:00,2020-02-10,0,0,0,0,0
0,0,0,2020-02-09 21:00:00,2020-02-09,0,0,0,0,0
0,0,0,2020-02-08 21:00:00,2020-02-08,0,0,0,0,0
0,0,0,2020-02-07 21:00:00,2020-02-07,0,0,0,0,0
0,0,0,2020-02-06 21:00:00,2020-02-06,0,0,0,0,0
0,0,0,2020-02-05 21:00:00,2020-02-05,0,0,0,0,0
0,0,0,2020-02-04 20:00:00,2020-02-04,0,0,0,0,0
0,0,0,2020-02-03 20:00:00,2020-02-03,0,0,0,0,0
0,0,0,2020-02-02 20:00:00,2020-02-02,0,0,0,0,0
0,0,0,2020-02-01 10:00:00,2020-02-01,0,0,0,0,0
0,0,0,2020-01-31 12:30:00,2020-01-31,0,0,0,0,0
0,0,0,2020-01-30 12:00:00,2020-01-30,0,0,0,0,0
0,0,0,2020-01-29 14:00:00,2020-01-29,0,0,0,0,0
0,0,0,2020-01-28 11:30:00,2020-01-28,0,0,0,0,0
0,0,0,2020-01-27 14:00:00,2020-01-27,0,0,0,0,0
0,0,0,2020-01-26 13:00:00,2020-01-26,0,0,0,0,0
0,0,0,2020-01-25 15:00:00,2020-01-25,0,0,0,0,0
0,0,0,2020-01-24 15:00:00,2020-01-24,0,0,0,0,0
0,0,0,2020-01-23 15:00:00,2020-01-23,0,0,0,0,0
0,0,0,2020-01-22 15:00:00,2020-01-22,0,0,0,0,0
0,0,0,2020-01-21 15:00:00,2020-01-21,0,0,0,0,0
