Confirmed,Recovered,Deaths,Date_last_updated_AEDT,date_day,New,DayElapsed,New_death,DayElapsed_death,New_recover
6044,4802,37,2020-07-12 22:00:00,2020-07-12,75,99,0,86,70
5969,4732,37,2020-07-11 22:00:00,2020-07-11,88,98,1,85,60
5881,4672,36,2020-07-10 22:00:00,2020-07-10,184,97,2,84,95
5697,4577,34,2020-07-09 22:00:00,2020-07-09,0,96,0,83,0
5697,4577,34,2020-07-08 22:00:00,2020-07-08,87,95,0,82,55
5610,4522,34,2020-07-07 22:00:00,2020-07-07,0,94,0,81,0
5610,4522,34,2020-07-06 22:00:00,2020-07-06,40,93,0,80,26
5570,4496,34,2020-07-05 22:00:00,2020-07-05,49,92,1,79,50
5521,4446,33,2020-07-04 22:00:00,2020-07-04,71,91,0,78,54
5450,4392,33,2020-07-03 22:00:00,2020-07-03,46,90,0,77,46
5404,4346,33,2020-07-02 22:00:00,2020-07-02,13,89,0,76,20
5391,4326,33,2020-07-01 22:00:00,2020-07-01,40,88,2,75,30
5351,4296,31,2020-06-30 22:00:00,2020-06-30,9,87,0,74,14
5342,4282,31,2020-06-29 22:00:00,2020-06-29,51,86,1,73,67
5291,4215,30,2020-06-28 22:00:00,2020-06-28,31,85,1,72,60
5260,4155,29,2020-06-27 22:00:00,2020-06-27,86,84,0,71,294
5174,3861,29,2020-06-26 22:00:00,2020-06-26,0,83,0,70,0
5174,3861,29,2020-06-25 22:00:00,2020-06-25,134,82,1,69,176
5040,3685,28,2020-06-24 22:00:00,2020-06-24,52,81,1,68,16
4988,3669,27,2020-06-23 22:00:00,2020-06-23,0,80,0,67,0
4988,3669,27,2020-06-22 22:00:00,2020-06-22,28,79,0,66,39
4960,3630,27,2020-06-21 22:00:00,2020-06-21,56,78,0,65,108
4904,3522,27,2020-06-20 22:00:00,2020-06-20,63,77,1,64,55
4841,3467,26,2020-06-19 22:00:00,2020-06-19,173,76,0,63,103
4668,3364,26,2020-06-18 22:00:00,2020-06-18,29,75,0,62,37
4639,3327,26,2020-06-17 22:00:00,2020-06-17,67,74,0,61,68
4572,3259,26,2020-06-16 22:00:00,2020-06-16,40,73,1,60,25
4532,3234,25,2020-06-15 22:00:00,2020-06-15,48,72,0,59,21
4484,3213,25,2020-06-14 22:00:00,2020-06-14,58,71,1,58,107
4426,3106,24,2020-06-13 22:00:00,2020-06-13,54,70,1,57,73
4372,3033,23,2020-06-12 22:00:00,2020-06-12,114,69,0,56,91
4258,2942,23,2020-06-11 22:00:00,2020-06-11,0,68,0,55,0
4258,2942,23,2020-06-10 22:00:00,2020-06-10,42,67,0,54,24
4216,2918,23,2020-06-09 22:00:00,2020-06-09,99,66,0,53,41
4117,2877,23,2020-06-08 22:00:00,2020-06-08,0,65,0,52,20
4117,2857,23,2020-06-07 22:00:00,2020-06-07,57,64,0,51,190
4060,2667,23,2020-06-06 22:00:00,2020-06-06,69,63,0,50,155
3991,2512,23,2020-06-05 22:00:00,2020-06-05,58,62,0,49,180
3933,2332,23,2020-06-04 22:00:00,2020-06-04,47,61,0,48,65
3886,2267,23,2020-06-03 22:00:00,2020-06-03,42,60,0,47,132
3844,2135,23,2020-06-02 22:00:00,2020-06-02,138,59,0,46,105
3706,2030,23,2020-06-01 22:00:00,2020-06-01,0,58,0,45,0
3706,2030,23,2020-05-31 22:00:00,2020-05-31,50,57,1,44,30
3656,2000,22,2020-05-30 22:00:00,2020-05-30,103,56,0,43,50
3553,1950,22,2020-05-29 22:00:00,2020-05-29,278,55,2,42,277
3275,1673,20,2020-05-28 22:00:00,2020-05-28,0,54,0,41,0
3275,1673,20,2020-05-27 22:00:00,2020-05-27,0,53,0,40,0
3275,1673,20,2020-05-26 22:00:00,2020-05-26,0,52,0,39,0
3275,1673,20,2020-05-25 22:00:00,2020-05-25,99,51,0,38,42
3176,1631,20,2020-05-24 22:00:00,2020-05-24,109,50,1,37,56
3067,1575,19,2020-05-23 22:00:00,2020-05-23,0,49,1,36,0
3067,1575,18,2020-05-22 22:00:00,2020-05-22,204,48,0,35,50
2863,1525,18,2020-05-21 22:00:00,2020-05-21,0,47,0,34,0
2863,1525,18,2020-05-20 22:00:00,2020-05-20,67,46,2,33,262
2796,1263,16,2020-05-19 22:00:00,2020-05-19,138,45,0,32,130
2658,1133,16,2020-05-18 22:00:00,2020-05-18,0,44,0,31,0
2658,1133,16,2020-05-17 22:00:00,2020-05-17,127,43,1,30,39
2531,1094,15,2020-05-16 22:00:00,2020-05-16,58,42,0,29,199
2473,895,15,2020-05-15 22:00:00,2020-05-15,99,41,1,28,39
2374,856,14,2020-05-14 22:00:00,2020-05-14,76,40,3,27,40
2298,816,11,2020-05-13 22:00:00,2020-05-13,85,39,0,26,45
2213,771,11,2020-05-12 22:00:00,2020-05-12,67,38,0,25,57
2146,714,11,2020-05-11 22:00:00,2020-05-11,104,37,0,24,16
2042,698,11,2020-05-10 22:00:00,2020-05-10,33,36,0,23,35
2009,663,11,2020-05-09 22:00:00,2020-05-09,82,35,0,22,34
1927,629,11,2020-05-08 22:00:00,2020-05-08,71,34,0,21,32
1856,597,11,2020-05-07 22:00:00,2020-05-07,45,33,1,20,99
1811,498,10,2020-05-06 22:00:00,2020-05-06,101,32,1,19,48
1710,450,9,2020-05-05 22:00:00,2020-05-05,124,31,2,18,45
1586,405,7,2020-05-04 22:00:00,2020-05-04,0,30,0,17,0
1586,405,7,2020-05-03 22:00:00,2020-05-03,49,29,0,16,63
1537,342,7,2020-05-02 22:00:00,2020-05-02,42,28,0,15,13
1495,329,7,2020-05-01 22:00:00,2020-05-01,144,27,0,14,16
1351,313,7,2020-04-30 22:00:00,2020-04-30,111,26,0,13,44
1240,269,7,2020-04-29 22:00:00,2020-04-29,77,25,0,12,23
1163,246,7,2020-04-28 22:00:00,2020-04-28,167,24,0,11,38
996,208,7,2020-04-27 22:00:00,2020-04-27,0,23,0,10,0
996,208,7,2020-04-26 22:00:00,2020-04-26,42,22,1,9,17
954,191,6,2020-04-25 22:00:00,2020-04-25,92,21,0,8,21
862,170,6,2020-04-24 22:00:00,2020-04-24,101,20,0,7,6
761,164,6,2020-04-23 22:00:00,2020-04-23,73,19,0,6,37
688,127,6,2020-04-22 22:00:00,2020-04-22,66,18,1,5,5
622,122,5,2020-04-21 22:00:00,2020-04-21,43,17,0,4,35
579,87,5,2020-04-20 22:00:00,2020-04-20,61,16,2,3,22
518,65,3,2020-04-19 22:00:00,2020-04-19,41,15,0,2,6
477,59,3,2020-04-18 22:00:00,2020-04-18,39,14,2,1,10
438,49,1,2020-04-17 22:00:00,2020-04-17,34,13,0,0,18
404,31,1,2020-04-16 22:00:00,2020-04-16,41,12,1,0,0
363,31,0,2020-04-15 22:00:00,2020-04-15,44,11,0,0,14
319,17,0,2020-04-14 22:00:00,2020-04-14,69,10,0,0,0
250,17,0,2020-04-13 22:00:00,2020-04-13,0,9,0,0,0
250,17,0,2020-04-12 22:00:00,2020-04-12,38,8,0,0,2
212,15,0,2020-04-11 22:00:00,2020-04-11,18,7,0,0,4
194,11,0,2020-04-10 22:00:00,2020-04-10,30,6,0,0,6
164,5,0,2020-04-09 22:00:00,2020-04-09,20,5,0,0,0
144,5,0,2020-04-08 22:00:00,2020-04-08,16,4,0,0,0
128,5,0,2020-04-07 22:00:00,2020-04-07,7,3,0,0,0
121,5,0,2020-04-06 22:00:00,2020-04-06,10,2,0,0,0
111,5,0,2020-04-05 22:00:00,2020-04-05,38,1,0,0,3
73,2,0,2020-04-04 21:00:00,2020-04-04,21,0,0,0,2
52,0,0,2020-04-03 21:00:00,2020-04-03,22,0,0,0,0
30,0,0,2020-04-02 21:00:00,2020-04-02,8,0,0,0,0
22,0,0,2020-04-01 21:00:00,2020-04-01,0,0,0,0,0
22,0,0,2020-03-31 21:00:00,2020-03-31,6,0,0,0,0
16,0,0,2020-03-30 21:00:00,2020-03-30,8,0,0,0,0
8,0,0,2020-03-29 21:00:00,2020-03-29,0,0,0,0,0
8,0,0,2020-03-28 21:00:00,2020-03-28,0,0,0,0,0
8,0,0,2020-03-27 21:10:00,2020-03-27,4,0,0,0,0
4,0,0,2020-03-26 22:20:00,2020-03-26,0,0,0,0,0
4,0,0,2020-03-25 23:20:00,2020-03-25,0,0,0,0,0
4,0,0,2020-03-24 21:20:00,2020-03-24,0,0,0,0,0
4,0,0,2020-03-23 21:40:00,2020-03-23,2,0,0,0,0
2,0,0,2020-03-22 21:00:00,2020-03-22,0,0,0,0,0
2,0,0,2020-03-21 21:00:00,2020-03-21,1,0,0,0,0
1,0,0,2020-03-20 21:20:00,2020-03-20,0,0,0,0,0
1,0,0,2020-03-19 21:30:00,2020-03-19,0,0,0,0,0
1,0,0,2020-03-18 22:00:00,2020-03-18,0,0,0,0,0
1,0,0,2020-03-17 21:00:00,2020-03-17,0,0,0,0,0
1,0,0,2020-03-16 21:00:00,2020-03-16,0,0,0,0,0
1,0,0,2020-03-15 21:00:00,2020-03-15,0,0,0,0,0
1,0,0,2020-03-14 21:00:00,2020-03-14,1,0,0,0,0
0,0,0,2020-03-13 21:00:00,2020-03-13,0,0,0,0,0
0,0,0,2020-03-12 21:00:00,2020-03-12,0,0,0,0,0
0,0,0,2020-03-11 21:00:00,2020-03-11,0,0,0,0,0
0,0,0,2020-03-10 21:00:00,2020-03-10,0,0,0,0,0
0,0,0,2020-03-09 21:00:00,2020-03-09,0,0,0,0,0
0,0,0,2020-03-08 21:00:00,2020-03-08,0,0,0,0,0
0,0,0,2020-03-07 21:00:00,2020-03-07,0,0,0,0,0
0,0,0,2020-03-06 21:00:00,2020-03-06,0,0,0,0,0
0,0,0,2020-03-05 21:00:00,2020-03-05,0,0,0,0,0
0,0,0,2020-03-04 21:00:00,2020-03-04,0,0,0,0,0
0,0,0,2020-03-03 21:00:00,2020-03-03,0,0,0,0,0
0,0,0,2020-03-02 21:00:00,2020-03-02,0,0,0,0,0
0,0,0,2020-03-01 21:00:00,2020-03-01,0,0,0,0,0
0,0,0,2020-02-29 21:00:00,2020-02-29,0,0,0,0,0
0,0,0,2020-02-28 21:00:00,2020-02-28,0,0,0,0,0
0,0,0,2020-02-27 21:00:00,2020-02-27,0,0,0,0,0
0,0,0,2020-02-26 21:00:00,2020-02-26,0,0,0,0,0
0,0,0,2020-02-25 21:00:00,2020-02-25,0,0,0,0,0
0,0,0,2020-02-24 21:00:00,2020-02-24,0,0,0,0,0
0,0,0,2020-02-23 21:00:00,2020-02-23,0,0,0,0,0
0,0,0,2020-02-22 21:00:00,2020-02-22,0,0,0,0,0
0,0,0,2020-02-21 21:00:00,2020-02-21,0,0,0,0,0
0,0,0,2020-02-20 21:00:00,2020-02-20,0,0,0,0,0
0,0,0,2020-02-19 21:00:00,2020-02-19,0,0,0,0,0
0,0,0,2020-02-18 21:00:00,2020-02-18,0,0,0,0,0
0,0,0,2020-02-17 21:00:00,2020-02-17,0,0,0,0,0
0,0,0,2020-02-16 21:00:00,2020-02-16,0,0,0,0,0
0,0,0,2020-02-15 21:00:00,2020-02-15,0,0,0,0,0
0,0,0,2020-02-14 21:00:00,2020-02-14,0,0,0,0,0
0,0,0,2020-02-13 21:00:00,2020-02-13,0,0,0,0,0
0,0,0,2020-02-12 21:00:00,2020-02-12,0,0,0,0,0
0,0,0,2020-02-11 20:30:00,2020-02-11,0,0,0,0,0
0,0,0,2020-02-10 21:00:00,2020-02-10,0,0,0,0,0
0,0,0,2020-02-09 21:00:00,2020-02-09,0,0,0,0,0
0,0,0,2020-02-08 21:00:00,2020-02-08,0,0,0,0,0
0,0,0,2020-02-07 21:00:00,2020-02-07,0,0,0,0,0
0,0,0,2020-02-06 21:00:00,2020-02-06,0,0,0,0,0
0,0,0,2020-02-05 21:00:00,2020-02-05,0,0,0,0,0
0,0,0,2020-02-04 20:00:00,2020-02-04,0,0,0,0,0
0,0,0,2020-02-03 20:00:00,2020-02-03,0,0,0,0,0
0,0,0,2020-02-02 20:00:00,2020-02-02,0,0,0,0,0
0,0,0,2020-02-01 10:00:00,2020-02-01,0,0,0,0,0
0,0,0,2020-01-31 12:30:00,2020-01-31,0,0,0,0,0
0,0,0,2020-01-30 12:00:00,2020-01-30,0,0,0,0,0
0,0,0,2020-01-29 14:00:00,2020-01-29,0,0,0,0,0
0,0,0,2020-01-28 11:30:00,2020-01-28,0,0,0,0,0
0,0,0,2020-01-27 14:00:00,2020-01-27,0,0,0,0,0
0,0,0,2020-01-26 13:00:00,2020-01-26,0,0,0,0,0
0,0,0,2020-01-25 15:00:00,2020-01-25,0,0,0,0,0
0,0,0,2020-01-24 15:00:00,2020-01-24,0,0,0,0,0
0,0,0,2020-01-23 15:00:00,2020-01-23,0,0,0,0,0
0,0,0,2020-01-22 15:00:00,2020-01-22,0,0,0,0,0
0,0,0,2020-01-21 15:00:00,2020-01-21,0,0,0,0,0
