Confirmed,Recovered,Deaths,Date_last_updated_AEDT,date_day,New,DayElapsed,New_death,DayElapsed_death,New_recover
1954,803,26,2020-07-27 22:00:00,2020-07-27,0,89,0,79,0
1954,803,26,2020-07-26 22:00:00,2020-07-26,0,88,0,78,0
1954,803,26,2020-07-25 22:00:00,2020-07-25,0,87,0,77,0
1954,803,26,2020-07-24 22:00:00,2020-07-24,0,86,0,76,0
1954,803,26,2020-07-23 22:00:00,2020-07-23,0,85,0,75,0
1954,803,26,2020-07-22 22:00:00,2020-07-22,5,84,0,74,0
1949,803,26,2020-07-21 22:00:00,2020-07-21,0,83,0,73,0
1949,803,26,2020-07-20 22:00:00,2020-07-20,0,82,0,72,0
1949,803,26,2020-07-19 22:00:00,2020-07-19,22,81,0,71,30
1927,773,26,2020-07-18 22:00:00,2020-07-18,0,80,0,70,0
1927,773,26,2020-07-17 22:00:00,2020-07-17,85,79,0,69,0
1842,773,26,2020-07-16 22:00:00,2020-07-16,0,78,0,68,0
1842,773,26,2020-07-15 22:00:00,2020-07-15,0,77,0,67,0
1842,773,26,2020-07-14 22:00:00,2020-07-14,0,76,0,66,0
1842,773,26,2020-07-13 22:00:00,2020-07-13,0,75,0,65,0
1842,773,26,2020-07-12 22:00:00,2020-07-12,0,74,0,64,0
1842,773,26,2020-07-11 22:00:00,2020-07-11,52,73,1,63,13
1790,760,25,2020-07-10 22:00:00,2020-07-10,0,72,0,62,0
1790,760,25,2020-07-09 22:00:00,2020-07-09,0,71,0,61,0
1790,760,25,2020-07-08 22:00:00,2020-07-08,0,70,0,60,0
1790,760,25,2020-07-07 22:00:00,2020-07-07,25,69,0,59,84
1765,676,25,2020-07-06 22:00:00,2020-07-06,0,68,0,58,0
1765,676,25,2020-07-05 22:00:00,2020-07-05,0,67,0,57,0
1765,676,25,2020-07-04 22:00:00,2020-07-04,111,66,1,56,359
1654,317,24,2020-07-03 22:00:00,2020-07-03,0,65,0,55,0
1654,317,24,2020-07-02 22:00:00,2020-07-02,0,64,0,54,0
1654,317,24,2020-07-01 22:00:00,2020-07-01,0,63,0,53,0
1654,317,24,2020-06-30 22:00:00,2020-06-30,40,62,2,52,0
1614,317,22,2020-06-29 22:00:00,2020-06-29,0,61,0,51,0
1614,317,22,2020-06-28 22:00:00,2020-06-28,0,60,0,50,126
1614,191,22,2020-06-27 22:00:00,2020-06-27,58,59,3,49,0
1556,191,19,2020-06-26 22:00:00,2020-06-26,0,58,0,48,0
1556,191,19,2020-06-25 22:00:00,2020-06-25,0,57,0,47,0
1556,191,19,2020-06-24 22:00:00,2020-06-24,0,56,0,46,0
1556,191,19,2020-06-23 22:00:00,2020-06-23,15,55,2,45,38
1541,153,17,2020-06-22 22:00:00,2020-06-22,0,54,0,44,0
1541,153,17,2020-06-21 22:00:00,2020-06-21,0,53,0,43,0
1541,153,17,2020-06-20 22:00:00,2020-06-20,49,52,2,42,0
1492,153,15,2020-06-19 22:00:00,2020-06-19,0,51,0,41,0
1492,153,15,2020-06-18 22:00:00,2020-06-18,0,50,0,40,0
1492,153,15,2020-06-17 22:00:00,2020-06-17,0,49,0,39,0
1492,153,15,2020-06-16 22:00:00,2020-06-16,32,48,0,38,0
1460,153,15,2020-06-15 22:00:00,2020-06-15,0,47,0,37,0
1460,153,15,2020-06-14 22:00:00,2020-06-14,0,46,0,36,0
1460,153,15,2020-06-13 22:00:00,2020-06-13,71,45,3,35,0
1389,153,12,2020-06-12 22:00:00,2020-06-12,0,44,0,34,0
1389,153,12,2020-06-11 22:00:00,2020-06-11,0,43,0,33,0
1389,153,12,2020-06-10 22:00:00,2020-06-10,0,42,0,32,0
1389,153,12,2020-06-09 22:00:00,2020-06-09,21,41,0,31,0
1368,153,12,2020-06-08 22:00:00,2020-06-08,0,40,0,30,0
1368,153,12,2020-06-07 22:00:00,2020-06-07,0,39,0,29,0
1368,153,12,2020-06-06 22:00:00,2020-06-06,29,38,4,28,100
1339,53,8,2020-06-05 22:00:00,2020-06-05,0,37,0,27,0
1339,53,8,2020-06-04 22:00:00,2020-06-04,0,36,0,26,0
1339,53,8,2020-06-03 22:00:00,2020-06-03,0,35,0,25,0
1339,53,8,2020-06-02 22:00:00,2020-06-02,83,34,0,24,11
1256,42,8,2020-06-01 22:00:00,2020-06-01,0,33,0,23,0
1256,42,8,2020-05-31 22:00:00,2020-05-31,0,32,0,22,0
1256,42,8,2020-05-30 22:00:00,2020-05-30,61,31,0,21,0
1195,42,8,2020-05-29 22:00:00,2020-05-29,0,30,1,20,0
1195,42,7,2020-05-28 22:00:00,2020-05-28,17,29,0,19,0
1178,42,7,2020-05-27 22:00:00,2020-05-27,0,28,0,18,0
1178,42,7,2020-05-26 22:00:00,2020-05-26,64,27,1,17,0
1114,42,6,2020-05-25 22:00:00,2020-05-25,0,26,0,16,0
1114,42,6,2020-05-24 22:00:00,2020-05-24,0,25,0,15,0
1114,42,6,2020-05-23 22:00:00,2020-05-23,5,24,0,14,0
1109,42,6,2020-05-22 22:00:00,2020-05-22,20,23,0,13,0
1089,42,6,2020-05-21 22:00:00,2020-05-21,51,22,0,12,0
1038,42,6,2020-05-20 22:00:00,2020-05-20,6,21,2,11,4
1032,38,4,2020-05-19 22:00:00,2020-05-19,42,20,0,10,12
990,26,4,2020-05-18 22:00:00,2020-05-18,21,19,0,9,0
969,26,4,2020-05-17 22:00:00,2020-05-17,56,18,1,8,0
913,26,3,2020-05-16 22:00:00,2020-05-16,0,17,0,7,0
913,26,3,2020-05-15 22:00:00,2020-05-15,77,16,0,6,0
836,26,3,2020-05-14 22:00:00,2020-05-14,16,15,0,5,0
820,26,3,2020-05-13 22:00:00,2020-05-13,59,14,0,4,0
761,26,3,2020-05-12 22:00:00,2020-05-12,35,13,0,3,0
726,26,3,2020-05-11 22:00:00,2020-05-11,85,12,0,2,1
641,25,3,2020-05-10 22:00:00,2020-05-10,47,11,1,1,0
594,25,2,2020-05-09 22:00:00,2020-05-09,30,10,0,0,0
564,25,2,2020-05-08 22:00:00,2020-05-08,89,9,0,0,1
475,24,2,2020-05-07 22:00:00,2020-05-07,0,8,0,0,0
475,24,2,2020-05-06 22:00:00,2020-05-06,62,7,1,0,5
413,19,1,2020-05-05 22:00:00,2020-05-05,156,6,0,0,0
257,19,1,2020-05-04 22:00:00,2020-05-04,0,5,0,0,0
257,19,1,2020-05-03 22:00:00,2020-05-03,0,4,0,0,0
257,19,1,2020-05-02 22:00:00,2020-05-02,52,3,0,0,0
205,19,1,2020-05-01 22:00:00,2020-05-01,0,2,0,0,0
205,19,1,2020-04-30 22:00:00,2020-04-30,132,1,0,0,1
73,18,1,2020-04-29 22:00:00,2020-04-29,0,0,0,0,0
73,18,1,2020-04-28 22:00:00,2020-04-28,20,0,0,0,15
53,3,1,2020-04-27 22:00:00,2020-04-27,1,0,1,0,0
52,3,0,2020-04-26 22:00:00,2020-04-26,0,0,0,0,0
52,3,0,2020-04-25 22:00:00,2020-04-25,2,0,0,0,0
50,3,0,2020-04-24 22:00:00,2020-04-24,0,0,0,0,0
50,3,0,2020-04-23 22:00:00,2020-04-23,0,0,0,0,0
50,3,0,2020-04-22 22:00:00,2020-04-22,0,0,0,0,0
50,3,0,2020-04-21 22:00:00,2020-04-21,0,0,0,0,0
50,3,0,2020-04-20 22:00:00,2020-04-20,4,0,0,0,3
46,0,0,2020-04-19 22:00:00,2020-04-19,0,0,0,0,0
46,0,0,2020-04-18 22:00:00,2020-04-18,3,0,0,0,0
43,0,0,2020-04-17 22:00:00,2020-04-17,0,0,0,0,0
43,0,0,2020-04-16 22:00:00,2020-04-16,0,0,0,0,0
43,0,0,2020-04-15 22:00:00,2020-04-15,5,0,0,0,0
38,0,0,2020-04-14 22:00:00,2020-04-14,0,0,0,0,0
38,0,0,2020-04-13 22:00:00,2020-04-13,0,0,0,0,0
38,0,0,2020-04-12 22:00:00,2020-04-12,0,0,0,0,0
38,0,0,2020-04-11 22:00:00,2020-04-11,2,0,0,0,0
36,0,0,2020-04-10 22:00:00,2020-04-10,3,0,0,0,0
33,0,0,2020-04-09 22:00:00,2020-04-09,0,0,0,0,0
33,0,0,2020-04-08 22:00:00,2020-04-08,0,0,0,0,0
33,0,0,2020-04-07 22:00:00,2020-04-07,15,0,0,0,0
18,0,0,2020-04-06 22:00:00,2020-04-06,0,0,0,0,0
18,0,0,2020-04-05 22:00:00,2020-04-05,3,0,0,0,0
15,0,0,2020-04-04 21:00:00,2020-04-04,6,0,0,0,0
9,0,0,2020-04-03 21:00:00,2020-04-03,0,0,0,0,0
9,0,0,2020-04-02 21:00:00,2020-04-02,1,0,0,0,0
8,0,0,2020-04-01 21:00:00,2020-04-01,0,0,0,0,0
8,0,0,2020-03-31 21:00:00,2020-03-31,6,0,0,0,0
2,0,0,2020-03-30 21:00:00,2020-03-30,0,0,0,0,0
2,0,0,2020-03-29 21:00:00,2020-03-29,0,0,0,0,0
2,0,0,2020-03-28 21:00:00,2020-03-28,0,0,0,0,0
2,0,0,2020-03-27 21:10:00,2020-03-27,0,0,0,0,0
2,0,0,2020-03-26 22:20:00,2020-03-26,0,0,0,0,0
2,0,0,2020-03-25 23:20:00,2020-03-25,2,0,0,0,0
0,0,0,2020-03-24 21:20:00,2020-03-24,0,0,0,0,0
0,0,0,2020-03-23 21:40:00,2020-03-23,0,0,0,0,0
0,0,0,2020-03-22 21:00:00,2020-03-22,0,0,0,0,0
0,0,0,2020-03-21 21:00:00,2020-03-21,0,0,0,0,0
0,0,0,2020-03-20 21:20:00,2020-03-20,0,0,0,0,0
0,0,0,2020-03-19 21:30:00,2020-03-19,0,0,0,0,0
0,0,0,2020-03-18 22:00:00,2020-03-18,0,0,0,0,0
0,0,0,2020-03-17 21:00:00,2020-03-17,0,0,0,0,0
0,0,0,2020-03-16 21:00:00,2020-03-16,0,0,0,0,0
0,0,0,2020-03-15 21:00:00,2020-03-15,0,0,0,0,0
0,0,0,2020-03-14 21:00:00,2020-03-14,0,0,0,0,0
0,0,0,2020-03-13 21:00:00,2020-03-13,0,0,0,0,0
0,0,0,2020-03-12 21:00:00,2020-03-12,0,0,0,0,0
0,0,0,2020-03-11 21:00:00,2020-03-11,0,0,0,0,0
0,0,0,2020-03-10 21:00:00,2020-03-10,0,0,0,0,0
0,0,0,2020-03-09 21:00:00,2020-03-09,0,0,0,0,0
0,0,0,2020-03-08 21:00:00,2020-03-08,0,0,0,0,0
0,0,0,2020-03-07 21:00:00,2020-03-07,0,0,0,0,0
0,0,0,2020-03-06 21:00:00,2020-03-06,0,0,0,0,0
0,0,0,2020-03-05 21:00:00,2020-03-05,0,0,0,0,0
0,0,0,2020-03-04 21:00:00,2020-03-04,0,0,0,0,0
0,0,0,2020-03-03 21:00:00,2020-03-03,0,0,0,0,0
0,0,0,2020-03-02 21:00:00,2020-03-02,0,0,0,0,0
0,0,0,2020-03-01 21:00:00,2020-03-01,0,0,0,0,0
0,0,0,2020-02-29 21:00:00,2020-02-29,0,0,0,0,0
0,0,0,2020-02-28 21:00:00,2020-02-28,0,0,0,0,0
0,0,0,2020-02-27 21:00:00,2020-02-27,0,0,0,0,0
0,0,0,2020-02-26 21:00:00,2020-02-26,0,0,0,0,0
0,0,0,2020-02-25 21:00:00,2020-02-25,0,0,0,0,0
0,0,0,2020-02-24 21:00:00,2020-02-24,0,0,0,0,0
0,0,0,2020-02-23 21:00:00,2020-02-23,0,0,0,0,0
0,0,0,2020-02-22 21:00:00,2020-02-22,0,0,0,0,0
0,0,0,2020-02-21 21:00:00,2020-02-21,0,0,0,0,0
0,0,0,2020-02-20 21:00:00,2020-02-20,0,0,0,0,0
0,0,0,2020-02-19 21:00:00,2020-02-19,0,0,0,0,0
0,0,0,2020-02-18 21:00:00,2020-02-18,0,0,0,0,0
0,0,0,2020-02-17 21:00:00,2020-02-17,0,0,0,0,0
0,0,0,2020-02-16 21:00:00,2020-02-16,0,0,0,0,0
0,0,0,2020-02-15 21:00:00,2020-02-15,0,0,0,0,0
0,0,0,2020-02-14 21:00:00,2020-02-14,0,0,0,0,0
0,0,0,2020-02-13 21:00:00,2020-02-13,0,0,0,0,0
0,0,0,2020-02-12 21:00:00,2020-02-12,0,0,0,0,0
0,0,0,2020-02-11 20:30:00,2020-02-11,0,0,0,0,0
0,0,0,2020-02-10 21:00:00,2020-02-10,0,0,0,0,0
0,0,0,2020-02-09 21:00:00,2020-02-09,0,0,0,0,0
0,0,0,2020-02-08 21:00:00,2020-02-08,0,0,0,0,0
0,0,0,2020-02-07 21:00:00,2020-02-07,0,0,0,0,0
0,0,0,2020-02-06 21:00:00,2020-02-06,0,0,0,0,0
0,0,0,2020-02-05 21:00:00,2020-02-05,0,0,0,0,0
0,0,0,2020-02-04 20:00:00,2020-02-04,0,0,0,0,0
0,0,0,2020-02-03 20:00:00,2020-02-03,0,0,0,0,0
0,0,0,2020-02-02 20:00:00,2020-02-02,0,0,0,0,0
0,0,0,2020-02-01 10:00:00,2020-02-01,0,0,0,0,0
0,0,0,2020-01-31 12:30:00,2020-01-31,0,0,0,0,0
0,0,0,2020-01-30 12:00:00,2020-01-30,0,0,0,0,0
0,0,0,2020-01-29 14:00:00,2020-01-29,0,0,0,0,0
0,0,0,2020-01-28 11:30:00,2020-01-28,0,0,0,0,0
0,0,0,2020-01-27 14:00:00,2020-01-27,0,0,0,0,0
0,0,0,2020-01-26 13:00:00,2020-01-26,0,0,0,0,0
0,0,0,2020-01-25 15:00:00,2020-01-25,0,0,0,0,0
0,0,0,2020-01-24 15:00:00,2020-01-24,0,0,0,0,0
0,0,0,2020-01-23 15:00:00,2020-01-23,0,0,0,0,0
0,0,0,2020-01-22 15:00:00,2020-01-22,0,0,0,0,0
0,0,0,2020-01-21 15:00:00,2020-01-21,0,0,0,0,0
