Confirmed,Recovered,Deaths,Date_last_updated_AEDT,date_day,New,DayElapsed,New_death,DayElapsed_death,New_recover
1896,1865,10,2020-07-13 22:00:00,2020-07-13,8,123,0,102,5
1888,1860,10,2020-07-12 22:00:00,2020-07-12,0,122,0,101,0
1888,1860,10,2020-07-11 22:00:00,2020-07-11,6,121,0,100,6
1882,1854,10,2020-07-10 22:00:00,2020-07-10,0,120,0,99,0
1882,1854,10,2020-07-09 22:00:00,2020-07-09,9,119,0,98,7
1873,1847,10,2020-07-08 22:00:00,2020-07-08,7,118,0,97,7
1866,1840,10,2020-07-07 22:00:00,2020-07-07,3,117,0,96,7
1863,1833,10,2020-07-06 22:00:00,2020-07-06,3,116,0,95,0
1860,1833,10,2020-07-05 22:00:00,2020-07-05,5,115,0,94,1
1855,1832,10,2020-07-04 22:00:00,2020-07-04,5,114,0,93,4
1850,1828,10,2020-07-03 22:00:00,2020-07-03,3,113,0,92,5
1847,1823,10,2020-07-02 22:00:00,2020-07-02,5,112,0,91,4
1842,1819,10,2020-07-01 22:00:00,2020-07-01,2,111,0,90,1
1840,1818,10,2020-06-30 22:00:00,2020-06-30,2,110,0,89,2
1838,1816,10,2020-06-29 22:00:00,2020-06-29,2,109,0,88,2
1836,1814,10,2020-06-28 22:00:00,2020-06-28,4,108,0,87,1
1832,1813,10,2020-06-27 22:00:00,2020-06-27,2,107,0,86,2
1830,1811,10,2020-06-26 22:00:00,2020-06-26,6,106,0,85,5
1824,1806,10,2020-06-25 22:00:00,2020-06-25,0,105,0,84,0
1824,1806,10,2020-06-24 22:00:00,2020-06-24,1,104,0,83,1
1823,1805,10,2020-06-23 22:00:00,2020-06-23,0,103,0,82,0
1823,1805,10,2020-06-22 22:00:00,2020-06-22,1,102,0,81,0
1822,1805,10,2020-06-21 22:00:00,2020-06-21,3,101,0,80,4
1819,1801,10,2020-06-20 22:00:00,2020-06-20,3,100,0,79,0
1816,1801,10,2020-06-19 22:00:00,2020-06-19,1,99,0,78,4
1815,1797,10,2020-06-18 22:00:00,2020-06-18,3,98,0,77,1
1812,1796,10,2020-06-17 22:00:00,2020-06-17,2,97,0,76,0
1810,1796,10,2020-06-16 22:00:00,2020-06-16,0,96,0,75,0
1810,1796,10,2020-06-15 22:00:00,2020-06-15,2,95,0,74,2
1808,1794,10,2020-06-14 22:00:00,2020-06-14,1,94,0,73,0
1807,1794,10,2020-06-13 22:00:00,2020-06-13,0,93,0,72,0
1807,1794,10,2020-06-12 22:00:00,2020-06-12,0,92,0,71,0
1807,1794,10,2020-06-11 22:00:00,2020-06-11,0,91,0,70,0
1807,1794,10,2020-06-10 22:00:00,2020-06-10,0,90,0,69,0
1807,1794,10,2020-06-09 22:00:00,2020-06-09,0,89,0,68,0
1807,1794,10,2020-06-08 22:00:00,2020-06-08,0,88,0,67,0
1807,1794,10,2020-06-07 22:00:00,2020-06-07,1,87,0,66,0
1806,1794,10,2020-06-06 22:00:00,2020-06-06,0,86,0,65,0
1806,1794,10,2020-06-05 22:00:00,2020-06-05,0,85,0,64,0
1806,1794,10,2020-06-04 22:00:00,2020-06-04,0,84,0,63,0
1806,1794,10,2020-06-03 22:00:00,2020-06-03,0,83,0,62,0
1806,1794,10,2020-06-02 22:00:00,2020-06-02,0,82,0,61,0
1806,1794,10,2020-06-01 22:00:00,2020-06-01,0,81,0,60,0
1806,1794,10,2020-05-31 22:00:00,2020-05-31,1,80,0,59,0
1805,1794,10,2020-05-30 22:00:00,2020-05-30,0,79,0,58,2
1805,1792,10,2020-05-29 22:00:00,2020-05-29,0,78,0,57,0
1805,1792,10,2020-05-28 22:00:00,2020-05-28,1,77,0,56,0
1804,1792,10,2020-05-27 22:00:00,2020-05-27,0,76,0,55,1
1804,1791,10,2020-05-26 22:00:00,2020-05-26,0,75,0,54,0
1804,1791,10,2020-05-25 22:00:00,2020-05-25,0,74,0,53,0
1804,1791,10,2020-05-24 22:00:00,2020-05-24,1,73,0,52,0
1803,1791,10,2020-05-23 22:00:00,2020-05-23,0,72,0,51,1
1803,1790,10,2020-05-22 22:00:00,2020-05-22,0,71,0,50,1
1803,1789,10,2020-05-21 22:00:00,2020-05-21,1,70,0,49,0
1802,1789,10,2020-05-20 22:00:00,2020-05-20,0,69,0,48,3
1802,1786,10,2020-05-19 22:00:00,2020-05-19,0,68,0,47,0
1802,1786,10,2020-05-18 22:00:00,2020-05-18,0,67,0,46,0
1802,1786,10,2020-05-17 22:00:00,2020-05-17,0,66,0,45,4
1802,1782,10,2020-05-16 22:00:00,2020-05-16,0,65,0,44,2
1802,1780,10,2020-05-15 22:00:00,2020-05-15,0,64,0,43,0
1802,1780,10,2020-05-14 22:00:00,2020-05-14,1,63,0,42,4
1801,1776,10,2020-05-13 22:00:00,2020-05-13,0,62,0,41,3
1801,1773,10,2020-05-12 22:00:00,2020-05-12,0,61,0,40,0
1801,1773,10,2020-05-11 22:00:00,2020-05-11,0,60,0,39,0
1801,1773,10,2020-05-10 22:00:00,2020-05-10,0,59,0,38,8
1801,1765,10,2020-05-09 22:00:00,2020-05-09,0,58,0,37,10
1801,1755,10,2020-05-08 22:00:00,2020-05-08,2,57,0,36,5
1799,1750,10,2020-05-07 22:00:00,2020-05-07,0,56,0,35,17
1799,1733,10,2020-05-06 22:00:00,2020-05-06,0,55,0,34,10
1799,1723,10,2020-05-05 22:00:00,2020-05-05,0,54,0,33,6
1799,1717,10,2020-05-04 22:00:00,2020-05-04,1,53,0,32,11
1798,1706,10,2020-05-03 22:00:00,2020-05-03,0,52,0,31,17
1798,1689,10,2020-05-02 22:00:00,2020-05-02,1,51,0,30,19
1797,1670,10,2020-05-01 22:00:00,2020-05-01,0,50,0,29,14
1797,1656,10,2020-04-30 22:00:00,2020-04-30,2,49,0,28,20
1795,1636,10,2020-04-29 22:00:00,2020-04-29,3,48,0,27,12
1792,1624,10,2020-04-28 22:00:00,2020-04-28,0,47,0,26,16
1792,1608,10,2020-04-27 22:00:00,2020-04-27,2,46,0,25,38
1790,1570,10,2020-04-26 22:00:00,2020-04-26,1,45,0,24,28
1789,1542,10,2020-04-25 22:00:00,2020-04-25,0,44,0,23,33
1789,1509,10,2020-04-24 22:00:00,2020-04-24,4,43,0,22,47
1785,1462,10,2020-04-23 22:00:00,2020-04-23,7,42,0,21,45
1778,1417,10,2020-04-22 22:00:00,2020-04-22,5,41,0,20,55
1773,1362,10,2020-04-21 22:00:00,2020-04-21,2,40,1,19,71
1771,1291,9,2020-04-20 22:00:00,2020-04-20,11,39,0,18,0
1760,1291,9,2020-04-19 22:00:00,2020-04-19,6,38,0,17,67
1754,1224,9,2020-04-18 22:00:00,2020-04-18,15,37,1,16,80
1739,1144,8,2020-04-17 22:00:00,2020-04-17,12,36,0,15,67
1727,1077,8,2020-04-16 22:00:00,2020-04-16,7,35,0,14,88
1720,989,8,2020-04-15 22:00:00,2020-04-15,9,34,0,13,56
1711,933,8,2020-04-14 22:00:00,2020-04-14,10,33,0,12,44
1701,889,8,2020-04-13 22:00:00,2020-04-13,12,32,0,11,48
1689,841,8,2020-04-12 22:00:00,2020-04-12,14,31,1,10,90
1675,751,7,2020-04-11 22:00:00,2020-04-11,27,30,1,9,63
1648,688,6,2020-04-10 22:00:00,2020-04-10,32,29,0,8,55
1616,633,6,2020-04-09 22:00:00,2020-04-09,30,28,0,7,74
1586,559,6,2020-04-08 22:00:00,2020-04-08,24,27,0,6,99
1562,460,6,2020-04-07 22:00:00,2020-04-07,76,26,2,5,32
1486,428,4,2020-04-06 22:00:00,2020-04-06,69,25,0,4,32
1417,396,4,2020-04-05 22:00:00,2020-04-05,53,24,0,3,60
1364,336,4,2020-04-04 21:00:00,2020-04-04,45,23,0,2,52
1319,284,4,2020-04-03 21:00:00,2020-04-03,99,22,2,1,48
1220,236,2,2020-04-02 21:00:00,2020-04-02,85,21,0,0,38
1135,198,2,2020-04-01 21:00:00,2020-04-01,49,20,0,0,41
1086,157,2,2020-03-31 21:00:00,2020-03-31,66,19,0,0,22
1020,135,2,2020-03-30 21:00:00,2020-03-30,57,18,0,0,21
963,114,2,2020-03-29 21:00:00,2020-03-29,73,17,0,0,17
890,97,2,2020-03-28 21:00:00,2020-03-28,88,16,0,0,15
802,82,2,2020-03-27 21:10:00,2020-03-27,65,15,0,0,26
737,56,2,2020-03-26 22:20:00,2020-03-26,89,14,0,0,5
648,51,2,2020-03-25 23:20:00,2020-03-25,60,13,0,0,0
588,51,2,2020-03-24 21:20:00,2020-03-24,20,12,1,0,46
568,5,1,2020-03-23 21:40:00,2020-03-23,95,11,0,0,0
473,5,1,2020-03-22 21:00:00,2020-03-22,64,10,1,0,0
409,5,0,2020-03-21 21:00:00,2020-03-21,0,9,0,0,0
409,5,0,2020-03-20 21:20:00,2020-03-20,79,8,0,0,0
330,5,0,2020-03-19 21:30:00,2020-03-19,80,7,0,0,0
250,5,0,2020-03-18 22:00:00,2020-03-18,51,6,0,0,5
199,0,0,2020-03-17 21:00:00,2020-03-17,19,5,0,0,0
180,0,0,2020-03-16 21:00:00,2020-03-16,19,4,0,0,0
161,0,0,2020-03-15 21:00:00,2020-03-15,23,3,0,0,0
138,0,0,2020-03-14 21:00:00,2020-03-14,21,2,0,0,0
117,0,0,2020-03-13 21:00:00,2020-03-13,32,1,0,0,0
85,0,0,2020-03-12 21:00:00,2020-03-12,4,0,0,0,-1
81,1,0,2020-03-11 21:00:00,2020-03-11,16,0,0,0,0
65,1,0,2020-03-10 21:00:00,2020-03-10,7,0,0,0,0
58,1,0,2020-03-09 21:00:00,2020-03-09,8,0,0,0,0
50,1,0,2020-03-08 21:00:00,2020-03-08,5,0,0,0,0
45,1,0,2020-03-07 21:00:00,2020-03-07,8,0,0,0,1
37,0,0,2020-03-06 21:00:00,2020-03-06,11,0,0,0,-1
26,1,0,2020-03-05 21:00:00,2020-03-05,10,0,0,0,0
16,1,0,2020-03-04 21:00:00,2020-03-04,7,0,0,0,1
9,0,0,2020-03-03 21:00:00,2020-03-03,6,0,0,0,0
3,0,0,2020-03-02 21:00:00,2020-03-02,2,0,0,0,0
1,0,0,2020-03-01 21:00:00,2020-03-01,0,0,0,0,0
1,0,0,2020-02-29 21:00:00,2020-02-29,1,0,0,0,0
0,0,0,2020-02-28 21:00:00,2020-02-28,0,0,0,0,0
0,0,0,2020-02-27 21:00:00,2020-02-27,0,0,0,0,0
0,0,0,2020-02-26 21:00:00,2020-02-26,0,0,0,0,0
0,0,0,2020-02-25 21:00:00,2020-02-25,0,0,0,0,0
0,0,0,2020-02-24 21:00:00,2020-02-24,0,0,0,0,0
0,0,0,2020-02-23 21:00:00,2020-02-23,0,0,0,0,0
0,0,0,2020-02-22 21:00:00,2020-02-22,0,0,0,0,0
0,0,0,2020-02-21 21:00:00,2020-02-21,0,0,0,0,0
0,0,0,2020-02-20 21:00:00,2020-02-20,0,0,0,0,0
0,0,0,2020-02-19 21:00:00,2020-02-19,0,0,0,0,0
0,0,0,2020-02-18 21:00:00,2020-02-18,0,0,0,0,0
0,0,0,2020-02-17 21:00:00,2020-02-17,0,0,0,0,0
0,0,0,2020-02-16 21:00:00,2020-02-16,0,0,0,0,0
0,0,0,2020-02-15 21:00:00,2020-02-15,0,0,0,0,0
0,0,0,2020-02-14 21:00:00,2020-02-14,0,0,0,0,0
0,0,0,2020-02-13 21:00:00,2020-02-13,0,0,0,0,0
0,0,0,2020-02-12 21:00:00,2020-02-12,0,0,0,0,0
0,0,0,2020-02-11 20:30:00,2020-02-11,0,0,0,0,0
0,0,0,2020-02-10 21:00:00,2020-02-10,0,0,0,0,0
0,0,0,2020-02-09 21:00:00,2020-02-09,0,0,0,0,0
0,0,0,2020-02-08 21:00:00,2020-02-08,0,0,0,0,0
0,0,0,2020-02-07 21:00:00,2020-02-07,0,0,0,0,0
0,0,0,2020-02-06 21:00:00,2020-02-06,0,0,0,0,0
0,0,0,2020-02-05 21:00:00,2020-02-05,0,0,0,0,0
0,0,0,2020-02-04 20:00:00,2020-02-04,0,0,0,0,0
0,0,0,2020-02-03 20:00:00,2020-02-03,0,0,0,0,0
0,0,0,2020-02-02 20:00:00,2020-02-02,0,0,0,0,0
0,0,0,2020-02-01 10:00:00,2020-02-01,0,0,0,0,0
0,0,0,2020-01-31 12:30:00,2020-01-31,0,0,0,0,0
0,0,0,2020-01-30 12:00:00,2020-01-30,0,0,0,0,0
0,0,0,2020-01-29 14:00:00,2020-01-29,0,0,0,0,0
0,0,0,2020-01-28 11:30:00,2020-01-28,0,0,0,0,0
0,0,0,2020-01-27 14:00:00,2020-01-27,0,0,0,0,0
0,0,0,2020-01-26 13:00:00,2020-01-26,0,0,0,0,0
0,0,0,2020-01-25 15:00:00,2020-01-25,0,0,0,0,0
0,0,0,2020-01-24 15:00:00,2020-01-24,0,0,0,0,0
0,0,0,2020-01-23 15:00:00,2020-01-23,0,0,0,0,0
0,0,0,2020-01-22 15:00:00,2020-01-22,0,0,0,0,0
0,0,0,2020-01-21 15:00:00,2020-01-21,0,0,0,0,0
