Confirmed,Recovered,Deaths,Date_last_updated_AEDT,date_day,New,DayElapsed,New_death,DayElapsed_death,New_recover
88214,46977,4239,2020-07-20 22:00:00,2020-07-20,1693,128,96,129,1576
86521,45401,4143,2020-07-19 22:00:00,2020-07-19,1639,127,127,128,2133
84882,43268,4016,2020-07-18 22:00:00,2020-07-18,1752,126,59,127,1434
83130,41834,3957,2020-07-17 22:00:00,2020-07-17,1462,125,84,126,1489
81668,40345,3873,2020-07-16 22:00:00,2020-07-16,1574,124,76,125,1295
80094,39050,3797,2020-07-15 22:00:00,2020-07-15,1522,123,87,124,1414
78572,37636,3710,2020-07-14 22:00:00,2020-07-14,1591,122,54,123,947
76981,36689,3656,2020-07-13 22:00:00,2020-07-13,1282,121,50,122,1051
75699,35638,3606,2020-07-12 22:00:00,2020-07-12,1681,120,71,121,919
74018,34719,3535,2020-07-11 22:00:00,2020-07-11,1671,119,66,120,1190
72347,33529,3469,2020-07-10 22:00:00,2020-07-10,1611,118,52,119,878
70736,32651,3417,2020-07-09 22:00:00,2020-07-09,2657,117,58,118,1066
68079,31585,3359,2020-07-08 22:00:00,2020-07-08,1853,116,50,117,800
66226,30785,3309,2020-07-07 22:00:00,2020-07-07,1268,115,68,116,866
64958,29919,3241,2020-07-06 22:00:00,2020-07-06,1209,114,70,115,814
63749,29105,3171,2020-07-05 22:00:00,2020-07-05,1607,113,82,114,886
62142,28219,3089,2020-07-04 22:00:00,2020-07-04,1447,112,53,113,651
60695,27568,3036,2020-07-03 22:00:00,2020-07-03,1301,111,49,112,901
59394,26667,2987,2020-07-02 22:00:00,2020-07-02,1624,110,53,111,1072
57770,25595,2934,2020-07-01 22:00:00,2020-07-01,1385,109,58,110,789
56385,24806,2876,2020-06-30 22:00:00,2020-06-30,1293,108,71,109,1006
55092,23800,2805,2020-06-29 22:00:00,2020-06-29,1082,107,51,108,864
54010,22936,2754,2020-06-28 22:00:00,2020-06-28,1198,106,34,107,1027
52812,21909,2720,2020-06-27 22:00:00,2020-06-27,1385,105,37,106,576
51427,21333,2683,2020-06-26 22:00:00,2020-06-26,1240,104,63,105,884
50187,20449,2620,2020-06-25 22:00:00,2020-06-25,1178,103,47,104,791
49009,19658,2573,2020-06-24 22:00:00,2020-06-24,1113,102,38,103,417
47896,19241,2535,2020-06-23 22:00:00,2020-06-23,1051,101,35,102,506
46845,18735,2500,2020-06-22 22:00:00,2020-06-22,954,100,35,101,331
45891,18404,2465,2020-06-21 22:00:00,2020-06-21,862,99,36,100,521
45029,17883,2429,2020-06-20 22:00:00,2020-06-20,1226,98,56,99,534
43803,17349,2373,2020-06-19 22:00:00,2020-06-19,1041,97,34,98,551
42762,16798,2339,2020-06-18 22:00:00,2020-06-18,1331,96,63,97,555
41431,16243,2276,2020-06-17 22:00:00,2020-06-17,1031,95,45,96,540
40400,15703,2231,2020-06-16 22:00:00,2020-06-16,1106,94,33,95,580
39294,15123,2198,2020-06-15 22:00:00,2020-06-15,1017,93,64,94,592
38277,14531,2134,2020-06-14 22:00:00,2020-06-14,857,92,43,93,755
37420,13776,2091,2020-06-13 22:00:00,2020-06-13,1014,91,43,92,563
36406,13213,2048,2020-06-12 22:00:00,2020-06-12,1111,90,48,91,577
35295,12636,2000,2020-06-11 22:00:00,2020-06-11,979,89,41,90,507
34316,12129,1959,2020-06-10 22:00:00,2020-06-10,1240,88,36,89,715
33076,11414,1923,2020-06-09 22:00:00,2020-06-09,1043,87,40,88,510
32033,10904,1883,2020-06-08 22:00:00,2020-06-08,847,86,32,87,406
31186,10498,1851,2020-06-07 22:00:00,2020-06-07,672,85,50,86,591
30514,9907,1801,2020-06-06 22:00:00,2020-06-06,993,84,31,85,464
29521,9443,1770,2020-06-05 22:00:00,2020-06-05,703,83,49,84,551
28818,8892,1721,2020-06-04 22:00:00,2020-06-04,585,82,23,83,486
28233,8406,1698,2020-06-03 22:00:00,2020-06-03,684,81,35,82,471
27549,7935,1663,2020-06-02 22:00:00,2020-06-02,609,80,22,81,298
26940,7637,1641,2020-06-01 22:00:00,2020-06-01,467,79,28,80,329
26473,7308,1613,2020-05-31 22:00:00,2020-05-31,700,78,40,79,293
25773,7015,1573,2020-05-30 22:00:00,2020-05-30,557,77,53,78,523
25216,6492,1520,2020-05-29 22:00:00,2020-05-29,678,76,24,77,252
24538,6240,1496,2020-05-28 22:00:00,2020-05-28,687,75,23,76,183
23851,6057,1473,2020-05-27 22:00:00,2020-05-27,686,74,55,75,180
23165,5877,1418,2020-05-26 22:00:00,2020-05-26,415,73,27,74,235
22750,5642,1391,2020-05-25 22:00:00,2020-05-25,479,72,19,73,240
22271,5402,1372,2020-05-24 22:00:00,2020-05-24,526,71,21,72,153
21745,5249,1351,2020-05-23 22:00:00,2020-05-23,949,70,25,71,192
20796,5057,1326,2020-05-22 22:00:00,2020-05-22,634,69,48,70,219
20162,4838,1278,2020-05-21 22:00:00,2020-05-21,973,68,36,69,263
19189,4575,1242,2020-05-20 22:00:00,2020-05-20,693,67,21,68,108
18496,4467,1221,2020-05-19 22:00:00,2020-05-19,486,66,30,67,143
18010,4324,1191,2020-05-18 22:00:00,2020-05-18,496,65,43,66,195
17514,4129,1148,2020-05-17 22:00:00,2020-05-17,489,64,59,65,218
17025,3911,1089,2020-05-16 22:00:00,2020-05-16,529,63,13,64,108
16496,3803,1076,2020-05-15 22:00:00,2020-05-15,490,62,33,63,285
16006,3518,1043,2020-05-14 22:00:00,2020-05-14,568,61,15,62,231
15438,3287,1028,2020-05-13 22:00:00,2020-05-13,689,60,21,61,224
14749,3063,1007,2020-05-12 22:00:00,2020-05-12,484,59,16,60,182
14265,2881,991,2020-05-11 22:00:00,2020-05-11,233,58,18,59,183
14032,2698,973,2020-05-10 22:00:00,2020-05-10,387,57,14,58,91
13645,2607,959,2020-05-09 22:00:00,2020-05-09,533,56,16,57,113
13112,2494,943,2020-05-08 22:00:00,2020-05-08,336,55,13,56,113
12776,2381,930,2020-05-07 22:00:00,2020-05-07,338,54,35,55,64
12438,2317,895,2020-05-06 22:00:00,2020-05-06,367,53,23,54,120
12071,2197,872,2020-05-05 22:00:00,2020-05-05,484,52,8,53,243
11587,1954,864,2020-05-04 22:00:00,2020-05-04,395,51,19,52,78
11192,1876,845,2020-05-03 22:00:00,2020-05-03,349,50,14,51,211
10843,1665,831,2020-05-02 22:00:00,2020-05-02,292,49,31,50,74
10551,1591,800,2020-05-01 22:00:00,2020-05-01,433,48,8,49,69
10118,1522,792,2020-04-30 22:00:00,2020-04-30,347,47,8,48,131
9771,1391,784,2020-04-29 22:00:00,2020-04-29,260,46,11,47,137
9511,1254,773,2020-04-28 22:00:00,2020-04-28,415,45,8,46,103
9096,1151,765,2020-04-27 22:00:00,2020-04-27,214,44,22,45,44
8882,1107,743,2020-04-26 22:00:00,2020-04-26,275,43,23,44,65
8607,1042,720,2020-04-25 22:00:00,2020-04-25,396,42,31,43,40
8211,1002,689,2020-04-24 22:00:00,2020-04-24,436,41,42,42,42
7775,960,647,2020-04-23 22:00:00,2020-04-23,357,40,12,41,47
7418,913,635,2020-04-22 22:00:00,2020-04-22,283,39,19,40,71
7135,842,616,2020-04-21 22:00:00,2020-04-21,375,38,26,39,95
6760,747,590,2020-04-20 22:00:00,2020-04-20,185,37,8,38,61
6575,686,582,2020-04-19 22:00:00,2020-04-19,327,36,47,37,55
6248,631,535,2020-04-18 22:00:00,2020-04-18,325,35,15,36,24
5923,607,520,2020-04-17 22:00:00,2020-04-17,407,34,24,35,59
5516,548,496,2020-04-16 22:00:00,2020-04-16,380,33,27,34,102
5136,446,469,2020-04-15 22:00:00,2020-04-15,297,32,10,33,20
4839,426,459,2020-04-14 22:00:00,2020-04-14,282,31,60,32,46
4557,380,399,2020-04-13 22:00:00,2020-04-13,316,30,26,31,21
4241,359,373,2020-04-12 22:00:00,2020-04-12,399,29,46,30,73
3842,286,327,2020-04-11 22:00:00,2020-04-11,330,28,21,29,4
3512,282,306,2020-04-10 22:00:00,2020-04-10,219,27,26,28,30
3293,252,280,2020-04-09 22:00:00,2020-04-09,337,26,40,27,30
2956,222,240,2020-04-08 22:00:00,2020-04-08,218,25,19,26,18
2738,204,221,2020-04-07 22:00:00,2020-04-07,247,24,12,25,12
2491,192,209,2020-04-06 22:00:00,2020-04-06,218,23,11,24,28
2273,164,198,2020-04-05 22:00:00,2020-04-05,181,22,7,23,14
2092,150,191,2020-04-04 21:00:00,2020-04-04,106,21,10,22,16
1986,134,181,2020-04-03 21:00:00,2020-04-03,196,20,11,21,22
1790,112,170,2020-04-02 21:00:00,2020-04-02,113,19,13,20,9
1677,103,157,2020-04-01 21:00:00,2020-04-01,149,18,21,19,22
1528,81,136,2020-03-31 21:00:00,2020-03-31,114,17,14,18,6
1414,75,122,2020-03-30 21:00:00,2020-03-30,129,16,8,17,11
1285,64,114,2020-03-29 21:00:00,2020-03-29,130,15,12,16,5
1155,59,102,2020-03-28 21:00:00,2020-03-28,109,14,15,15,13
1046,46,87,2020-03-27 21:10:00,2020-03-27,153,13,9,14,11
893,35,78,2020-03-26 22:20:00,2020-03-26,103,12,20,13,4
790,31,58,2020-03-25 23:20:00,2020-03-25,104,11,3,12,1
686,30,55,2020-03-24 21:20:00,2020-03-24,107,10,6,11,0
579,30,49,2020-03-23 21:40:00,2020-03-23,129,9,11,10,10
450,20,38,2020-03-22 21:00:00,2020-03-22,0,8,0,9,0
450,20,38,2020-03-21 21:00:00,2020-03-21,81,7,6,8,3
369,17,32,2020-03-20 21:20:00,2020-03-20,60,6,7,7,2
309,15,25,2020-03-19 21:30:00,2020-03-19,82,5,6,6,4
227,11,19,2020-03-18 22:00:00,2020-03-18,55,4,14,5,3
172,8,5,2020-03-17 21:00:00,2020-03-17,38,3,0,4,0
134,8,5,2020-03-16 21:00:00,2020-03-16,17,2,0,3,0
117,8,5,2020-03-15 21:00:00,2020-03-15,21,1,1,2,3
96,5,4,2020-03-14 21:00:00,2020-03-14,62,0,2,1,2
34,3,2,2020-03-13 21:00:00,2020-03-13,0,0,1,0,0
34,3,1,2020-03-12 21:00:00,2020-03-12,7,0,0,0,1
27,2,1,2020-03-11 21:00:00,2020-03-11,8,0,1,0,0
19,2,0,2020-03-10 21:00:00,2020-03-10,13,0,0,0,2
6,0,0,2020-03-09 21:00:00,2020-03-09,0,0,0,0,0
6,0,0,2020-03-08 21:00:00,2020-03-08,2,0,0,0,0
4,0,0,2020-03-07 21:00:00,2020-03-07,0,0,0,0,0
4,0,0,2020-03-06 21:00:00,2020-03-06,2,0,0,0,0
2,0,0,2020-03-05 21:00:00,2020-03-05,0,0,0,0,0
2,0,0,2020-03-04 21:00:00,2020-03-04,0,0,0,0,0
2,0,0,2020-03-03 21:00:00,2020-03-03,0,0,0,0,0
2,0,0,2020-03-02 21:00:00,2020-03-02,2,0,0,0,0
0,0,0,2020-03-01 21:00:00,2020-03-01,0,0,0,0,0
0,0,0,2020-02-29 21:00:00,2020-02-29,0,0,0,0,0
0,0,0,2020-02-28 21:00:00,2020-02-28,0,0,0,0,0
0,0,0,2020-02-27 21:00:00,2020-02-27,0,0,0,0,0
0,0,0,2020-02-26 21:00:00,2020-02-26,0,0,0,0,0
0,0,0,2020-02-25 21:00:00,2020-02-25,0,0,0,0,0
0,0,0,2020-02-24 21:00:00,2020-02-24,0,0,0,0,0
0,0,0,2020-02-23 21:00:00,2020-02-23,0,0,0,0,0
0,0,0,2020-02-22 21:00:00,2020-02-22,0,0,0,0,0
0,0,0,2020-02-21 21:00:00,2020-02-21,0,0,0,0,0
0,0,0,2020-02-20 21:00:00,2020-02-20,0,0,0,0,0
0,0,0,2020-02-19 21:00:00,2020-02-19,0,0,0,0,0
0,0,0,2020-02-18 21:00:00,2020-02-18,0,0,0,0,0
0,0,0,2020-02-17 21:00:00,2020-02-17,0,0,0,0,0
0,0,0,2020-02-16 21:00:00,2020-02-16,0,0,0,0,0
0,0,0,2020-02-15 21:00:00,2020-02-15,0,0,0,0,0
0,0,0,2020-02-14 21:00:00,2020-02-14,0,0,0,0,0
0,0,0,2020-02-13 21:00:00,2020-02-13,0,0,0,0,0
0,0,0,2020-02-12 21:00:00,2020-02-12,0,0,0,0,0
0,0,0,2020-02-11 20:30:00,2020-02-11,0,0,0,0,0
0,0,0,2020-02-10 21:00:00,2020-02-10,0,0,0,0,0
0,0,0,2020-02-09 21:00:00,2020-02-09,0,0,0,0,0
0,0,0,2020-02-08 21:00:00,2020-02-08,0,0,0,0,0
0,0,0,2020-02-07 21:00:00,2020-02-07,0,0,0,0,0
0,0,0,2020-02-06 21:00:00,2020-02-06,0,0,0,0,0
0,0,0,2020-02-05 21:00:00,2020-02-05,0,0,0,0,0
0,0,0,2020-02-04 20:00:00,2020-02-04,0,0,0,0,0
0,0,0,2020-02-03 20:00:00,2020-02-03,0,0,0,0,0
0,0,0,2020-02-02 20:00:00,2020-02-02,0,0,0,0,0
0,0,0,2020-02-01 10:00:00,2020-02-01,0,0,0,0,0
0,0,0,2020-01-31 12:30:00,2020-01-31,0,0,0,0,0
0,0,0,2020-01-30 12:00:00,2020-01-30,0,0,0,0,0
0,0,0,2020-01-29 14:00:00,2020-01-29,0,0,0,0,0
0,0,0,2020-01-28 11:30:00,2020-01-28,0,0,0,0,0
0,0,0,2020-01-27 14:00:00,2020-01-27,0,0,0,0,0
0,0,0,2020-01-26 13:00:00,2020-01-26,0,0,0,0,0
0,0,0,2020-01-25 15:00:00,2020-01-25,0,0,0,0,0
0,0,0,2020-01-24 15:00:00,2020-01-24,0,0,0,0,0
0,0,0,2020-01-23 15:00:00,2020-01-23,0,0,0,0,0
0,0,0,2020-01-22 15:00:00,2020-01-22,0,0,0,0,0
0,0,0,2020-01-21 15:00:00,2020-01-21,0,0,0,0,0
