Confirmed,Recovered,Deaths,Date_last_updated_AEDT,date_day,New,DayElapsed,New_death,DayElapsed_death,New_recover
195051,154812,9185,2020-06-17 22:00:00,2020-06-17,2612,113,120,118,2137
192439,152675,9065,2020-06-16 22:00:00,2020-06-16,2563,112,115,117,2085
189876,150590,8950,2020-06-15 22:00:00,2020-06-15,2449,111,113,116,1916
187427,148674,8837,2020-06-14 22:00:00,2020-06-14,4902,110,178,115,4025
182525,144649,8659,2020-06-13 22:00:00,2020-06-13,0,109,0,114,0
182525,144649,8659,2020-06-12 22:00:00,2020-06-12,2369,108,75,113,1986
180156,142663,8584,2020-06-11 22:00:00,2020-06-11,4229,107,159,112,4206
175927,138457,8425,2020-06-10 22:00:00,2020-06-10,2095,106,74,111,2097
173832,136360,8351,2020-06-09 22:00:00,2020-06-09,0,105,0,110,0
173832,136360,8351,2020-06-08 22:00:00,2020-06-08,2043,104,70,109,2011
171789,134349,8281,2020-06-07 22:00:00,2020-06-07,2364,103,72,108,2311
169425,132038,8209,2020-06-06 22:00:00,2020-06-06,2269,102,75,107,2297
167156,129741,8134,2020-06-05 22:00:00,2020-06-05,2886,101,63,106,2256
164270,127485,8071,2020-06-04 22:00:00,2020-06-04,3574,100,59,105,2279
160696,125206,8012,2020-06-03 22:00:00,2020-06-03,3134,99,70,104,2129
157562,123077,7942,2020-06-02 22:00:00,2020-06-02,3117,98,64,103,2073
154445,121004,7878,2020-06-01 22:00:00,2020-06-01,2979,97,81,102,2156
151466,118848,7797,2020-05-31 22:00:00,2020-05-31,2516,96,63,101,2021
148950,116827,7734,2020-05-30 22:00:00,2020-05-30,2282,95,57,100,1896
146668,114931,7677,2020-05-29 22:00:00,2020-05-29,2819,94,50,99,1943
143849,112988,7627,2020-05-28 22:00:00,2020-05-28,2258,93,63,98,1812
141591,111176,7564,2020-05-27 22:00:00,2020-05-27,2080,92,56,97,1739
139511,109437,7508,2020-05-26 22:00:00,2020-05-26,1787,91,57,96,1724
137724,107713,7451,2020-05-25 22:00:00,2020-05-25,2023,90,34,95,1912
135701,105801,7417,2020-05-24 22:00:00,2020-05-24,2180,89,58,94,1729
133521,104072,7359,2020-05-23 22:00:00,2020-05-23,1869,88,59,93,1796
131652,102276,7300,2020-05-22 22:00:00,2020-05-22,2311,87,51,92,1712
129341,100564,7249,2020-05-21 22:00:00,2020-05-21,2392,86,66,91,1756
126949,98808,7183,2020-05-20 22:00:00,2020-05-20,2346,85,64,90,1635
124603,97173,7119,2020-05-19 22:00:00,2020-05-19,4405,84,131,89,2709
120198,94464,6988,2020-05-18 22:00:00,2020-05-18,0,83,0,88,0
120198,94464,6988,2020-05-17 22:00:00,2020-05-17,1806,82,51,87,1317
118392,93147,6937,2020-05-16 22:00:00,2020-05-16,3859,81,83,86,2608
114533,90539,6854,2020-05-15 22:00:00,2020-05-15,0,80,0,85,0
114533,90539,6854,2020-05-14 22:00:00,2020-05-14,1808,79,71,84,1111
112725,89428,6783,2020-05-13 22:00:00,2020-05-13,1958,78,50,83,1071
110767,88357,6733,2020-05-12 22:00:00,2020-05-12,1481,77,48,82,935
109286,87422,6685,2020-05-11 22:00:00,2020-05-11,3066,76,96,81,2358
106220,85064,6589,2020-05-10 22:00:00,2020-05-10,1529,75,48,80,1227
104691,83837,6541,2020-05-09 22:00:00,2020-05-09,0,74,0,79,0
104691,83837,6541,2020-05-08 22:00:00,2020-05-08,1556,73,55,78,1093
103135,82744,6486,2020-05-07 22:00:00,2020-05-07,1485,72,68,77,1157
101650,81587,6418,2020-05-06 22:00:00,2020-05-06,1680,71,78,76,1112
99970,80475,6340,2020-05-05 22:00:00,2020-05-05,1323,70,63,75,1096
98647,79379,6277,2020-05-04 22:00:00,2020-05-04,1223,69,74,74,957
97424,78422,6203,2020-05-03 22:00:00,2020-05-03,976,68,47,73,1072
96448,77350,6156,2020-05-02 22:00:00,2020-05-02,802,67,65,72,1032
95646,76318,6091,2020-05-01 22:00:00,2020-05-01,1006,66,63,71,1215
94640,75103,6028,2020-04-30 22:00:00,2020-04-30,983,65,71,70,1312
93657,73791,5957,2020-04-29 22:00:00,2020-04-29,1073,64,80,69,1352
92584,72439,5877,2020-04-28 22:00:00,2020-04-28,1112,63,71,68,1506
91472,70933,5806,2020-04-27 22:00:00,2020-04-27,991,62,96,67,1276
90481,69657,5710,2020-04-26 22:00:00,2020-04-26,1153,61,60,66,1464
89328,68193,5650,2020-04-25 22:00:00,2020-04-25,1134,60,76,65,1594
88194,66599,5574,2020-04-24 22:00:00,2020-04-24,1168,59,93,64,1756
87026,64843,5481,2020-04-23 22:00:00,2020-04-23,1030,58,90,63,1730
85996,63113,5391,2020-04-22 22:00:00,2020-04-22,1194,57,94,62,2148
84802,60965,5297,2020-04-21 22:00:00,2020-04-21,1297,56,88,61,1692
83505,59273,5209,2020-04-20 22:00:00,2020-04-20,1294,55,91,60,2250
82211,57023,5118,2020-04-19 22:00:00,2020-04-19,1343,54,87,59,1036
80868,55987,5031,2020-04-18 22:00:00,2020-04-18,1374,53,73,58,1923
79494,54064,4958,2020-04-17 22:00:00,2020-04-17,1499,52,89,57,1835
77995,52229,4869,2020-04-16 22:00:00,2020-04-16,1606,51,92,56,2296
76389,49933,4777,2020-04-15 22:00:00,2020-04-15,1512,50,94,55,1804
74877,48129,4683,2020-04-14 22:00:00,2020-04-14,1574,49,98,54,2146
73303,45983,4585,2020-04-13 22:00:00,2020-04-13,1617,48,111,53,2089
71686,43894,4474,2020-04-12 22:00:00,2020-04-12,3494,47,242,52,8429
68192,35465,4232,2020-04-11 22:00:00,2020-04-11,0,46,0,51,0
68192,35465,4232,2020-04-10 22:00:00,2020-04-10,3606,45,239,50,5653
64586,29812,3993,2020-04-09 22:00:00,2020-04-09,0,44,0,49,2773
64586,27039,3993,2020-04-08 22:00:00,2020-04-08,1997,43,121,48,0
62589,27039,3872,2020-04-07 22:00:00,2020-04-07,2089,42,133,47,2803
60500,24236,3739,2020-04-06 22:00:00,2020-04-06,2274,41,136,46,4500
58226,19736,3603,2020-04-05 22:00:00,2020-04-05,2483,40,151,45,0
55743,19736,3452,2020-04-04 21:00:00,2020-04-04,2560,39,158,44,1801
53183,17935,3294,2020-04-03 21:00:00,2020-04-03,2715,38,134,43,1224
50468,16711,3160,2020-04-02 21:00:00,2020-04-02,2875,37,124,42,1238
47593,15473,3036,2020-04-01 21:00:00,2020-04-01,2988,36,138,41,817
44605,14656,2898,2020-03-31 21:00:00,2020-03-31,3110,35,141,40,745
41495,13911,2757,2020-03-30 21:00:00,2020-03-30,3186,34,117,39,1520
38309,12391,2640,2020-03-29 21:00:00,2020-03-29,2901,33,123,38,712
35408,11679,2517,2020-03-28 21:00:00,2020-03-28,3076,32,139,37,546
32332,11133,2378,2020-03-27 21:10:00,2020-03-27,2926,31,144,36,676
29406,10457,2234,2020-03-26 22:20:00,2020-03-26,2389,30,157,35,832
27017,9625,2077,2020-03-25 23:20:00,2020-03-25,2206,29,143,34,1249
24811,8376,1934,2020-03-24 21:20:00,2020-03-24,1762,28,122,33,0
23049,8376,1812,2020-03-23 21:40:00,2020-03-23,2439,27,256,32,741
20610,7635,1556,2020-03-22 21:00:00,2020-03-22,0,26,0,31,0
20610,7635,1556,2020-03-21 21:00:00,2020-03-21,966,25,123,30,1656
19644,5979,1433,2020-03-20 21:20:00,2020-03-20,1237,24,149,29,269
18407,5710,1284,2020-03-19 21:30:00,2020-03-19,1046,23,149,28,321
17361,5389,1135,2020-03-18 22:00:00,2020-03-18,2370,22,282,27,393
14991,4996,853,2020-03-17 21:00:00,2020-03-17,1053,21,129,26,406
13938,4590,724,2020-03-16 21:00:00,2020-03-16,1209,20,113,25,251
12729,4339,611,2020-03-15 21:00:00,2020-03-15,0,19,0,24,810
12729,3529,611,2020-03-14 21:00:00,2020-03-14,2654,18,182,23,253
10075,3276,429,2020-03-13 21:00:00,2020-03-13,0,17,0,22,317
10075,2959,429,2020-03-12 21:00:00,2020-03-12,1075,16,75,21,0
9000,2959,354,2020-03-11 21:00:00,2020-03-11,1839,15,117,20,565
7161,2394,237,2020-03-10 21:00:00,2020-03-10,0,14,0,19,0
7161,2394,237,2020-03-09 21:00:00,2020-03-09,595,13,43,18,260
6566,2134,194,2020-03-08 21:00:00,2020-03-08,1819,12,70,17,1221
4747,913,124,2020-03-07 21:00:00,2020-03-07,1234,11,16,16,174
3513,739,108,2020-03-06 21:00:00,2020-03-06,0,10,1,15,187
3513,552,107,2020-03-05 21:00:00,2020-03-05,1177,9,30,14,117
2336,435,77,2020-03-04 21:00:00,2020-03-04,0,8,0,13,144
2336,291,77,2020-03-03 21:00:00,2020-03-03,835,7,11,12,116
1501,175,66,2020-03-02 21:00:00,2020-03-02,908,6,23,11,52
593,123,43,2020-03-01 21:00:00,2020-03-01,0,5,0,10,0
593,123,43,2020-02-29 21:00:00,2020-02-29,205,4,9,9,69
388,54,34,2020-02-28 21:00:00,2020-02-28,143,3,8,8,5
245,49,26,2020-02-27 21:00:00,2020-02-27,106,2,7,7,46
139,3,19,2020-02-26 21:00:00,2020-02-26,44,1,4,6,0
95,3,15,2020-02-25 21:00:00,2020-02-25,48,0,3,5,2
47,1,12,2020-02-24 21:00:00,2020-02-24,4,0,4,4,1
43,0,8,2020-02-23 21:00:00,2020-02-23,15,0,3,3,0
28,0,5,2020-02-22 21:00:00,2020-02-22,10,0,1,2,0
18,0,4,2020-02-21 21:00:00,2020-02-21,13,0,2,1,0
5,0,2,2020-02-20 21:00:00,2020-02-20,5,0,2,0,0
0,0,0,2020-02-19 21:00:00,2020-02-19,0,0,0,0,0
0,0,0,2020-02-18 21:00:00,2020-02-18,0,0,0,0,0
0,0,0,2020-02-17 21:00:00,2020-02-17,0,0,0,0,0
0,0,0,2020-02-16 21:00:00,2020-02-16,0,0,0,0,0
0,0,0,2020-02-15 21:00:00,2020-02-15,0,0,0,0,0
0,0,0,2020-02-14 21:00:00,2020-02-14,0,0,0,0,0
0,0,0,2020-02-13 21:00:00,2020-02-13,0,0,0,0,0
0,0,0,2020-02-12 21:00:00,2020-02-12,0,0,0,0,0
0,0,0,2020-02-11 20:30:00,2020-02-11,0,0,0,0,0
0,0,0,2020-02-10 21:00:00,2020-02-10,0,0,0,0,0
0,0,0,2020-02-09 21:00:00,2020-02-09,0,0,0,0,0
0,0,0,2020-02-08 21:00:00,2020-02-08,0,0,0,0,0
0,0,0,2020-02-07 21:00:00,2020-02-07,0,0,0,0,0
0,0,0,2020-02-06 21:00:00,2020-02-06,0,0,0,0,0
0,0,0,2020-02-05 21:00:00,2020-02-05,0,0,0,0,0
0,0,0,2020-02-04 20:00:00,2020-02-04,0,0,0,0,0
0,0,0,2020-02-03 20:00:00,2020-02-03,0,0,0,0,0
0,0,0,2020-02-02 20:00:00,2020-02-02,0,0,0,0,0
0,0,0,2020-02-01 10:00:00,2020-02-01,0,0,0,0,0
0,0,0,2020-01-31 12:30:00,2020-01-31,0,0,0,0,0
0,0,0,2020-01-30 12:00:00,2020-01-30,0,0,0,0,0
0,0,0,2020-01-29 14:00:00,2020-01-29,0,0,0,0,0
0,0,0,2020-01-28 11:30:00,2020-01-28,0,0,0,0,0
0,0,0,2020-01-27 14:00:00,2020-01-27,0,0,0,0,0
0,0,0,2020-01-26 13:00:00,2020-01-26,0,0,0,0,0
0,0,0,2020-01-25 15:00:00,2020-01-25,0,0,0,0,0
0,0,0,2020-01-24 15:00:00,2020-01-24,0,0,0,0,0
0,0,0,2020-01-23 15:00:00,2020-01-23,0,0,0,0,0
0,0,0,2020-01-22 15:00:00,2020-01-22,0,0,0,0,0
0,0,0,2020-01-21 15:00:00,2020-01-21,0,0,0,0,0
