Confirmed,Recovered,Deaths,Date_last_updated_AEDT,date_day,New,DayElapsed,New_death,DayElapsed_death,New_recover
155,148,2,2020-06-04 22:00:00,2020-06-04,0,53,0,0,0
155,148,2,2020-06-03 22:00:00,2020-06-03,0,52,0,0,1
155,147,2,2020-06-02 22:00:00,2020-06-02,0,51,0,0,3
155,144,2,2020-06-01 22:00:00,2020-06-01,0,50,0,0,0
155,144,2,2020-05-31 22:00:00,2020-05-31,0,49,0,0,2
155,142,2,2020-05-30 22:00:00,2020-05-30,0,48,0,0,0
155,142,2,2020-05-29 22:00:00,2020-05-29,0,47,0,0,6
155,136,2,2020-05-28 22:00:00,2020-05-28,0,46,0,0,8
155,128,2,2020-05-27 22:00:00,2020-05-27,0,45,0,0,0
155,128,2,2020-05-26 22:00:00,2020-05-26,0,44,0,0,0
155,128,2,2020-05-25 22:00:00,2020-05-25,0,43,0,0,0
155,128,2,2020-05-24 22:00:00,2020-05-24,1,42,0,0,0
154,128,2,2020-05-23 22:00:00,2020-05-23,0,41,0,0,1
154,127,2,2020-05-22 22:00:00,2020-05-22,2,40,0,0,2
152,125,2,2020-05-21 22:00:00,2020-05-21,0,39,0,0,0
152,125,2,2020-05-20 22:00:00,2020-05-20,1,38,0,0,2
151,123,2,2020-05-19 22:00:00,2020-05-19,5,37,0,0,1
146,122,2,2020-05-18 22:00:00,2020-05-18,2,36,0,0,9
144,113,2,2020-05-17 22:00:00,2020-05-17,4,35,1,0,5
140,108,1,2020-05-16 22:00:00,2020-05-16,2,34,0,0,0
138,108,1,2020-05-15 22:00:00,2020-05-15,4,33,0,0,0
134,108,1,2020-05-14 22:00:00,2020-05-14,1,32,0,0,0
133,108,1,2020-05-13 22:00:00,2020-05-13,6,31,0,0,3
127,105,1,2020-05-12 22:00:00,2020-05-12,3,30,0,0,0
124,105,1,2020-05-11 22:00:00,2020-05-11,0,29,0,0,0
124,105,1,2020-05-10 22:00:00,2020-05-10,11,28,0,0,0
113,105,1,2020-05-09 22:00:00,2020-05-09,0,27,0,0,1
113,104,1,2020-05-08 22:00:00,2020-05-08,1,26,0,0,1
112,103,1,2020-05-07 22:00:00,2020-05-07,0,25,0,0,0
112,103,1,2020-05-06 22:00:00,2020-05-06,0,24,0,0,0
112,103,1,2020-05-05 22:00:00,2020-05-05,0,23,0,0,0
112,103,1,2020-05-04 22:00:00,2020-05-04,0,22,0,0,0
112,103,1,2020-05-03 22:00:00,2020-05-03,0,21,0,0,1
112,102,1,2020-05-02 22:00:00,2020-05-02,1,20,0,0,1
111,101,1,2020-05-01 22:00:00,2020-05-01,1,19,0,0,2
110,99,1,2020-04-30 22:00:00,2020-04-30,0,18,0,0,0
110,99,1,2020-04-29 22:00:00,2020-04-29,0,17,0,0,0
110,99,1,2020-04-28 22:00:00,2020-04-28,0,16,0,0,0
110,99,1,2020-04-27 22:00:00,2020-04-27,1,15,0,0,0
109,99,1,2020-04-26 22:00:00,2020-04-26,0,14,0,0,0
109,99,1,2020-04-25 22:00:00,2020-04-25,1,13,0,0,0
108,99,1,2020-04-24 22:00:00,2020-04-24,1,12,0,0,1
107,98,1,2020-04-23 22:00:00,2020-04-23,1,11,0,0,0
106,98,1,2020-04-22 22:00:00,2020-04-22,0,10,0,0,1
106,97,1,2020-04-21 22:00:00,2020-04-21,2,9,0,0,0
104,97,1,2020-04-20 22:00:00,2020-04-20,0,8,0,0,0
104,97,1,2020-04-19 22:00:00,2020-04-19,2,7,0,0,0
102,97,1,2020-04-18 22:00:00,2020-04-18,0,6,0,0,0
102,97,1,2020-04-17 22:00:00,2020-04-17,0,5,0,0,1
102,96,1,2020-04-16 22:00:00,2020-04-16,0,4,0,0,0
102,96,1,2020-04-15 22:00:00,2020-04-15,2,3,0,0,0
100,96,1,2020-04-14 22:00:00,2020-04-14,0,2,0,0,0
100,96,1,2020-04-13 22:00:00,2020-04-13,1,1,0,0,0
99,96,1,2020-04-12 22:00:00,2020-04-12,1,0,0,0,0
98,96,1,2020-04-11 22:00:00,2020-04-11,0,0,0,0,1
98,95,1,2020-04-10 22:00:00,2020-04-10,0,0,0,0,2
98,93,1,2020-04-09 22:00:00,2020-04-09,0,0,0,0,1
98,92,1,2020-04-08 22:00:00,2020-04-08,0,0,0,0,0
98,92,1,2020-04-07 22:00:00,2020-04-07,0,0,0,0,0
98,92,1,2020-04-06 22:00:00,2020-04-06,0,0,0,0,0
98,92,1,2020-04-05 22:00:00,2020-04-05,0,0,0,0,0
98,92,1,2020-04-04 21:00:00,2020-04-04,0,0,0,0,0
98,92,1,2020-04-03 21:00:00,2020-04-03,0,0,0,0,0
98,92,1,2020-04-02 21:00:00,2020-04-02,0,0,0,0,0
98,92,1,2020-04-01 21:00:00,2020-04-01,0,0,0,0,0
98,92,1,2020-03-31 21:00:00,2020-03-31,0,0,0,0,0
98,92,1,2020-03-30 21:00:00,2020-03-30,0,0,0,0,0
98,92,1,2020-03-29 21:00:00,2020-03-29,1,0,0,0,0
97,92,1,2020-03-28 21:00:00,2020-03-28,2,0,0,0,0
95,92,1,2020-03-27 21:10:00,2020-03-27,0,0,0,0,0
95,92,1,2020-03-26 22:20:00,2020-03-26,1,0,0,0,0
94,92,1,2020-03-25 23:20:00,2020-03-25,1,0,0,0,0
93,92,1,2020-03-24 21:20:00,2020-03-24,0,0,0,0,0
93,92,1,2020-03-23 21:40:00,2020-03-23,0,0,0,0,0
93,92,1,2020-03-22 21:00:00,2020-03-22,0,0,0,0,0
93,92,1,2020-03-21 21:00:00,2020-03-21,0,0,0,0,0
93,92,1,2020-03-20 21:20:00,2020-03-20,0,0,0,0,0
93,92,1,2020-03-19 21:30:00,2020-03-19,0,0,0,0,0
93,92,1,2020-03-18 22:00:00,2020-03-18,0,0,0,0,0
93,92,1,2020-03-17 21:00:00,2020-03-17,0,0,0,0,0
93,92,1,2020-03-16 21:00:00,2020-03-16,0,0,0,0,1
93,91,1,2020-03-15 21:00:00,2020-03-15,0,0,0,0,0
93,91,1,2020-03-14 21:00:00,2020-03-14,0,0,0,0,0
93,91,1,2020-03-13 21:00:00,2020-03-13,0,0,0,0,0
93,91,1,2020-03-12 21:00:00,2020-03-12,0,0,0,0,0
93,91,1,2020-03-11 21:00:00,2020-03-11,0,0,0,0,0
93,91,1,2020-03-10 21:00:00,2020-03-10,0,0,0,0,1
93,90,1,2020-03-09 21:00:00,2020-03-09,0,0,0,0,0
93,90,1,2020-03-08 21:00:00,2020-03-08,0,0,0,0,0
93,90,1,2020-03-07 21:00:00,2020-03-07,0,0,0,0,0
93,90,1,2020-03-06 21:00:00,2020-03-06,0,0,0,0,3
93,87,1,2020-03-05 21:00:00,2020-03-05,0,0,0,0,1
93,86,1,2020-03-04 21:00:00,2020-03-04,0,0,0,0,3
93,83,1,2020-03-03 21:00:00,2020-03-03,0,0,0,0,4
93,79,1,2020-03-02 21:00:00,2020-03-02,0,0,0,0,1
93,78,1,2020-03-01 21:00:00,2020-03-01,0,0,0,0,3
93,75,1,2020-02-29 21:00:00,2020-02-29,0,0,0,0,2
93,73,1,2020-02-28 21:00:00,2020-02-28,0,0,0,0,8
93,65,1,2020-02-27 21:00:00,2020-02-27,0,0,0,0,2
93,63,1,2020-02-26 21:00:00,2020-02-26,0,0,0,0,1
93,62,1,2020-02-25 21:00:00,2020-02-25,0,0,0,0,2
93,60,1,2020-02-24 21:00:00,2020-02-24,2,0,0,0,7
91,53,1,2020-02-23 21:00:00,2020-02-23,0,0,0,0,2
91,51,1,2020-02-22 21:00:00,2020-02-22,0,0,0,0,6
91,45,1,2020-02-21 21:00:00,2020-02-21,0,0,0,0,2
91,43,1,2020-02-20 21:00:00,2020-02-20,1,0,0,0,6
90,37,1,2020-02-19 21:00:00,2020-02-19,1,0,0,0,1
89,36,1,2020-02-18 21:00:00,2020-02-18,0,0,0,0,2
89,34,1,2020-02-17 21:00:00,2020-02-17,0,0,0,0,4
89,30,1,2020-02-16 21:00:00,2020-02-16,1,0,0,0,5
88,25,1,2020-02-15 21:00:00,2020-02-15,2,0,0,0,0
86,25,1,2020-02-14 21:00:00,2020-02-14,2,0,0,0,3
84,22,1,2020-02-13 21:00:00,2020-02-13,1,0,0,0,2
83,20,1,2020-02-12 21:00:00,2020-02-12,2,0,0,0,2
81,18,1,2020-02-11 20:30:00,2020-02-11,1,0,0,0,6
80,12,1,2020-02-10 21:00:00,2020-02-10,2,0,0,0,5
78,7,1,2020-02-09 21:00:00,2020-02-09,9,0,0,0,3
69,4,1,2020-02-08 21:00:00,2020-02-08,4,0,0,0,0
65,4,1,2020-02-07 21:00:00,2020-02-07,6,0,1,0,1
59,3,0,2020-02-06 21:00:00,2020-02-06,5,0,0,0,2
54,1,0,2020-02-05 21:00:00,2020-02-05,12,0,0,0,0
42,1,0,2020-02-04 20:00:00,2020-02-04,11,0,0,0,0
31,1,0,2020-02-03 20:00:00,2020-02-03,8,0,0,0,0
23,1,0,2020-02-02 20:00:00,2020-02-02,9,0,0,0,0
14,1,0,2020-02-01 10:00:00,2020-02-01,0,0,0,0,0
14,1,0,2020-01-31 12:30:00,2020-01-31,0,0,0,0,0
14,1,0,2020-01-30 12:00:00,2020-01-30,5,0,0,0,1
9,0,0,2020-01-29 14:00:00,2020-01-29,3,0,0,0,0
6,0,0,2020-01-28 11:30:00,2020-01-28,0,0,0,0,0
6,0,0,2020-01-27 14:00:00,2020-01-27,2,0,0,0,0
4,0,0,2020-01-26 13:00:00,2020-01-26,0,0,0,0,0
4,0,0,2020-01-25 15:00:00,2020-01-25,1,0,0,0,0
3,0,0,2020-01-24 15:00:00,2020-01-24,2,0,0,0,0
1,0,0,2020-01-23 15:00:00,2020-01-23,1,0,0,0,0
0,0,0,2020-01-22 15:00:00,2020-01-22,0,0,0,0,0
0,0,0,2020-01-21 15:00:00,2020-01-21,0,0,0,0,0
