Confirmed,Recovered,Deaths,Date_last_updated_AEDT,date_day,New,DayElapsed,New_death,DayElapsed_death,New_recover
3567,2554,15,2020-07-30 22:00:00,2020-07-30,61,98,0,84,7
3506,2547,15,2020-07-29 22:00:00,2020-07-29,137,97,0,83,0
3369,2547,15,2020-07-28 22:00:00,2020-07-28,67,96,0,82,19
3302,2528,15,2020-07-27 22:00:00,2020-07-27,50,95,0,81,30
3252,2498,15,2020-07-26 22:00:00,2020-07-26,77,94,0,80,0
3175,2498,15,2020-07-25 22:00:00,2020-07-25,55,93,0,79,70
3120,2428,15,2020-07-24 22:00:00,2020-07-24,17,92,0,78,31
3103,2397,15,2020-07-23 22:00:00,2020-07-23,59,91,0,77,0
3044,2397,15,2020-07-22 22:00:00,2020-07-22,45,90,0,76,28
2999,2369,15,2020-07-21 22:00:00,2020-07-21,33,89,0,75,7
2966,2362,15,2020-07-20 22:00:00,2020-07-20,36,88,0,74,8
2930,2354,15,2020-07-19 22:00:00,2020-07-19,17,87,0,73,14
2913,2340,15,2020-07-18 22:00:00,2020-07-18,14,86,0,72,1
2899,2339,15,2020-07-17 22:00:00,2020-07-17,68,85,1,71,18
2831,2321,14,2020-07-16 22:00:00,2020-07-16,30,84,0,70,19
2801,2302,14,2020-07-15 22:00:00,2020-07-15,39,83,1,69,12
2762,2290,13,2020-07-14 22:00:00,2020-07-14,31,82,0,68,6
2731,2284,13,2020-07-13 22:00:00,2020-07-13,67,81,0,67,16
2664,2268,13,2020-07-12 22:00:00,2020-07-12,47,80,0,66,30
2617,2238,13,2020-07-11 22:00:00,2020-07-11,64,79,0,65,11
2553,2227,13,2020-07-10 22:00:00,2020-07-10,36,78,0,64,47
2517,2180,13,2020-07-09 22:00:00,2020-07-09,16,77,1,63,22
2501,2158,12,2020-07-08 22:00:00,2020-07-08,10,76,0,62,45
2491,2113,12,2020-07-07 22:00:00,2020-07-07,23,75,1,61,64
2468,2049,11,2020-07-06 22:00:00,2020-07-06,33,74,1,60,19
2435,2030,10,2020-07-05 22:00:00,2020-07-05,25,73,0,59,54
2410,1976,10,2020-07-04 22:00:00,2020-07-04,10,72,0,58,7
2400,1969,10,2020-07-03 22:00:00,2020-07-03,18,71,1,57,15
2382,1954,9,2020-07-02 22:00:00,2020-07-02,21,70,0,56,10
2361,1944,9,2020-07-01 22:00:00,2020-07-01,24,69,1,55,17
2337,1927,8,2020-06-30 22:00:00,2020-06-30,13,68,0,54,16
2324,1911,8,2020-06-29 22:00:00,2020-06-29,19,67,0,53,36
2305,1875,8,2020-06-28 22:00:00,2020-06-28,22,66,0,52,12
2283,1863,8,2020-06-27 22:00:00,2020-06-27,6,65,0,51,15
2277,1848,8,2020-06-26 22:00:00,2020-06-26,16,64,0,50,9
2261,1839,8,2020-06-25 22:00:00,2020-06-25,23,63,0,49,26
2238,1813,8,2020-06-24 22:00:00,2020-06-24,21,62,0,48,0
2217,1813,8,2020-06-23 22:00:00,2020-06-23,14,61,0,47,10
2203,1803,8,2020-06-22 22:00:00,2020-06-22,16,60,0,46,15
2187,1788,8,2020-06-21 22:00:00,2020-06-21,37,59,0,45,19
2150,1769,8,2020-06-20 22:00:00,2020-06-20,13,58,0,44,10
2137,1759,8,2020-06-19 22:00:00,2020-06-19,17,57,0,43,82
2120,1677,8,2020-06-18 22:00:00,2020-06-18,26,56,0,42,7
2094,1670,8,2020-06-17 22:00:00,2020-06-17,29,55,0,41,130
2065,1540,8,2020-06-16 22:00:00,2020-06-16,30,54,0,40,229
2035,1311,8,2020-06-15 22:00:00,2020-06-15,22,53,0,39,94
2013,1217,8,2020-06-14 22:00:00,2020-06-14,10,52,0,38,24
2003,1193,8,2020-06-13 22:00:00,2020-06-13,27,51,0,37,40
1976,1153,8,2020-06-12 22:00:00,2020-06-12,14,50,0,36,32
1962,1121,8,2020-06-11 22:00:00,2020-06-11,20,49,0,35,111
1942,1010,8,2020-06-10 22:00:00,2020-06-10,26,48,0,34,85
1916,925,8,2020-06-09 22:00:00,2020-06-09,13,47,0,33,98
1903,827,8,2020-06-08 22:00:00,2020-06-08,2,46,0,32,64
1901,763,8,2020-06-07 22:00:00,2020-06-07,18,45,0,31,46
1883,717,8,2020-06-06 22:00:00,2020-06-06,11,44,1,30,69
1872,648,7,2020-06-05 22:00:00,2020-06-05,22,43,0,29,4
1850,644,7,2020-06-04 22:00:00,2020-06-04,9,42,0,28,36
1841,608,7,2020-06-03 22:00:00,2020-06-03,12,41,0,27,120
1829,488,7,2020-06-02 22:00:00,2020-06-02,56,40,2,26,35
1773,453,5,2020-06-01 22:00:00,2020-06-01,101,39,0,25,47
1672,406,5,2020-05-31 22:00:00,2020-05-31,81,38,0,24,176
1591,230,5,2020-05-30 22:00:00,2020-05-30,78,37,0,23,33
1513,197,5,2020-05-29 22:00:00,2020-05-29,56,36,0,22,0
1457,197,5,2020-05-28 22:00:00,2020-05-28,19,35,0,21,0
1438,197,5,2020-05-27 22:00:00,2020-05-27,43,34,1,20,42
1395,155,4,2020-05-26 22:00:00,2020-05-26,24,33,0,19,11
1371,144,4,2020-05-25 22:00:00,2020-05-25,58,32,0,18,16
1313,128,4,2020-05-24 22:00:00,2020-05-24,39,31,0,17,19
1274,109,4,2020-05-23 22:00:00,2020-05-23,58,30,0,16,18
1216,91,4,2020-05-22 22:00:00,2020-05-22,30,29,0,15,0
1186,91,4,2020-05-21 22:00:00,2020-05-21,43,28,0,14,0
1143,91,4,2020-05-20 22:00:00,2020-05-20,37,27,0,13,11
1106,80,4,2020-05-19 22:00:00,2020-05-19,12,26,0,12,22
1094,58,4,2020-05-18 22:00:00,2020-05-18,16,25,0,11,0
1078,58,4,2020-05-17 22:00:00,2020-05-17,47,24,0,10,9
1031,49,4,2020-05-16 22:00:00,2020-05-16,49,23,0,9,4
982,45,4,2020-05-15 22:00:00,2020-05-15,27,22,0,8,5
955,40,4,2020-05-14 22:00:00,2020-05-14,51,21,1,7,11
904,29,3,2020-05-13 22:00:00,2020-05-13,7,20,0,6,0
897,29,3,2020-05-12 22:00:00,2020-05-12,62,19,0,5,0
835,29,3,2020-05-11 22:00:00,2020-05-11,45,18,0,4,0
790,29,3,2020-05-10 22:00:00,2020-05-10,46,17,0,3,9
744,20,3,2020-05-09 22:00:00,2020-05-09,96,16,0,2,0
648,20,3,2020-05-08 22:00:00,2020-05-08,31,15,1,1,0
617,20,2,2020-05-07 22:00:00,2020-05-07,44,14,0,0,0
573,20,2,2020-05-06 22:00:00,2020-05-06,16,13,1,0,3
557,17,1,2020-05-05 22:00:00,2020-05-05,30,12,0,0,-1
527,18,1,2020-05-04 22:00:00,2020-05-04,8,11,0,0,0
519,18,1,2020-05-03 22:00:00,2020-05-03,28,10,0,0,1
491,17,1,2020-05-02 22:00:00,2020-05-02,23,9,0,0,0
468,17,1,2020-05-01 22:00:00,2020-05-01,188,8,0,0,0
280,17,1,2020-04-30 22:00:00,2020-04-30,24,7,1,0,0
256,17,0,2020-04-29 22:00:00,2020-04-29,11,6,0,0,0
245,17,0,2020-04-28 22:00:00,2020-04-28,31,5,0,0,0
214,17,0,2020-04-27 22:00:00,2020-04-27,37,4,0,0,0
177,17,0,2020-04-26 22:00:00,2020-04-26,40,3,0,0,1
137,16,0,2020-04-25 22:00:00,2020-04-25,21,2,0,0,0
116,16,0,2020-04-24 22:00:00,2020-04-24,22,1,0,0,0
94,16,0,2020-04-23 22:00:00,2020-04-23,8,0,0,0,0
86,16,0,2020-04-22 22:00:00,2020-04-22,4,0,0,0,0
82,16,0,2020-04-21 22:00:00,2020-04-21,30,0,0,0,0
52,16,0,2020-04-20 22:00:00,2020-04-20,1,0,0,0,0
51,16,0,2020-04-19 22:00:00,2020-04-19,19,0,0,0,0
32,16,0,2020-04-18 22:00:00,2020-04-18,4,0,0,0,0
28,16,0,2020-04-17 22:00:00,2020-04-17,5,0,0,0,0
23,16,0,2020-04-16 22:00:00,2020-04-16,2,0,0,0,0
21,16,0,2020-04-15 22:00:00,2020-04-15,1,0,0,0,2
20,14,0,2020-04-14 22:00:00,2020-04-14,0,0,0,0,0
20,14,0,2020-04-13 22:00:00,2020-04-13,0,0,0,0,1
20,13,0,2020-04-12 22:00:00,2020-04-12,1,0,0,0,0
19,13,0,2020-04-11 22:00:00,2020-04-11,0,0,0,0,0
19,13,0,2020-04-10 22:00:00,2020-04-10,0,0,0,0,0
19,13,0,2020-04-09 22:00:00,2020-04-09,0,0,0,0,0
19,13,0,2020-04-08 22:00:00,2020-04-08,0,0,0,0,0
19,13,0,2020-04-07 22:00:00,2020-04-07,0,0,0,0,0
19,13,0,2020-04-06 22:00:00,2020-04-06,0,0,0,0,0
19,13,0,2020-04-05 22:00:00,2020-04-05,0,0,0,0,0
19,13,0,2020-04-04 21:00:00,2020-04-04,0,0,0,0,0
19,13,0,2020-04-03 21:00:00,2020-04-03,0,0,0,0,0
19,13,0,2020-04-02 21:00:00,2020-04-02,1,0,0,0,0
18,13,0,2020-04-01 21:00:00,2020-04-01,0,0,0,0,0
18,13,0,2020-03-31 21:00:00,2020-03-31,1,0,0,0,0
17,13,0,2020-03-30 21:00:00,2020-03-30,0,0,0,0,2
17,11,0,2020-03-29 21:00:00,2020-03-29,1,0,0,0,2
16,9,0,2020-03-28 21:00:00,2020-03-28,3,0,0,0,0
13,9,0,2020-03-27 21:10:00,2020-03-27,0,0,0,0,1
13,8,0,2020-03-26 22:20:00,2020-03-26,0,0,0,0,3
13,5,0,2020-03-25 23:20:00,2020-03-25,0,0,0,0,0
13,5,0,2020-03-24 21:20:00,2020-03-24,0,0,0,0,0
13,5,0,2020-03-23 21:40:00,2020-03-23,0,0,0,0,2
13,3,0,2020-03-22 21:00:00,2020-03-22,0,0,0,0,1
13,2,0,2020-03-21 21:00:00,2020-03-21,0,0,0,0,2
13,0,0,2020-03-20 21:20:00,2020-03-20,0,0,0,0,0
13,0,0,2020-03-19 21:30:00,2020-03-19,0,0,0,0,0
13,0,0,2020-03-18 22:00:00,2020-03-18,0,0,0,0,0
13,0,0,2020-03-17 21:00:00,2020-03-17,0,0,0,0,0
13,0,0,2020-03-16 21:00:00,2020-03-16,0,0,0,0,0
13,0,0,2020-03-15 21:00:00,2020-03-15,4,0,0,0,0
9,0,0,2020-03-14 21:00:00,2020-03-14,1,0,0,0,0
8,0,0,2020-03-13 21:00:00,2020-03-13,0,0,0,0,0
8,0,0,2020-03-12 21:00:00,2020-03-12,0,0,0,0,0
8,0,0,2020-03-11 21:00:00,2020-03-11,2,0,0,0,0
6,0,0,2020-03-10 21:00:00,2020-03-10,2,0,0,0,0
4,0,0,2020-03-09 21:00:00,2020-03-09,2,0,0,0,0
2,0,0,2020-03-08 21:00:00,2020-03-08,2,0,0,0,0
0,0,0,2020-03-07 21:00:00,2020-03-07,0,0,0,0,0
0,0,0,2020-03-06 21:00:00,2020-03-06,0,0,0,0,0
0,0,0,2020-03-05 21:00:00,2020-03-05,0,0,0,0,0
0,0,0,2020-03-04 21:00:00,2020-03-04,0,0,0,0,0
0,0,0,2020-03-03 21:00:00,2020-03-03,0,0,0,0,0
0,0,0,2020-03-02 21:00:00,2020-03-02,0,0,0,0,0
0,0,0,2020-03-01 21:00:00,2020-03-01,0,0,0,0,0
0,0,0,2020-02-29 21:00:00,2020-02-29,0,0,0,0,0
0,0,0,2020-02-28 21:00:00,2020-02-28,0,0,0,0,0
0,0,0,2020-02-27 21:00:00,2020-02-27,0,0,0,0,0
0,0,0,2020-02-26 21:00:00,2020-02-26,0,0,0,0,0
0,0,0,2020-02-25 21:00:00,2020-02-25,0,0,0,0,0
0,0,0,2020-02-24 21:00:00,2020-02-24,0,0,0,0,0
0,0,0,2020-02-23 21:00:00,2020-02-23,0,0,0,0,0
0,0,0,2020-02-22 21:00:00,2020-02-22,0,0,0,0,0
0,0,0,2020-02-21 21:00:00,2020-02-21,0,0,0,0,0
0,0,0,2020-02-20 21:00:00,2020-02-20,0,0,0,0,0
0,0,0,2020-02-19 21:00:00,2020-02-19,0,0,0,0,0
0,0,0,2020-02-18 21:00:00,2020-02-18,0,0,0,0,0
0,0,0,2020-02-17 21:00:00,2020-02-17,0,0,0,0,0
0,0,0,2020-02-16 21:00:00,2020-02-16,0,0,0,0,0
0,0,0,2020-02-15 21:00:00,2020-02-15,0,0,0,0,0
0,0,0,2020-02-14 21:00:00,2020-02-14,0,0,0,0,0
0,0,0,2020-02-13 21:00:00,2020-02-13,0,0,0,0,0
0,0,0,2020-02-12 21:00:00,2020-02-12,0,0,0,0,0
0,0,0,2020-02-11 20:30:00,2020-02-11,0,0,0,0,0
0,0,0,2020-02-10 21:00:00,2020-02-10,0,0,0,0,0
0,0,0,2020-02-09 21:00:00,2020-02-09,0,0,0,0,0
0,0,0,2020-02-08 21:00:00,2020-02-08,0,0,0,0,0
0,0,0,2020-02-07 21:00:00,2020-02-07,0,0,0,0,0
0,0,0,2020-02-06 21:00:00,2020-02-06,0,0,0,0,0
0,0,0,2020-02-05 21:00:00,2020-02-05,0,0,0,0,0
0,0,0,2020-02-04 20:00:00,2020-02-04,0,0,0,0,0
0,0,0,2020-02-03 20:00:00,2020-02-03,0,0,0,0,0
0,0,0,2020-02-02 20:00:00,2020-02-02,0,0,0,0,0
0,0,0,2020-02-01 10:00:00,2020-02-01,0,0,0,0,0
0,0,0,2020-01-31 12:30:00,2020-01-31,0,0,0,0,0
0,0,0,2020-01-30 12:00:00,2020-01-30,0,0,0,0,0
0,0,0,2020-01-29 14:00:00,2020-01-29,0,0,0,0,0
0,0,0,2020-01-28 11:30:00,2020-01-28,0,0,0,0,0
0,0,0,2020-01-27 14:00:00,2020-01-27,0,0,0,0,0
0,0,0,2020-01-26 13:00:00,2020-01-26,0,0,0,0,0
0,0,0,2020-01-25 15:00:00,2020-01-25,0,0,0,0,0
0,0,0,2020-01-24 15:00:00,2020-01-24,0,0,0,0,0
0,0,0,2020-01-23 15:00:00,2020-01-23,0,0,0,0,0
0,0,0,2020-01-22 15:00:00,2020-01-22,0,0,0,0,0
0,0,0,2020-01-21 15:00:00,2020-01-21,0,0,0,0,0
