Confirmed,Recovered,Deaths,Date_last_updated_AEDT,date_day,New,DayElapsed,New_death,DayElapsed_death,New_recover
236,98,14,2020-06-21 22:00:00,2020-06-21,0,82,0,82,0
236,98,14,2020-06-20 22:00:00,2020-06-20,15,81,0,81,0
221,98,14,2020-06-19 22:00:00,2020-06-19,0,80,0,80,0
221,98,14,2020-06-18 22:00:00,2020-06-18,19,79,0,79,0
202,98,14,2020-06-17 22:00:00,2020-06-17,0,78,0,78,0
202,98,14,2020-06-16 22:00:00,2020-06-16,0,77,0,77,0
202,98,14,2020-06-15 22:00:00,2020-06-15,0,76,0,76,0
202,98,14,2020-06-14 22:00:00,2020-06-14,0,75,0,75,0
202,98,14,2020-06-13 22:00:00,2020-06-13,0,74,0,74,0
202,98,14,2020-06-12 22:00:00,2020-06-12,0,73,0,73,0
202,98,14,2020-06-11 22:00:00,2020-06-11,0,72,0,72,0
202,98,14,2020-06-10 22:00:00,2020-06-10,0,71,0,71,0
202,98,14,2020-06-09 22:00:00,2020-06-09,0,70,0,70,0
202,98,14,2020-06-08 22:00:00,2020-06-08,0,69,0,69,0
202,98,14,2020-06-07 22:00:00,2020-06-07,0,68,0,68,0
202,98,14,2020-06-06 22:00:00,2020-06-06,2,67,0,67,0
200,98,14,2020-06-05 22:00:00,2020-06-05,0,66,0,66,0
200,98,14,2020-06-04 22:00:00,2020-06-04,0,65,0,65,0
200,98,14,2020-06-03 22:00:00,2020-06-03,0,64,0,64,0
200,98,14,2020-06-02 22:00:00,2020-06-02,0,63,0,63,0
200,98,14,2020-06-01 22:00:00,2020-06-01,0,62,0,62,0
200,98,14,2020-05-31 22:00:00,2020-05-31,0,61,0,61,0
200,98,14,2020-05-30 22:00:00,2020-05-30,3,60,0,60,7
197,91,14,2020-05-29 22:00:00,2020-05-29,0,59,0,59,0
197,91,14,2020-05-28 22:00:00,2020-05-28,0,58,0,58,0
197,91,14,2020-05-27 22:00:00,2020-05-27,0,57,0,57,0
197,91,14,2020-05-26 22:00:00,2020-05-26,0,56,0,56,0
197,91,14,2020-05-25 22:00:00,2020-05-25,0,55,0,55,0
197,91,14,2020-05-24 22:00:00,2020-05-24,0,54,0,54,0
197,91,14,2020-05-23 22:00:00,2020-05-23,5,53,0,53,0
192,91,14,2020-05-22 22:00:00,2020-05-22,0,52,0,52,0
192,91,14,2020-05-21 22:00:00,2020-05-21,0,51,0,51,0
192,91,14,2020-05-20 22:00:00,2020-05-20,0,50,0,50,0
192,91,14,2020-05-19 22:00:00,2020-05-19,0,49,0,49,0
192,91,14,2020-05-18 22:00:00,2020-05-18,0,48,0,48,0
192,91,14,2020-05-17 22:00:00,2020-05-17,0,47,0,47,0
192,91,14,2020-05-16 22:00:00,2020-05-16,3,46,0,46,0
189,91,14,2020-05-15 22:00:00,2020-05-15,0,45,0,45,0
189,91,14,2020-05-14 22:00:00,2020-05-14,2,44,0,44,0
187,91,14,2020-05-13 22:00:00,2020-05-13,0,43,0,43,0
187,91,14,2020-05-12 22:00:00,2020-05-12,0,42,0,42,8
187,83,14,2020-05-11 22:00:00,2020-05-11,1,41,0,41,0
186,83,14,2020-05-10 22:00:00,2020-05-10,0,40,0,40,0
186,83,14,2020-05-09 22:00:00,2020-05-09,3,39,0,39,0
183,83,14,2020-05-08 22:00:00,2020-05-08,1,38,0,38,0
182,83,14,2020-05-07 22:00:00,2020-05-07,0,37,0,37,0
182,83,14,2020-05-06 22:00:00,2020-05-06,1,36,0,36,0
181,83,14,2020-05-05 22:00:00,2020-05-05,2,35,0,35,0
179,83,14,2020-05-04 22:00:00,2020-05-04,0,34,0,34,0
179,83,14,2020-05-03 22:00:00,2020-05-03,0,33,0,33,0
179,83,14,2020-05-02 22:00:00,2020-05-02,0,32,0,32,0
179,83,14,2020-05-01 22:00:00,2020-05-01,1,31,0,31,0
178,83,14,2020-04-30 22:00:00,2020-04-30,3,30,0,30,0
175,83,14,2020-04-29 22:00:00,2020-04-29,0,29,0,29,6
175,77,14,2020-04-28 22:00:00,2020-04-28,0,28,0,28,0
175,77,14,2020-04-27 22:00:00,2020-04-27,0,27,0,27,0
175,77,14,2020-04-26 22:00:00,2020-04-26,5,26,0,26,0
170,77,14,2020-04-25 22:00:00,2020-04-25,0,25,0,25,0
170,77,14,2020-04-24 22:00:00,2020-04-24,6,24,0,24,4
164,73,14,2020-04-23 22:00:00,2020-04-23,0,23,0,23,0
164,73,14,2020-04-22 22:00:00,2020-04-22,1,22,0,22,0
163,73,14,2020-04-21 22:00:00,2020-04-21,0,21,2,21,0
163,73,12,2020-04-20 22:00:00,2020-04-20,0,20,0,20,0
163,73,12,2020-04-19 22:00:00,2020-04-19,5,19,4,19,0
158,73,8,2020-04-18 22:00:00,2020-04-18,0,18,0,18,0
158,73,8,2020-04-17 22:00:00,2020-04-17,0,17,0,17,0
158,73,8,2020-04-16 22:00:00,2020-04-16,0,16,0,16,0
158,73,8,2020-04-15 22:00:00,2020-04-15,1,15,2,15,23
157,50,6,2020-04-14 22:00:00,2020-04-14,0,14,0,14,0
157,50,6,2020-04-13 22:00:00,2020-04-13,2,13,0,13,0
155,50,6,2020-04-12 22:00:00,2020-04-12,0,12,0,12,0
155,50,6,2020-04-11 22:00:00,2020-04-11,1,11,0,11,0
154,50,6,2020-04-10 22:00:00,2020-04-10,0,10,0,10,0
154,50,6,2020-04-09 22:00:00,2020-04-09,2,9,2,9,0
152,50,4,2020-04-08 22:00:00,2020-04-08,1,8,0,8,0
151,50,4,2020-04-07 22:00:00,2020-04-07,2,7,0,7,0
149,50,4,2020-04-06 22:00:00,2020-04-06,4,6,1,6,23
145,27,3,2020-04-05 22:00:00,2020-04-05,2,5,0,5,0
143,27,3,2020-04-04 21:00:00,2020-04-04,5,4,0,4,0
138,27,3,2020-04-03 21:00:00,2020-04-03,3,3,0,3,0
135,27,3,2020-04-02 21:00:00,2020-04-02,7,2,0,2,0
128,27,3,2020-04-01 21:00:00,2020-04-01,35,1,2,1,27
93,0,1,2020-03-31 21:00:00,2020-03-31,0,0,0,0,0
93,0,1,2020-03-30 21:00:00,2020-03-30,0,0,0,0,0
93,0,1,2020-03-29 21:00:00,2020-03-29,0,0,0,0,0
93,0,1,2020-03-28 21:00:00,2020-03-28,12,0,0,0,0
81,0,1,2020-03-27 21:10:00,2020-03-27,15,0,0,0,0
66,0,1,2020-03-26 22:20:00,2020-03-26,9,0,0,0,0
57,0,1,2020-03-25 23:20:00,2020-03-25,4,0,0,0,0
53,0,1,2020-03-24 21:20:00,2020-03-24,9,0,0,0,0
44,0,1,2020-03-23 21:40:00,2020-03-23,7,0,0,0,0
37,0,1,2020-03-22 21:00:00,2020-03-22,5,0,0,0,0
32,0,1,2020-03-21 21:00:00,2020-03-21,0,0,0,0,0
32,0,1,2020-03-20 21:20:00,2020-03-20,9,0,0,0,0
23,0,1,2020-03-19 21:30:00,2020-03-19,4,0,0,0,0
19,0,1,2020-03-18 22:00:00,2020-03-18,4,0,0,0,0
15,0,1,2020-03-17 21:00:00,2020-03-17,0,0,1,0,0
15,0,0,2020-03-16 21:00:00,2020-03-16,5,0,0,0,0
10,0,0,2020-03-15 21:00:00,2020-03-15,4,0,0,0,0
6,0,0,2020-03-14 21:00:00,2020-03-14,3,0,0,0,0
3,0,0,2020-03-13 21:00:00,2020-03-13,0,0,0,0,0
3,0,0,2020-03-12 21:00:00,2020-03-12,0,0,0,0,0
3,0,0,2020-03-11 21:00:00,2020-03-11,1,0,0,0,0
2,0,0,2020-03-10 21:00:00,2020-03-10,0,0,0,0,0
2,0,0,2020-03-09 21:00:00,2020-03-09,2,0,0,0,0
0,0,0,2020-03-08 21:00:00,2020-03-08,0,0,0,0,0
0,0,0,2020-03-07 21:00:00,2020-03-07,0,0,0,0,0
0,0,0,2020-03-06 21:00:00,2020-03-06,0,0,0,0,0
0,0,0,2020-03-05 21:00:00,2020-03-05,0,0,0,0,0
0,0,0,2020-03-04 21:00:00,2020-03-04,0,0,0,0,0
0,0,0,2020-03-03 21:00:00,2020-03-03,0,0,0,0,0
0,0,0,2020-03-02 21:00:00,2020-03-02,0,0,0,0,0
0,0,0,2020-03-01 21:00:00,2020-03-01,0,0,0,0,0
0,0,0,2020-02-29 21:00:00,2020-02-29,0,0,0,0,0
0,0,0,2020-02-28 21:00:00,2020-02-28,0,0,0,0,0
0,0,0,2020-02-27 21:00:00,2020-02-27,0,0,0,0,0
0,0,0,2020-02-26 21:00:00,2020-02-26,0,0,0,0,0
0,0,0,2020-02-25 21:00:00,2020-02-25,0,0,0,0,0
0,0,0,2020-02-24 21:00:00,2020-02-24,0,0,0,0,0
0,0,0,2020-02-23 21:00:00,2020-02-23,0,0,0,0,0
0,0,0,2020-02-22 21:00:00,2020-02-22,0,0,0,0,0
0,0,0,2020-02-21 21:00:00,2020-02-21,0,0,0,0,0
0,0,0,2020-02-20 21:00:00,2020-02-20,0,0,0,0,0
0,0,0,2020-02-19 21:00:00,2020-02-19,0,0,0,0,0
0,0,0,2020-02-18 21:00:00,2020-02-18,0,0,0,0,0
0,0,0,2020-02-17 21:00:00,2020-02-17,0,0,0,0,0
0,0,0,2020-02-16 21:00:00,2020-02-16,0,0,0,0,0
0,0,0,2020-02-15 21:00:00,2020-02-15,0,0,0,0,0
0,0,0,2020-02-14 21:00:00,2020-02-14,0,0,0,0,0
0,0,0,2020-02-13 21:00:00,2020-02-13,0,0,0,0,0
0,0,0,2020-02-12 21:00:00,2020-02-12,0,0,0,0,0
0,0,0,2020-02-11 20:30:00,2020-02-11,0,0,0,0,0
0,0,0,2020-02-10 21:00:00,2020-02-10,0,0,0,0,0
0,0,0,2020-02-09 21:00:00,2020-02-09,0,0,0,0,0
0,0,0,2020-02-08 21:00:00,2020-02-08,0,0,0,0,0
0,0,0,2020-02-07 21:00:00,2020-02-07,0,0,0,0,0
0,0,0,2020-02-06 21:00:00,2020-02-06,0,0,0,0,0
0,0,0,2020-02-05 21:00:00,2020-02-05,0,0,0,0,0
0,0,0,2020-02-04 20:00:00,2020-02-04,0,0,0,0,0
0,0,0,2020-02-03 20:00:00,2020-02-03,0,0,0,0,0
0,0,0,2020-02-02 20:00:00,2020-02-02,0,0,0,0,0
0,0,0,2020-02-01 10:00:00,2020-02-01,0,0,0,0,0
0,0,0,2020-01-31 12:30:00,2020-01-31,0,0,0,0,0
0,0,0,2020-01-30 12:00:00,2020-01-30,0,0,0,0,0
0,0,0,2020-01-29 14:00:00,2020-01-29,0,0,0,0,0
0,0,0,2020-01-28 11:30:00,2020-01-28,0,0,0,0,0
0,0,0,2020-01-27 14:00:00,2020-01-27,0,0,0,0,0
0,0,0,2020-01-26 13:00:00,2020-01-26,0,0,0,0,0
0,0,0,2020-01-25 15:00:00,2020-01-25,0,0,0,0,0
0,0,0,2020-01-24 15:00:00,2020-01-24,0,0,0,0,0
0,0,0,2020-01-23 15:00:00,2020-01-23,0,0,0,0,0
0,0,0,2020-01-22 15:00:00,2020-01-22,0,0,0,0,0
0,0,0,2020-01-21 15:00:00,2020-01-21,0,0,0,0,0
