Confirmed,Recovered,Deaths,Date_last_updated_AEDT,date_day,New,DayElapsed,New_death,DayElapsed_death,New_recover
191410,144448,23377,2020-06-24 22:00:00,2020-06-24,6288,98,793,93,4330
185122,140118,22584,2020-06-23 22:00:00,2020-06-23,4577,97,759,92,4839
180545,135279,21825,2020-06-22 22:00:00,2020-06-22,5343,96,1044,91,3593
175202,131686,20781,2020-06-21 22:00:00,2020-06-21,4717,95,387,90,4354
170485,127332,20394,2020-06-20 22:00:00,2020-06-20,5030,94,647,89,4237
165455,123095,19747,2020-06-19 22:00:00,2020-06-19,5662,93,667,88,3740
159793,119355,19080,2020-06-18 22:00:00,2020-06-18,4930,92,770,87,3177
154863,116178,18310,2020-06-17 22:00:00,2020-06-17,4599,91,730,86,3172
150264,113006,17580,2020-06-16 22:00:00,2020-06-16,3427,90,439,85,4896
146837,108110,17141,2020-06-15 22:00:00,2020-06-15,4147,89,269,84,3135
142690,104975,16872,2020-06-14 22:00:00,2020-06-14,3494,88,424,83,3208
139196,101767,16448,2020-06-13 22:00:00,2020-06-13,5222,87,504,82,3703
133974,98064,15944,2020-06-12 22:00:00,2020-06-12,4790,86,587,81,4134
129184,93930,15357,2020-06-11 22:00:00,2020-06-11,4883,85,708,80,3182
124301,90748,14649,2020-06-10 22:00:00,2020-06-10,4199,84,596,79,3115
120102,87633,14053,2020-06-09 22:00:00,2020-06-09,2999,83,354,78,3214
117103,84419,13699,2020-06-08 22:00:00,2020-06-08,3484,82,188,77,2875
113619,81544,13511,2020-06-07 22:00:00,2020-06-07,3593,81,341,76,2954
110026,78590,13170,2020-06-06 22:00:00,2020-06-06,4346,80,625,75,3142
105680,75448,12545,2020-06-05 22:00:00,2020-06-05,4442,79,816,74,2177
101238,73271,11729,2020-06-04 22:00:00,2020-06-04,3912,78,1092,73,2963
97326,70308,10637,2020-06-03 22:00:00,2020-06-03,3891,77,470,72,2817
93435,67491,10167,2020-06-02 22:00:00,2020-06-02,2771,76,237,71,3165
90664,64326,9930,2020-06-01 22:00:00,2020-06-01,3152,75,151,70,2455
87512,61871,9779,2020-05-31 22:00:00,2020-05-31,2885,74,364,69,2261
84627,59610,9415,2020-05-30 22:00:00,2020-05-30,3227,73,371,68,2972
81400,56638,9044,2020-05-29 22:00:00,2020-05-29,3377,72,447,67,2255
78023,54383,8597,2020-05-28 22:00:00,2020-05-28,3463,71,463,66,2164
74560,52219,8134,2020-05-27 22:00:00,2020-05-27,3455,70,501,65,2329
71105,49890,7633,2020-05-26 22:00:00,2020-05-26,2485,69,239,64,2466
68620,47424,7394,2020-05-25 22:00:00,2020-05-25,2764,68,215,63,2505
65856,44919,7179,2020-05-24 22:00:00,2020-05-24,3329,67,190,62,2194
62527,42725,6989,2020-05-23 22:00:00,2020-05-23,2960,66,479,61,2068
59567,40657,6510,2020-05-22 22:00:00,2020-05-22,2973,65,420,60,1781
56594,38876,6090,2020-05-21 22:00:00,2020-05-21,2248,64,424,59,1551
54346,37325,5666,2020-05-20 22:00:00,2020-05-20,2713,63,334,58,1937
51633,35388,5332,2020-05-19 22:00:00,2020-05-19,2414,62,155,57,2059
49219,33329,5177,2020-05-18 22:00:00,2020-05-18,2075,61,132,56,1481
47144,31848,5045,2020-05-17 22:00:00,2020-05-17,2112,60,278,55,1397
45032,30451,4767,2020-05-16 22:00:00,2020-05-16,2437,59,290,54,1976
42595,28475,4477,2020-05-15 22:00:00,2020-05-15,2409,58,257,53,1485
40186,26990,4220,2020-05-14 22:00:00,2020-05-14,1862,57,294,52,1055
38324,25935,3926,2020-05-13 22:00:00,2020-05-13,1997,56,353,51,2835
36327,23100,3573,2020-05-12 22:00:00,2020-05-12,1305,55,108,50,0
35022,23100,3465,2020-05-11 22:00:00,2020-05-11,1562,54,112,49,1276
33460,21824,3353,2020-05-10 22:00:00,2020-05-10,1938,53,193,48,1510
31522,20314,3160,2020-05-09 22:00:00,2020-05-09,1906,52,199,47,2533
29616,17781,2961,2020-05-08 22:00:00,2020-05-08,1982,51,257,46,0
27634,17781,2704,2020-05-07 22:00:00,2020-05-07,1609,50,197,45,971
26025,16810,2507,2020-05-06 22:00:00,2020-05-06,1120,49,236,44,872
24905,15938,2271,2020-05-05 22:00:00,2020-05-05,1434,48,117,43,2491
23471,13447,2154,2020-05-04 22:00:00,2020-05-04,1383,47,93,42,0
22088,13447,2061,2020-05-03 22:00:00,2020-05-03,1349,46,89,41,1070
20739,12377,1972,2020-05-02 22:00:00,2020-05-02,1515,45,113,40,954
19224,11423,1859,2020-05-01 22:00:00,2020-05-01,1425,44,127,39,0
17799,11423,1732,2020-04-30 22:00:00,2020-04-30,1047,43,163,38,0
16752,11423,1569,2020-04-29 22:00:00,2020-04-29,1223,42,135,37,2337
15529,9086,1434,2020-04-28 22:00:00,2020-04-28,852,41,83,36,732
14677,8354,1351,2020-04-27 22:00:00,2020-04-27,835,40,46,35,1205
13842,7149,1305,2020-04-26 22:00:00,2020-04-26,970,39,84,34,0
12872,7149,1221,2020-04-25 22:00:00,2020-04-25,1239,38,152,33,4522
11633,2627,1069,2020-04-24 22:00:00,2020-04-24,1089,37,99,32,0
10544,2627,970,2020-04-23 22:00:00,2020-04-23,1043,36,113,31,0
9501,2627,857,2020-04-22 22:00:00,2020-04-22,729,35,145,30,0
8772,2627,712,2020-04-21 22:00:00,2020-04-21,511,34,26,29,0
8261,2627,686,2020-04-20 22:00:00,2020-04-20,764,33,36,28,0
7497,2627,650,2020-04-19 22:00:00,2020-04-19,622,32,104,27,502
6875,2125,546,2020-04-18 22:00:00,2020-04-18,578,31,60,26,0
6297,2125,486,2020-04-17 22:00:00,2020-04-17,450,30,37,25,0
5847,2125,449,2020-04-16 22:00:00,2020-04-16,448,29,43,24,0
5399,2125,406,2020-04-15 22:00:00,2020-04-15,385,28,74,23,161
5014,1964,332,2020-04-14 22:00:00,2020-04-14,353,27,36,22,121
4661,1843,296,2020-04-13 22:00:00,2020-04-13,442,26,23,21,71
4219,1772,273,2020-04-12 22:00:00,2020-04-12,375,25,40,20,1139
3844,633,233,2020-04-11 22:00:00,2020-04-11,403,24,39,19,0
3441,633,194,2020-04-10 22:00:00,2020-04-10,260,23,20,18,0
3181,633,174,2020-04-09 22:00:00,2020-04-09,396,22,33,17,0
2785,633,141,2020-04-08 22:00:00,2020-04-08,346,21,16,16,0
2439,633,125,2020-04-07 22:00:00,2020-04-07,296,20,31,15,0
2143,633,94,2020-04-06 22:00:00,2020-04-06,253,19,15,14,0
1890,633,79,2020-04-05 22:00:00,2020-04-05,202,18,19,13,0
1688,633,60,2020-04-04 21:00:00,2020-04-04,178,17,10,12,0
1510,633,50,2020-04-03 21:00:00,2020-04-03,132,16,13,11,598
1378,35,37,2020-04-02 21:00:00,2020-04-02,163,15,8,10,0
1215,35,29,2020-04-01 21:00:00,2020-04-01,121,14,1,9,0
1094,35,28,2020-03-31 21:00:00,2020-03-31,101,13,8,8,0
993,35,20,2020-03-30 21:00:00,2020-03-30,145,12,4,7,31
848,4,16,2020-03-29 21:00:00,2020-03-29,131,11,4,6,0
717,4,12,2020-03-28 21:00:00,2020-03-28,132,10,4,5,0
585,4,8,2020-03-27 21:10:00,2020-03-27,110,9,2,4,0
475,4,6,2020-03-26 22:20:00,2020-03-26,70,8,1,3,0
405,4,5,2020-03-25 23:20:00,2020-03-25,38,7,1,2,0
367,4,4,2020-03-24 21:20:00,2020-03-24,51,6,2,1,0
316,4,2,2020-03-23 21:40:00,2020-03-23,65,5,0,0,0
251,4,2,2020-03-22 21:00:00,2020-03-22,48,4,0,0,0
203,4,2,2020-03-21 21:00:00,2020-03-21,39,3,1,0,0
164,4,1,2020-03-20 21:20:00,2020-03-20,46,2,0,0,0
118,4,1,2020-03-19 21:30:00,2020-03-19,25,1,1,0,0
93,4,0,2020-03-18 22:00:00,2020-03-18,11,0,0,0,0
82,4,0,2020-03-17 21:00:00,2020-03-17,29,0,0,0,0
53,4,0,2020-03-16 21:00:00,2020-03-16,12,0,0,0,0
41,4,0,2020-03-15 21:00:00,2020-03-15,26,0,0,0,0
15,4,0,2020-03-14 21:00:00,2020-03-14,3,0,0,0,0
12,4,0,2020-03-13 21:00:00,2020-03-13,0,0,0,0,0
12,4,0,2020-03-12 21:00:00,2020-03-12,5,0,0,0,0
7,4,0,2020-03-11 21:00:00,2020-03-11,0,0,0,0,0
7,4,0,2020-03-10 21:00:00,2020-03-10,0,0,0,0,3
7,1,0,2020-03-09 21:00:00,2020-03-09,0,0,0,0,0
7,1,0,2020-03-08 21:00:00,2020-03-08,1,0,0,0,0
6,1,0,2020-03-07 21:00:00,2020-03-07,0,0,0,0,0
6,1,0,2020-03-06 21:00:00,2020-03-06,0,0,0,0,0
6,1,0,2020-03-05 21:00:00,2020-03-05,0,0,0,0,1
6,0,0,2020-03-04 21:00:00,2020-03-04,0,0,0,0,0
6,0,0,2020-03-03 21:00:00,2020-03-03,1,0,0,0,0
5,0,0,2020-03-02 21:00:00,2020-03-02,1,0,0,0,0
4,0,0,2020-03-01 21:00:00,2020-03-01,1,0,0,0,0
3,0,0,2020-02-29 21:00:00,2020-02-29,3,0,0,0,0
0,0,0,2020-02-28 21:00:00,2020-02-28,0,0,0,0,0
0,0,0,2020-02-27 21:00:00,2020-02-27,0,0,0,0,0
0,0,0,2020-02-26 21:00:00,2020-02-26,0,0,0,0,0
0,0,0,2020-02-25 21:00:00,2020-02-25,0,0,0,0,0
0,0,0,2020-02-24 21:00:00,2020-02-24,0,0,0,0,0
0,0,0,2020-02-23 21:00:00,2020-02-23,0,0,0,0,0
0,0,0,2020-02-22 21:00:00,2020-02-22,0,0,0,0,0
0,0,0,2020-02-21 21:00:00,2020-02-21,0,0,0,0,0
0,0,0,2020-02-20 21:00:00,2020-02-20,0,0,0,0,0
0,0,0,2020-02-19 21:00:00,2020-02-19,0,0,0,0,0
0,0,0,2020-02-18 21:00:00,2020-02-18,0,0,0,0,0
0,0,0,2020-02-17 21:00:00,2020-02-17,0,0,0,0,0
0,0,0,2020-02-16 21:00:00,2020-02-16,0,0,0,0,0
0,0,0,2020-02-15 21:00:00,2020-02-15,0,0,0,0,0
0,0,0,2020-02-14 21:00:00,2020-02-14,0,0,0,0,0
0,0,0,2020-02-13 21:00:00,2020-02-13,0,0,0,0,0
0,0,0,2020-02-12 21:00:00,2020-02-12,0,0,0,0,0
0,0,0,2020-02-11 20:30:00,2020-02-11,0,0,0,0,0
0,0,0,2020-02-10 21:00:00,2020-02-10,0,0,0,0,0
0,0,0,2020-02-09 21:00:00,2020-02-09,0,0,0,0,0
0,0,0,2020-02-08 21:00:00,2020-02-08,0,0,0,0,0
0,0,0,2020-02-07 21:00:00,2020-02-07,0,0,0,0,0
0,0,0,2020-02-06 21:00:00,2020-02-06,0,0,0,0,0
0,0,0,2020-02-05 21:00:00,2020-02-05,0,0,0,0,0
0,0,0,2020-02-04 20:00:00,2020-02-04,0,0,0,0,0
0,0,0,2020-02-03 20:00:00,2020-02-03,0,0,0,0,0
0,0,0,2020-02-02 20:00:00,2020-02-02,0,0,0,0,0
0,0,0,2020-02-01 10:00:00,2020-02-01,0,0,0,0,0
0,0,0,2020-01-31 12:30:00,2020-01-31,0,0,0,0,0
0,0,0,2020-01-30 12:00:00,2020-01-30,0,0,0,0,0
0,0,0,2020-01-29 14:00:00,2020-01-29,0,0,0,0,0
0,0,0,2020-01-28 11:30:00,2020-01-28,0,0,0,0,0
0,0,0,2020-01-27 14:00:00,2020-01-27,0,0,0,0,0
0,0,0,2020-01-26 13:00:00,2020-01-26,0,0,0,0,0
0,0,0,2020-01-25 15:00:00,2020-01-25,0,0,0,0,0
0,0,0,2020-01-24 15:00:00,2020-01-24,0,0,0,0,0
0,0,0,2020-01-23 15:00:00,2020-01-23,0,0,0,0,0
0,0,0,2020-01-22 15:00:00,2020-01-22,0,0,0,0,0
0,0,0,2020-01-21 15:00:00,2020-01-21,0,0,0,0,0
