Confirmed,Recovered,Deaths,Date_last_updated_AEDT,date_day,New,DayElapsed,New_death,DayElapsed_death,New_recover
19382,12793,642,2020-07-13 22:00:00,2020-07-13,174,112,1,104,126
19208,12667,641,2020-07-12 22:00:00,2020-07-12,284,111,6,103,211
18924,12456,635,2020-07-11 22:00:00,2020-07-11,258,110,8,102,268
18666,12188,627,2020-07-10 22:00:00,2020-07-10,195,109,13,101,639
18471,11549,614,2020-07-09 22:00:00,2020-07-09,330,108,11,100,308
18141,11241,603,2020-07-08 22:00:00,2020-07-08,235,107,5,99,0
17906,11241,598,2020-07-07 22:00:00,2020-07-07,92,106,13,98,523
17814,10718,585,2020-07-06 22:00:00,2020-07-06,142,105,3,97,0
17672,10718,582,2020-07-05 22:00:00,2020-07-05,227,104,6,96,625
17445,10093,576,2020-07-04 22:00:00,2020-07-04,295,103,16,95,247
17150,9846,560,2020-07-03 22:00:00,2020-07-03,252,102,11,94,252
16898,9594,549,2020-07-02 22:00:00,2020-07-02,285,101,4,93,212
16613,9382,545,2020-07-01 22:00:00,2020-07-01,256,100,4,92,0
16357,9382,541,2020-06-30 22:00:00,2020-06-30,107,99,11,91,301
16250,9081,530,2020-06-29 22:00:00,2020-06-29,170,98,4,90,0
16080,9081,526,2020-06-28 22:00:00,2020-06-28,304,97,11,89,316
15776,8765,515,2020-06-27 22:00:00,2020-06-27,323,96,13,88,166
15453,8599,502,2020-06-26 22:00:00,2020-06-26,375,95,0,87,0
15078,8599,502,2020-06-25 22:00:00,2020-06-25,364,94,12,86,387
14714,8212,490,2020-06-24 22:00:00,2020-06-24,351,93,6,85,193
14363,8019,484,2020-06-23 22:00:00,2020-06-23,163,92,9,84,0
14200,8019,475,2020-06-22 22:00:00,2020-06-22,247,91,11,83,274
13953,7745,464,2020-06-21 22:00:00,2020-06-21,397,90,6,82,0
13556,7745,458,2020-06-20 22:00:00,2020-06-20,450,89,9,81,220
13106,7525,449,2020-06-19 22:00:00,2020-06-19,374,88,11,80,273
12732,7252,438,2020-06-18 22:00:00,2020-06-18,478,87,11,79,175
12254,7077,427,2020-06-17 22:00:00,2020-06-17,375,86,10,78,176
11879,6901,417,2020-06-16 22:00:00,2020-06-16,139,85,11,77,278
11740,6623,406,2020-06-15 22:00:00,2020-06-15,281,84,8,76,202
11459,6421,398,2020-06-14 22:00:00,2020-06-14,366,83,3,75,0
11093,6421,395,2020-06-13 22:00:00,2020-06-13,366,82,13,74,192
10727,6229,382,2020-06-12 22:00:00,2020-06-12,406,81,11,73,157
10321,6072,371,2020-06-11 22:00:00,2020-06-11,296,80,4,72,142
10025,5930,367,2020-06-10 22:00:00,2020-06-10,218,79,8,71,133
9807,5797,359,2020-06-09 22:00:00,2020-06-09,107,78,13,70,59
9700,5738,346,2020-06-08 22:00:00,2020-06-08,189,77,11,69,100
9511,5638,335,2020-06-07 22:00:00,2020-06-07,264,76,9,68,188
9247,5450,326,2020-06-06 22:00:00,2020-06-06,229,75,9,67,210
9018,5240,317,2020-06-05 22:00:00,2020-06-05,223,74,3,66,231
8795,5009,314,2020-06-04 22:00:00,2020-06-04,247,73,5,65,146
8548,4863,309,2020-06-03 22:00:00,2020-06-03,188,72,2,64,125
8360,4738,307,2020-06-02 22:00:00,2020-06-02,109,71,12,63,157
8251,4581,295,2020-06-01 22:00:00,2020-06-01,153,70,1,62,0
8098,4581,294,2020-05-31 22:00:00,2020-05-31,202,69,5,61,126
7896,4455,289,2020-05-30 22:00:00,2020-05-30,171,68,7,60,332
7725,4123,282,2020-05-29 22:00:00,2020-05-29,188,67,6,59,0
7537,4123,276,2020-05-28 22:00:00,2020-05-28,232,66,9,58,239
7305,3884,267,2020-05-27 22:00:00,2020-05-27,158,65,6,57,82
7147,3802,261,2020-05-26 22:00:00,2020-05-26,54,64,11,56,89
7093,3713,250,2020-05-25 22:00:00,2020-05-25,99,63,0,55,0
6994,3713,250,2020-05-24 22:00:00,2020-05-24,147,62,13,54,344
6847,3369,237,2020-05-23 22:00:00,2020-05-23,143,61,4,53,416
6704,2953,233,2020-05-22 22:00:00,2020-05-22,151,60,5,52,0
6553,2953,228,2020-05-21 22:00:00,2020-05-21,213,59,7,51,445
6340,2508,221,2020-05-20 22:00:00,2020-05-20,202,58,4,50,83
6138,2425,217,2020-05-19 22:00:00,2020-05-19,78,57,6,49,81
6060,2344,211,2020-05-18 22:00:00,2020-05-18,126,56,4,48,0
5934,2344,207,2020-05-17 22:00:00,2020-05-17,189,55,5,47,116
5745,2228,202,2020-05-16 22:00:00,2020-05-16,192,54,8,46,0
5553,2228,194,2020-05-15 22:00:00,2020-05-15,147,53,9,45,52
5406,2176,185,2020-05-14 22:00:00,2020-05-14,252,52,3,44,107
5154,2069,182,2020-05-13 22:00:00,2020-05-13,159,51,7,43,89
4995,1980,175,2020-05-12 22:00:00,2020-05-12,68,50,4,42,0
4927,1980,171,2020-05-11 22:00:00,2020-05-11,60,49,10,41,55
4867,1925,161,2020-05-10 22:00:00,2020-05-10,139,48,2,40,0
4728,1925,159,2020-05-09 22:00:00,2020-05-09,123,47,14,39,178
4605,1747,145,2020-05-08 22:00:00,2020-05-08,129,46,0,38,0
4476,1747,145,2020-05-07 22:00:00,2020-05-07,113,45,9,37,203
4363,1544,136,2020-05-06 22:00:00,2020-05-06,115,44,3,36,0
4248,1544,133,2020-05-05 22:00:00,2020-05-05,127,43,5,35,121
4121,1423,128,2020-05-04 22:00:00,2020-05-04,69,42,4,34,89
4052,1334,124,2020-05-03 22:00:00,2020-05-03,72,41,2,33,62
3980,1272,122,2020-05-02 22:00:00,2020-05-02,83,40,0,32,0
3897,1272,122,2020-05-01 22:00:00,2020-05-01,126,39,6,31,90
3771,1182,116,2020-04-30 22:00:00,2020-04-30,133,38,9,30,207
3638,975,107,2020-04-29 22:00:00,2020-04-29,157,37,5,29,50
3481,925,102,2020-04-28 22:00:00,2020-04-28,73,36,1,28,0
3408,925,101,2020-04-27 22:00:00,2020-04-27,104,35,7,27,100
3304,825,94,2020-04-26 22:00:00,2020-04-26,194,34,7,26,0
3110,825,87,2020-04-25 22:00:00,2020-04-25,184,33,7,25,70
2926,755,80,2020-04-24 22:00:00,2020-04-24,148,32,4,24,94
2778,661,76,2020-04-23 22:00:00,2020-04-23,164,31,3,23,101
2614,560,73,2020-04-22 22:00:00,2020-04-22,66,30,1,22,55
2548,505,72,2020-04-21 22:00:00,2020-04-21,76,29,4,21,48
2472,457,68,2020-04-20 22:00:00,2020-04-20,121,28,7,20,0
2351,457,61,2020-04-19 22:00:00,2020-04-19,87,27,5,19,66
2264,391,56,2020-04-18 22:00:00,2020-04-18,110,26,2,18,115
2154,276,54,2020-04-17 22:00:00,2020-04-17,105,25,3,17,41
2049,235,51,2020-04-16 22:00:00,2020-04-16,115,24,8,16,64
1934,171,43,2020-04-15 22:00:00,2020-04-15,87,23,7,15,37
1847,134,36,2020-04-14 22:00:00,2020-04-14,185,22,1,14,27
1662,107,35,2020-04-13 22:00:00,2020-04-13,102,21,5,13,32
1560,75,30,2020-04-12 22:00:00,2020-04-12,122,20,1,12,0
1438,75,29,2020-04-11 22:00:00,2020-04-11,149,19,0,11,19
1289,56,29,2020-04-10 22:00:00,2020-04-10,115,18,1,10,13
1174,43,28,2020-04-09 22:00:00,2020-04-09,118,17,4,9,3
1056,40,24,2020-04-08 22:00:00,2020-04-08,91,16,3,8,0
965,40,21,2020-04-07 22:00:00,2020-04-07,101,15,4,7,3
864,37,17,2020-04-06 22:00:00,2020-04-06,112,14,3,6,7
752,30,14,2020-04-05 22:00:00,2020-04-05,161,13,6,5,4
591,26,8,2020-04-04 21:00:00,2020-04-04,86,12,2,4,3
505,23,6,2020-04-03 21:00:00,2020-04-03,82,11,1,3,0
423,23,5,2020-04-02 21:00:00,2020-04-02,70,10,1,2,1
353,22,4,2020-04-01 21:00:00,2020-04-01,55,9,2,1,4
298,18,2,2020-03-31 21:00:00,2020-03-31,35,8,0,0,5
263,13,2,2020-03-30 21:00:00,2020-03-30,32,7,0,0,11
231,2,2,2020-03-29 21:00:00,2020-03-29,32,6,0,0,0
199,2,2,2020-03-28 21:00:00,2020-03-28,22,5,0,0,0
177,2,2,2020-03-27 21:10:00,2020-03-27,28,4,1,0,0
149,2,1,2020-03-26 22:20:00,2020-03-26,24,3,0,0,0
125,2,1,2020-03-25 23:20:00,2020-03-25,16,2,0,0,0
109,2,1,2020-03-24 21:20:00,2020-03-24,15,1,0,0,0
94,2,1,2020-03-23 21:40:00,2020-03-23,14,0,0,0,1
80,1,1,2020-03-22 21:00:00,2020-03-22,14,0,0,0,0
66,1,1,2020-03-21 21:00:00,2020-03-21,17,0,0,0,0
49,1,1,2020-03-20 21:20:00,2020-03-20,13,0,0,0,0
36,1,1,2020-03-19 21:30:00,2020-03-19,6,0,0,0,0
30,1,1,2020-03-18 22:00:00,2020-03-18,1,0,1,0,0
29,1,0,2020-03-17 21:00:00,2020-03-17,6,0,0,0,1
23,0,0,2020-03-16 21:00:00,2020-03-16,11,0,0,0,0
12,0,0,2020-03-15 21:00:00,2020-03-15,6,0,0,0,0
6,0,0,2020-03-14 21:00:00,2020-03-14,0,0,0,0,0
6,0,0,2020-03-13 21:00:00,2020-03-13,3,0,0,0,0
3,0,0,2020-03-12 21:00:00,2020-03-12,0,0,0,0,0
3,0,0,2020-03-11 21:00:00,2020-03-11,2,0,0,0,0
1,0,0,2020-03-10 21:00:00,2020-03-10,0,0,0,0,0
1,0,0,2020-03-09 21:00:00,2020-03-09,0,0,0,0,0
1,0,0,2020-03-08 21:00:00,2020-03-08,1,0,0,0,0
0,0,0,2020-03-07 21:00:00,2020-03-07,0,0,0,0,0
0,0,0,2020-03-06 21:00:00,2020-03-06,0,0,0,0,0
0,0,0,2020-03-05 21:00:00,2020-03-05,0,0,0,0,0
0,0,0,2020-03-04 21:00:00,2020-03-04,0,0,0,0,0
0,0,0,2020-03-03 21:00:00,2020-03-03,0,0,0,0,0
0,0,0,2020-03-02 21:00:00,2020-03-02,0,0,0,0,0
0,0,0,2020-03-01 21:00:00,2020-03-01,0,0,0,0,0
0,0,0,2020-02-29 21:00:00,2020-02-29,0,0,0,0,0
0,0,0,2020-02-28 21:00:00,2020-02-28,0,0,0,0,0
0,0,0,2020-02-27 21:00:00,2020-02-27,0,0,0,0,0
0,0,0,2020-02-26 21:00:00,2020-02-26,0,0,0,0,0
0,0,0,2020-02-25 21:00:00,2020-02-25,0,0,0,0,0
0,0,0,2020-02-24 21:00:00,2020-02-24,0,0,0,0,0
0,0,0,2020-02-23 21:00:00,2020-02-23,0,0,0,0,0
0,0,0,2020-02-22 21:00:00,2020-02-22,0,0,0,0,0
0,0,0,2020-02-21 21:00:00,2020-02-21,0,0,0,0,0
0,0,0,2020-02-20 21:00:00,2020-02-20,0,0,0,0,0
0,0,0,2020-02-19 21:00:00,2020-02-19,0,0,0,0,0
0,0,0,2020-02-18 21:00:00,2020-02-18,0,0,0,0,0
0,0,0,2020-02-17 21:00:00,2020-02-17,0,0,0,0,0
0,0,0,2020-02-16 21:00:00,2020-02-16,0,0,0,0,0
0,0,0,2020-02-15 21:00:00,2020-02-15,0,0,0,0,0
0,0,0,2020-02-14 21:00:00,2020-02-14,0,0,0,0,0
0,0,0,2020-02-13 21:00:00,2020-02-13,0,0,0,0,0
0,0,0,2020-02-12 21:00:00,2020-02-12,0,0,0,0,0
0,0,0,2020-02-11 20:30:00,2020-02-11,0,0,0,0,0
0,0,0,2020-02-10 21:00:00,2020-02-10,0,0,0,0,0
0,0,0,2020-02-09 21:00:00,2020-02-09,0,0,0,0,0
0,0,0,2020-02-08 21:00:00,2020-02-08,0,0,0,0,0
0,0,0,2020-02-07 21:00:00,2020-02-07,0,0,0,0,0
0,0,0,2020-02-06 21:00:00,2020-02-06,0,0,0,0,0
0,0,0,2020-02-05 21:00:00,2020-02-05,0,0,0,0,0
0,0,0,2020-02-04 20:00:00,2020-02-04,0,0,0,0,0
0,0,0,2020-02-03 20:00:00,2020-02-03,0,0,0,0,0
0,0,0,2020-02-02 20:00:00,2020-02-02,0,0,0,0,0
0,0,0,2020-02-01 10:00:00,2020-02-01,0,0,0,0,0
0,0,0,2020-01-31 12:30:00,2020-01-31,0,0,0,0,0
0,0,0,2020-01-30 12:00:00,2020-01-30,0,0,0,0,0
0,0,0,2020-01-29 14:00:00,2020-01-29,0,0,0,0,0
0,0,0,2020-01-28 11:30:00,2020-01-28,0,0,0,0,0
0,0,0,2020-01-27 14:00:00,2020-01-27,0,0,0,0,0
0,0,0,2020-01-26 13:00:00,2020-01-26,0,0,0,0,0
0,0,0,2020-01-25 15:00:00,2020-01-25,0,0,0,0,0
0,0,0,2020-01-24 15:00:00,2020-01-24,0,0,0,0,0
0,0,0,2020-01-23 15:00:00,2020-01-23,0,0,0,0,0
0,0,0,2020-01-22 15:00:00,2020-01-22,0,0,0,0,0
0,0,0,2020-01-21 15:00:00,2020-01-21,0,0,0,0,0
