Confirmed,Recovered,Deaths,Date_last_updated_AEDT,date_day,New,DayElapsed,New_death,DayElapsed_death,New_recover
18374,12947,44,2020-07-24 22:00:00,2020-07-24,133,78,1,65,107
18241,12840,43,2020-07-23 22:00:00,2020-07-23,147,77,1,64,156
18094,12684,42,2020-07-22 22:00:00,2020-07-22,250,76,2,63,816
17844,11868,40,2020-07-21 22:00:00,2020-07-21,0,75,0,62,0
17844,11868,40,2020-07-20 22:00:00,2020-07-20,342,74,0,61,231
17502,11637,40,2020-07-19 22:00:00,2020-07-19,0,73,0,60,0
17502,11637,40,2020-07-18 22:00:00,2020-07-18,158,72,1,59,388
17344,11249,39,2020-07-17 22:00:00,2020-07-17,0,71,0,58,0
17344,11249,39,2020-07-16 22:00:00,2020-07-16,167,70,0,57,224
17177,11025,39,2020-07-15 22:00:00,2020-07-15,232,69,1,56,731
16945,10294,38,2020-07-14 22:00:00,2020-07-14,0,68,0,55,0
16945,10294,38,2020-07-13 22:00:00,2020-07-13,226,67,0,54,1852
16719,8442,38,2020-07-12 22:00:00,2020-07-12,0,66,0,53,0
16719,8442,38,2020-07-11 22:00:00,2020-07-11,70,65,3,52,431
16649,8011,35,2020-07-10 22:00:00,2020-07-10,118,64,0,51,120
16531,7891,35,2020-07-09 22:00:00,2020-07-09,108,63,0,50,139
16423,7752,35,2020-07-08 22:00:00,2020-07-08,255,62,0,49,253
16168,7499,35,2020-07-07 22:00:00,2020-07-07,204,61,0,48,688
15964,6811,35,2020-07-06 22:00:00,2020-07-06,180,60,1,47,264
15784,6547,34,2020-07-05 22:00:00,2020-07-05,525,59,2,46,404
15259,6143,32,2020-07-04 22:00:00,2020-07-04,0,58,0,45,0
15259,6143,32,2020-07-03 22:00:00,2020-07-03,740,57,1,44,823
14519,5320,31,2020-07-02 22:00:00,2020-07-02,473,56,1,43,664
14046,4656,30,2020-07-01 22:00:00,2020-07-01,482,55,1,42,1462
13564,3194,29,2020-06-30 22:00:00,2020-06-30,316,54,0,41,60
13248,3134,29,2020-06-29 22:00:00,2020-06-29,476,53,1,40,121
12772,3013,28,2020-06-28 22:00:00,2020-06-28,463,52,0,39,179
12309,2834,28,2020-06-27 22:00:00,2020-06-27,554,51,1,38,136
11755,2698,27,2020-06-26 22:00:00,2020-06-26,593,50,1,37,48
11162,2650,26,2020-06-25 22:00:00,2020-06-25,434,49,2,36,312
10728,2338,24,2020-06-24 22:00:00,2020-06-24,629,48,0,35,114
10099,2224,24,2020-06-23 22:00:00,2020-06-23,538,47,1,34,82
9561,2142,23,2020-06-22 22:00:00,2020-06-22,535,46,0,33,370
9026,1772,23,2020-06-21 22:00:00,2020-06-21,421,45,1,32,194
8605,1578,22,2020-06-20 22:00:00,2020-06-20,331,44,0,31,176
8274,1402,22,2020-06-19 22:00:00,2020-06-19,1097,43,2,30,235
7177,1167,20,2020-06-18 22:00:00,2020-06-18,0,42,0,29,0
7177,1167,20,2020-06-17 22:00:00,2020-06-17,586,41,1,28,9
6591,1158,19,2020-06-16 22:00:00,2020-06-16,380,40,0,27,117
6211,1041,19,2020-06-15 22:00:00,2020-06-15,451,39,0,26,67
5760,974,19,2020-06-14 22:00:00,2020-06-14,698,38,3,25,97
5062,877,16,2020-06-13 22:00:00,2020-06-13,0,37,0,24,0
5062,877,16,2020-06-12 22:00:00,2020-06-12,448,36,1,23,16
4614,861,15,2020-06-11 22:00:00,2020-06-11,250,35,0,22,187
4364,674,15,2020-06-10 22:00:00,2020-06-10,278,34,0,21,90
4086,584,15,2020-06-09 22:00:00,2020-06-09,324,33,1,20,96
3762,488,14,2020-06-08 22:00:00,2020-06-08,314,32,1,19,21
3448,467,13,2020-06-07 22:00:00,2020-06-07,213,31,0,18,102
3235,365,13,2020-06-06 22:00:00,2020-06-06,323,30,2,17,32
2912,333,11,2020-06-05 22:00:00,2020-06-05,278,29,1,16,43
2634,290,10,2020-06-04 22:00:00,2020-06-04,334,28,1,15,12
2300,278,9,2020-06-03 22:00:00,2020-06-03,201,27,1,14,12
2099,266,8,2020-06-02 22:00:00,2020-06-02,301,26,0,13,45
1798,221,8,2020-06-01 22:00:00,2020-06-01,231,25,0,12,1
1567,220,8,2020-05-31 22:00:00,2020-05-31,166,24,2,11,1
1401,219,6,2020-05-30 22:00:00,2020-05-30,189,23,0,10,13
1212,206,6,2020-05-29 22:00:00,2020-05-29,170,22,1,9,19
1042,187,5,2020-05-28 22:00:00,2020-05-28,156,21,1,8,4
886,183,4,2020-05-27 22:00:00,2020-05-27,114,20,0,7,28
772,155,4,2020-05-26 22:00:00,2020-05-26,90,19,0,6,43
682,112,4,2020-05-25 22:00:00,2020-05-25,79,18,1,5,25
603,87,3,2020-05-24 22:00:00,2020-05-24,19,17,0,4,17
584,70,3,2020-05-23 22:00:00,2020-05-23,77,16,0,3,0
507,70,3,2020-05-22 22:00:00,2020-05-22,54,15,0,2,21
453,49,3,2020-05-21 22:00:00,2020-05-21,26,14,1,1,4
427,45,2,2020-05-20 22:00:00,2020-05-20,25,13,0,0,8
402,37,2,2020-05-19 22:00:00,2020-05-19,45,12,0,0,1
357,36,2,2020-05-18 22:00:00,2020-05-18,65,11,0,0,0
292,36,2,2020-05-17 22:00:00,2020-05-17,14,10,2,0,0
278,36,0,2020-05-16 22:00:00,2020-05-16,20,9,0,0,0
258,36,0,2020-05-15 22:00:00,2020-05-15,12,8,0,0,1
246,35,0,2020-05-14 22:00:00,2020-05-14,27,7,0,0,0
219,35,0,2020-05-13 22:00:00,2020-05-13,28,6,0,0,2
191,33,0,2020-05-12 22:00:00,2020-05-12,70,5,0,0,0
121,33,0,2020-05-11 22:00:00,2020-05-11,11,4,0,0,2
110,31,0,2020-05-10 22:00:00,2020-05-10,1,3,0,0,0
109,31,0,2020-05-09 22:00:00,2020-05-09,7,2,0,0,1
102,30,0,2020-05-08 22:00:00,2020-05-08,3,1,0,0,8
99,22,0,2020-05-07 22:00:00,2020-05-07,0,0,0,0,0
99,22,0,2020-05-06 22:00:00,2020-05-06,17,0,0,0,6
82,16,0,2020-05-05 22:00:00,2020-05-05,7,0,0,0,0
75,16,0,2020-05-04 22:00:00,2020-05-04,6,0,0,0,0
69,16,0,2020-05-03 22:00:00,2020-05-03,10,0,0,0,0
59,16,0,2020-05-02 22:00:00,2020-05-02,0,0,0,0,0
59,16,0,2020-05-01 22:00:00,2020-05-01,2,0,0,0,0
57,16,0,2020-04-30 22:00:00,2020-04-30,0,0,0,0,0
57,16,0,2020-04-29 22:00:00,2020-04-29,3,0,0,0,0
54,16,0,2020-04-28 22:00:00,2020-04-28,2,0,0,0,0
52,16,0,2020-04-27 22:00:00,2020-04-27,1,0,0,0,0
51,16,0,2020-04-26 22:00:00,2020-04-26,2,0,0,0,4
49,12,0,2020-04-25 22:00:00,2020-04-25,1,0,0,0,2
48,10,0,2020-04-24 22:00:00,2020-04-24,1,0,0,0,1
47,9,0,2020-04-23 22:00:00,2020-04-23,2,0,0,0,2
45,7,0,2020-04-22 22:00:00,2020-04-22,13,0,0,0,3
32,4,0,2020-04-21 22:00:00,2020-04-21,1,0,0,0,0
31,4,0,2020-04-20 22:00:00,2020-04-20,0,0,0,0,0
31,4,0,2020-04-19 22:00:00,2020-04-19,1,0,0,0,2
30,2,0,2020-04-18 22:00:00,2020-04-18,14,0,0,0,0
16,2,0,2020-04-17 22:00:00,2020-04-17,0,0,0,0,1
16,1,0,2020-04-16 22:00:00,2020-04-16,0,0,0,0,0
16,1,0,2020-04-15 22:00:00,2020-04-15,0,0,0,0,0
16,1,0,2020-04-14 22:00:00,2020-04-14,2,0,0,0,0
14,1,0,2020-04-13 22:00:00,2020-04-13,2,0,0,0,0
12,1,0,2020-04-12 22:00:00,2020-04-12,3,0,0,0,0
9,1,0,2020-04-11 22:00:00,2020-04-11,0,0,0,0,0
9,1,0,2020-04-10 22:00:00,2020-04-10,0,0,0,0,0
9,1,0,2020-04-09 22:00:00,2020-04-09,0,0,0,0,0
9,1,0,2020-04-08 22:00:00,2020-04-08,0,0,0,0,0
9,1,0,2020-04-07 22:00:00,2020-04-07,0,0,0,0,0
9,1,0,2020-04-06 22:00:00,2020-04-06,0,0,0,0,0
9,1,0,2020-04-05 22:00:00,2020-04-05,0,0,0,0,0
9,1,0,2020-04-04 21:00:00,2020-04-04,2,0,0,0,0
7,1,0,2020-04-03 21:00:00,2020-04-03,2,0,0,0,0
5,1,0,2020-04-02 21:00:00,2020-04-02,0,0,0,0,0
5,1,0,2020-04-01 21:00:00,2020-04-01,0,0,0,0,0
5,1,0,2020-03-31 21:00:00,2020-03-31,0,0,0,0,0
5,1,0,2020-03-30 21:00:00,2020-03-30,0,0,0,0,0
5,1,0,2020-03-29 21:00:00,2020-03-29,1,0,0,0,0
4,1,0,2020-03-28 21:00:00,2020-03-28,1,0,0,0,0
3,1,0,2020-03-27 21:10:00,2020-03-27,0,0,0,0,0
3,1,0,2020-03-26 22:20:00,2020-03-26,0,0,0,0,0
3,1,0,2020-03-25 23:20:00,2020-03-25,1,0,0,0,0
2,1,0,2020-03-24 21:20:00,2020-03-24,0,0,0,0,0
2,1,0,2020-03-23 21:40:00,2020-03-23,1,0,0,0,0
1,1,0,2020-03-22 21:00:00,2020-03-22,0,0,0,0,0
1,1,0,2020-03-21 21:00:00,2020-03-21,0,0,0,0,0
1,1,0,2020-03-20 21:20:00,2020-03-20,0,0,0,0,0
1,1,0,2020-03-19 21:30:00,2020-03-19,0,0,0,0,0
1,1,0,2020-03-18 22:00:00,2020-03-18,0,0,0,0,0
1,1,0,2020-03-17 21:00:00,2020-03-17,0,0,0,0,0
1,1,0,2020-03-16 21:00:00,2020-03-16,0,0,0,0,0
1,1,0,2020-03-15 21:00:00,2020-03-15,0,0,0,0,0
1,1,0,2020-03-14 21:00:00,2020-03-14,0,0,0,0,0
1,1,0,2020-03-13 21:00:00,2020-03-13,0,0,0,0,0
1,1,0,2020-03-12 21:00:00,2020-03-12,0,0,0,0,0
1,1,0,2020-03-11 21:00:00,2020-03-11,0,0,0,0,0
1,1,0,2020-03-10 21:00:00,2020-03-10,0,0,0,0,0
1,1,0,2020-03-09 21:00:00,2020-03-09,0,0,0,0,0
1,1,0,2020-03-08 21:00:00,2020-03-08,0,0,0,0,0
1,1,0,2020-03-07 21:00:00,2020-03-07,0,0,0,0,0
1,1,0,2020-03-06 21:00:00,2020-03-06,0,0,0,0,0
1,1,0,2020-03-05 21:00:00,2020-03-05,0,0,0,0,0
1,1,0,2020-03-04 21:00:00,2020-03-04,0,0,0,0,0
1,1,0,2020-03-03 21:00:00,2020-03-03,0,0,0,0,0
1,1,0,2020-03-02 21:00:00,2020-03-02,0,0,0,0,0
1,1,0,2020-03-01 21:00:00,2020-03-01,0,0,0,0,0
1,1,0,2020-02-29 21:00:00,2020-02-29,0,0,0,0,0
1,1,0,2020-02-28 21:00:00,2020-02-28,0,0,0,0,0
1,1,0,2020-02-27 21:00:00,2020-02-27,0,0,0,0,0
1,1,0,2020-02-26 21:00:00,2020-02-26,0,0,0,0,0
1,1,0,2020-02-25 21:00:00,2020-02-25,0,0,0,0,0
1,1,0,2020-02-24 21:00:00,2020-02-24,0,0,0,0,0
1,1,0,2020-02-23 21:00:00,2020-02-23,0,0,0,0,0
1,1,0,2020-02-22 21:00:00,2020-02-22,0,0,0,0,0
1,1,0,2020-02-21 21:00:00,2020-02-21,0,0,0,0,0
1,1,0,2020-02-20 21:00:00,2020-02-20,0,0,0,0,0
1,1,0,2020-02-19 21:00:00,2020-02-19,0,0,0,0,0
1,1,0,2020-02-18 21:00:00,2020-02-18,0,0,0,0,0
1,1,0,2020-02-17 21:00:00,2020-02-17,0,0,0,0,0
1,1,0,2020-02-16 21:00:00,2020-02-16,0,0,0,0,0
1,1,0,2020-02-15 21:00:00,2020-02-15,0,0,0,0,0
1,1,0,2020-02-14 21:00:00,2020-02-14,0,0,0,0,0
1,1,0,2020-02-13 21:00:00,2020-02-13,0,0,0,0,1
1,0,0,2020-02-12 21:00:00,2020-02-12,0,0,0,0,0
1,0,0,2020-02-11 20:30:00,2020-02-11,0,0,0,0,0
1,0,0,2020-02-10 21:00:00,2020-02-10,0,0,0,0,0
1,0,0,2020-02-09 21:00:00,2020-02-09,0,0,0,0,0
1,0,0,2020-02-08 21:00:00,2020-02-08,0,0,0,0,0
1,0,0,2020-02-07 21:00:00,2020-02-07,0,0,0,0,0
1,0,0,2020-02-06 21:00:00,2020-02-06,0,0,0,0,0
1,0,0,2020-02-05 21:00:00,2020-02-05,0,0,0,0,0
1,0,0,2020-02-04 20:00:00,2020-02-04,0,0,0,0,0
1,0,0,2020-02-03 20:00:00,2020-02-03,0,0,0,0,0
1,0,0,2020-02-02 20:00:00,2020-02-02,0,0,0,0,0
1,0,0,2020-02-01 10:00:00,2020-02-01,0,0,0,0,0
1,0,0,2020-01-31 12:30:00,2020-01-31,0,0,0,0,0
1,0,0,2020-01-30 12:00:00,2020-01-30,0,0,0,0,0
1,0,0,2020-01-29 14:00:00,2020-01-29,0,0,0,0,0
1,0,0,2020-01-28 11:30:00,2020-01-28,0,0,0,0,0
1,0,0,2020-01-27 14:00:00,2020-01-27,0,0,0,0,0
1,0,0,2020-01-26 13:00:00,2020-01-26,0,0,0,0,0
1,0,0,2020-01-25 15:00:00,2020-01-25,1,0,0,0,0
0,0,0,2020-01-24 15:00:00,2020-01-24,0,0,0,0,0
0,0,0,2020-01-23 15:00:00,2020-01-23,0,0,0,0,0
0,0,0,2020-01-22 15:00:00,2020-01-22,0,0,0,0,0
0,0,0,2020-01-21 15:00:00,2020-01-21,0,0,0,0,0
