Confirmed,Recovered,Deaths,Date_last_updated_AEDT,date_day,New,DayElapsed,New_death,DayElapsed_death,New_recover
52261,42040,862,2020-08-05 22:00:00,2020-08-05,1021,138,15,135,1244
51240,40796,847,2020-08-04 22:00:00,2020-08-04,983,137,14,134,632
50257,40164,833,2020-08-03 22:00:00,2020-08-03,1061,136,1,133,846
49196,39318,832,2020-08-02 22:00:00,2020-08-02,1105,135,2,132,1409
48091,37909,830,2020-08-01 22:00:00,2020-08-01,1086,134,25,131,1035
47005,36874,805,2020-07-31 22:00:00,2020-07-31,1070,133,23,130,1393
45935,35481,782,2020-07-30 22:00:00,2020-07-30,938,132,22,129,1337
44997,34144,760,2020-07-29 22:00:00,2020-07-29,1108,131,21,128,957
43889,33187,739,2020-07-28 22:00:00,2020-07-28,982,130,5,127,501
42907,32686,734,2020-07-27 22:00:00,2020-07-27,930,129,1,126,1053
41977,31633,733,2020-07-26 22:00:00,2020-07-26,959,128,11,125,1446
41018,30187,722,2020-07-25 22:00:00,2020-07-25,1099,127,13,124,1472
39919,28715,709,2020-07-24 22:00:00,2020-07-24,1154,126,4,123,1359
38765,27356,705,2020-07-23 22:00:00,2020-07-23,1158,125,24,122,1408
37607,25948,681,2020-07-22 22:00:00,2020-07-22,886,124,31,121,1443
36721,24505,650,2020-07-21 22:00:00,2020-07-21,900,123,2,120,639
35821,23866,648,2020-07-20 22:00:00,2020-07-20,1227,122,1,119,356
34594,23510,647,2020-07-19 22:00:00,2020-07-19,1221,121,9,118,588
33373,22922,638,2020-07-18 22:00:00,2020-07-18,1340,120,11,117,1182
32033,21740,627,2020-07-17 22:00:00,2020-07-17,1452,119,8,116,1029
30581,20711,619,2020-07-16 22:00:00,2020-07-16,934,118,6,115,903
29647,19808,613,2020-07-15 22:00:00,2020-07-15,1071,117,17,114,898
28576,18910,596,2020-07-14 22:00:00,2020-07-14,822,116,3,113,412
27754,18498,593,2020-07-13 22:00:00,2020-07-13,837,115,1,112,667
26917,17831,592,2020-07-12 22:00:00,2020-07-12,961,114,11,111,853
25956,16978,581,2020-07-11 22:00:00,2020-07-11,895,113,7,110,818
25061,16160,574,2020-07-10 22:00:00,2020-07-10,670,112,18,109,809
24391,15351,556,2020-07-09 22:00:00,2020-07-09,528,111,7,108,842
23863,14509,549,2020-07-08 22:00:00,2020-07-08,938,110,12,107,638
22925,13871,537,2020-07-07 22:00:00,2020-07-07,408,109,0,106,279
22517,13592,537,2020-07-06 22:00:00,2020-07-06,841,108,7,105,343
21676,13249,530,2020-07-05 22:00:00,2020-07-05,783,107,0,104,501
20893,12748,530,2020-07-04 22:00:00,2020-07-04,1027,106,5,103,436
19866,12312,525,2020-07-03 22:00:00,2020-07-03,711,105,13,102,405
19155,11907,512,2020-07-02 22:00:00,2020-07-02,564,104,5,101,431
18591,11476,507,2020-07-01 22:00:00,2020-07-01,634,103,2,100,352
17957,11124,505,2020-06-30 22:00:00,2020-06-30,770,102,5,99,161
17187,10963,500,2020-06-29 22:00:00,2020-06-29,787,101,0,98,168
16400,10795,500,2020-06-28 22:00:00,2020-06-28,1039,100,2,97,234
15361,10561,498,2020-06-27 22:00:00,2020-06-27,500,99,3,96,506
14861,10055,495,2020-06-26 22:00:00,2020-06-26,1333,98,6,95,510
13528,9545,489,2020-06-25 22:00:00,2020-06-25,0,97,0,94,0
13528,9545,489,2020-06-24 22:00:00,2020-06-24,0,96,0,93,0
13528,9545,489,2020-06-23 22:00:00,2020-06-23,288,95,2,92,101
13240,9444,487,2020-06-22 22:00:00,2020-06-22,264,94,1,91,199
12976,9245,486,2020-06-21 22:00:00,2020-06-21,391,93,7,90,214
12585,9031,479,2020-06-20 22:00:00,2020-06-20,416,92,4,89,266
12169,8765,475,2020-06-19 22:00:00,2020-06-19,324,91,2,88,339
11845,8426,473,2020-06-18 22:00:00,2020-06-18,162,90,6,87,0
11683,8426,467,2020-06-17 22:00:00,2020-06-17,368,89,2,86,208
11315,8218,465,2020-06-16 22:00:00,2020-06-16,114,88,2,85,154
11201,8064,463,2020-06-15 22:00:00,2020-06-15,204,87,1,84,26
10997,8038,462,2020-06-14 22:00:00,2020-06-14,293,86,1,83,186
10704,7852,461,2020-06-13 22:00:00,2020-06-13,231,85,2,82,267
10473,7585,459,2020-06-12 22:00:00,2020-06-12,255,84,10,81,35
10218,7550,449,2020-06-11 22:00:00,2020-06-11,173,83,3,80,169
10045,7381,446,2020-06-10 22:00:00,2020-06-10,229,82,4,79,111
9816,7270,442,2020-06-09 22:00:00,2020-06-09,147,81,4,78,98
9669,7172,438,2020-06-08 22:00:00,2020-06-08,181,80,1,77,107
9488,7065,437,2020-06-07 22:00:00,2020-06-07,179,79,1,76,106
9309,6959,436,2020-06-06 22:00:00,2020-06-06,180,78,5,75,140
9129,6819,431,2020-06-05 22:00:00,2020-06-05,178,77,0,74,114
8951,6705,431,2020-06-04 22:00:00,2020-06-04,93,76,14,73,98
8858,6607,417,2020-06-03 22:00:00,2020-06-03,156,75,0,72,110
8702,6497,417,2020-06-02 22:00:00,2020-06-02,74,74,0,71,181
8628,6316,417,2020-06-01 22:00:00,2020-06-01,111,73,0,70,12
8517,6304,417,2020-05-31 22:00:00,2020-05-31,141,72,11,69,114
8376,6190,406,2020-05-30 22:00:00,2020-05-30,128,71,0,68,212
8248,5978,406,2020-05-29 22:00:00,2020-05-29,98,70,4,67,26
8150,5952,402,2020-05-28 22:00:00,2020-05-28,91,69,6,66,91
8059,5861,396,2020-05-27 22:00:00,2020-05-27,103,68,2,65,94
7956,5767,394,2020-05-26 22:00:00,2020-05-26,75,67,7,64,113
7881,5654,387,2020-05-25 22:00:00,2020-05-25,355,66,0,63,225
7526,5429,387,2020-05-24 22:00:00,2020-05-24,0,65,0,62,0
7526,5429,387,2020-05-23 22:00:00,2020-05-23,126,64,4,61,297
7400,5132,383,2020-05-22 22:00:00,2020-05-22,17,63,6,60,0
7383,5132,377,2020-05-21 22:00:00,2020-05-21,287,62,18,59,0
7096,5132,359,2020-05-20 22:00:00,2020-05-20,35,61,1,58,0
7061,5132,358,2020-05-19 22:00:00,2020-05-19,109,60,8,57,0
6952,5132,350,2020-05-18 22:00:00,2020-05-18,139,59,3,56,75
6813,5057,347,2020-05-17 22:00:00,2020-05-17,71,58,2,55,1
6742,5056,345,2020-05-16 22:00:00,2020-05-16,132,57,6,54,108
6610,4948,339,2020-05-15 22:00:00,2020-05-15,134,56,8,53,13
6476,4935,331,2020-05-14 22:00:00,2020-05-14,165,55,10,52,113
6311,4822,321,2020-05-13 22:00:00,2020-05-13,157,54,9,51,148
6154,4674,312,2020-05-12 22:00:00,2020-05-12,34,53,2,50,70
6120,4604,310,2020-05-11 22:00:00,2020-05-11,71,52,4,49,45
6049,4559,306,2020-05-10 22:00:00,2020-05-10,129,51,9,48,197
5920,4362,297,2020-05-09 22:00:00,2020-05-09,65,50,0,47,38
5855,4324,297,2020-05-08 22:00:00,2020-05-08,111,49,8,46,125
5744,4199,289,2020-05-07 22:00:00,2020-05-07,84,48,13,45,605
5660,3594,276,2020-05-06 22:00:00,2020-05-06,30,47,11,44,59
5630,3535,265,2020-05-05 22:00:00,2020-05-05,158,46,6,43,95
5472,3440,259,2020-05-04 22:00:00,2020-05-04,83,45,4,42,120
5389,3320,255,2020-05-03 22:00:00,2020-05-03,141,44,9,41,121
5248,3199,246,2020-05-02 22:00:00,2020-05-02,194,43,3,40,162
5054,3037,243,2020-05-01 22:00:00,2020-05-01,119,42,13,39,121
4935,2916,230,2020-04-30 22:00:00,2020-04-30,114,41,11,38,128
4821,2788,219,2020-04-29 22:00:00,2020-04-29,87,40,13,37,102
4734,2686,206,2020-04-28 22:00:00,2020-04-28,0,39,0,36,39
4734,2647,206,2020-04-27 22:00:00,2020-04-27,195,38,1,35,97
4539,2550,205,2020-04-26 22:00:00,2020-04-26,141,37,8,34,130
4398,2420,197,2020-04-25 22:00:00,2020-04-25,190,36,2,33,95
4208,2325,195,2020-04-24 22:00:00,2020-04-24,127,35,8,32,116
4081,2209,187,2020-04-23 22:00:00,2020-04-23,144,34,24,31,165
3937,2044,163,2020-04-22 22:00:00,2020-04-22,107,33,0,30,86
3830,1958,163,2020-04-21 22:00:00,2020-04-21,102,32,5,29,78
3728,1880,158,2020-04-20 22:00:00,2020-04-20,84,31,7,28,110
3644,1770,151,2020-04-19 22:00:00,2020-04-19,120,30,9,27,106
3524,1664,142,2020-04-18 22:00:00,2020-04-18,203,29,0,26,133
3321,1531,142,2020-04-17 22:00:00,2020-04-17,107,28,5,25,131
3214,1400,137,2020-04-16 22:00:00,2020-04-16,70,27,7,24,151
3144,1249,130,2020-04-15 22:00:00,2020-04-15,115,26,9,23,80
3029,1169,121,2020-04-14 22:00:00,2020-04-14,193,25,7,22,175
2836,994,114,2020-04-13 22:00:00,2020-04-13,89,24,3,21,0
2747,994,111,2020-04-12 22:00:00,2020-04-12,144,23,9,20,126
2603,868,102,2020-04-11 22:00:00,2020-04-11,147,22,21,19,820
2456,48,81,2020-04-10 22:00:00,2020-04-10,138,21,7,18,0
2318,48,74,2020-04-09 22:00:00,2020-04-09,187,20,2,17,10
2131,38,72,2020-04-08 22:00:00,2020-04-08,161,19,26,16,2
1970,36,46,2020-04-07 22:00:00,2020-04-07,134,18,0,15,0
1836,36,46,2020-04-06 22:00:00,2020-04-06,94,17,0,14,7
1742,29,46,2020-04-05 22:00:00,2020-04-05,183,16,3,13,0
1559,29,43,2020-04-04 21:00:00,2020-04-04,75,15,5,12,3
1484,26,38,2020-04-03 21:00:00,2020-04-03,185,14,6,11,8
1299,18,32,2020-04-02 21:00:00,2020-04-02,161,13,6,10,18
1138,0,26,2020-04-01 21:00:00,2020-04-01,94,12,8,9,0
1044,0,18,2020-03-31 21:00:00,2020-03-31,124,11,3,8,0
920,0,15,2020-03-30 21:00:00,2020-03-30,182,10,1,7,0
738,0,14,2020-03-29 21:00:00,2020-03-29,117,9,4,6,0
621,0,10,2020-03-28 21:00:00,2020-03-28,85,8,0,5,0
536,0,10,2020-03-27 21:10:00,2020-03-27,131,7,0,4,0
405,0,10,2020-03-26 22:20:00,2020-03-26,120,6,4,3,0
285,0,6,2020-03-25 23:20:00,2020-03-25,22,5,2,2,0
263,0,4,2020-03-24 21:20:00,2020-03-24,72,4,2,1,0
191,0,2,2020-03-23 21:40:00,2020-03-23,34,3,0,0,0
157,0,2,2020-03-22 21:00:00,2020-03-22,-4,2,0,0,0
161,0,2,2020-03-21 21:00:00,2020-03-21,66,1,1,0,0
95,0,1,2020-03-20 21:20:00,2020-03-20,11,0,0,0,0
84,0,1,2020-03-19 21:30:00,2020-03-19,28,0,0,0,0
56,0,1,2020-03-18 22:00:00,2020-03-18,11,0,0,0,0
45,0,1,2020-03-17 21:00:00,2020-03-17,19,0,1,0,0
26,0,0,2020-03-16 21:00:00,2020-03-16,5,0,0,0,0
21,0,0,2020-03-15 21:00:00,2020-03-15,1,0,0,0,0
20,0,0,2020-03-14 21:00:00,2020-03-14,9,0,0,0,0
11,0,0,2020-03-13 21:00:00,2020-03-13,4,0,0,0,0
7,0,0,2020-03-12 21:00:00,2020-03-12,3,0,0,0,0
4,0,0,2020-03-11 21:00:00,2020-03-11,0,0,0,0,0
4,0,0,2020-03-10 21:00:00,2020-03-10,0,0,0,0,0
4,0,0,2020-03-09 21:00:00,2020-03-09,2,0,0,0,0
2,0,0,2020-03-08 21:00:00,2020-03-08,0,0,0,0,0
2,0,0,2020-03-07 21:00:00,2020-03-07,1,0,0,0,0
1,0,0,2020-03-06 21:00:00,2020-03-06,1,0,0,0,0
0,0,0,2020-03-05 21:00:00,2020-03-05,0,0,0,0,0
0,0,0,2020-03-04 21:00:00,2020-03-04,0,0,0,0,0
0,0,0,2020-03-03 21:00:00,2020-03-03,0,0,0,0,0
0,0,0,2020-03-02 21:00:00,2020-03-02,0,0,0,0,0
0,0,0,2020-03-01 21:00:00,2020-03-01,0,0,0,0,0
0,0,0,2020-02-29 21:00:00,2020-02-29,0,0,0,0,0
0,0,0,2020-02-28 21:00:00,2020-02-28,0,0,0,0,0
0,0,0,2020-02-27 21:00:00,2020-02-27,0,0,0,0,0
0,0,0,2020-02-26 21:00:00,2020-02-26,0,0,0,0,0
0,0,0,2020-02-25 21:00:00,2020-02-25,0,0,0,0,0
0,0,0,2020-02-24 21:00:00,2020-02-24,0,0,0,0,0
0,0,0,2020-02-23 21:00:00,2020-02-23,0,0,0,0,0
0,0,0,2020-02-22 21:00:00,2020-02-22,0,0,0,0,0
0,0,0,2020-02-21 21:00:00,2020-02-21,0,0,0,0,0
0,0,0,2020-02-20 21:00:00,2020-02-20,0,0,0,0,0
0,0,0,2020-02-19 21:00:00,2020-02-19,0,0,0,0,0
0,0,0,2020-02-18 21:00:00,2020-02-18,0,0,0,0,0
0,0,0,2020-02-17 21:00:00,2020-02-17,0,0,0,0,0
0,0,0,2020-02-16 21:00:00,2020-02-16,0,0,0,0,0
0,0,0,2020-02-15 21:00:00,2020-02-15,0,0,0,0,0
0,0,0,2020-02-14 21:00:00,2020-02-14,0,0,0,0,0
0,0,0,2020-02-13 21:00:00,2020-02-13,0,0,0,0,0
0,0,0,2020-02-12 21:00:00,2020-02-12,0,0,0,0,0
0,0,0,2020-02-11 20:30:00,2020-02-11,0,0,0,0,0
0,0,0,2020-02-10 21:00:00,2020-02-10,0,0,0,0,0
0,0,0,2020-02-09 21:00:00,2020-02-09,0,0,0,0,0
0,0,0,2020-02-08 21:00:00,2020-02-08,0,0,0,0,0
0,0,0,2020-02-07 21:00:00,2020-02-07,0,0,0,0,0
0,0,0,2020-02-06 21:00:00,2020-02-06,0,0,0,0,0
0,0,0,2020-02-05 21:00:00,2020-02-05,0,0,0,0,0
0,0,0,2020-02-04 20:00:00,2020-02-04,0,0,0,0,0
0,0,0,2020-02-03 20:00:00,2020-02-03,0,0,0,0,0
0,0,0,2020-02-02 20:00:00,2020-02-02,0,0,0,0,0
0,0,0,2020-02-01 10:00:00,2020-02-01,0,0,0,0,0
0,0,0,2020-01-31 12:30:00,2020-01-31,0,0,0,0,0
0,0,0,2020-01-30 12:00:00,2020-01-30,0,0,0,0,0
0,0,0,2020-01-29 14:00:00,2020-01-29,0,0,0,0,0
0,0,0,2020-01-28 11:30:00,2020-01-28,0,0,0,0,0
0,0,0,2020-01-27 14:00:00,2020-01-27,0,0,0,0,0
0,0,0,2020-01-26 13:00:00,2020-01-26,0,0,0,0,0
0,0,0,2020-01-25 15:00:00,2020-01-25,0,0,0,0,0
0,0,0,2020-01-24 15:00:00,2020-01-24,0,0,0,0,0
0,0,0,2020-01-23 15:00:00,2020-01-23,0,0,0,0,0
0,0,0,2020-01-22 15:00:00,2020-01-22,0,0,0,0,0
0,0,0,2020-01-21 15:00:00,2020-01-21,0,0,0,0,0
