Confirmed,Recovered,Deaths,Date_last_updated_AEDT,date_day,New,DayElapsed,New_death,DayElapsed_death,New_recover
153,123,1,2020-06-12 22:00:00,2020-06-12,2,68,0,0,2
151,121,1,2020-06-11 22:00:00,2020-06-11,4,67,0,0,0
147,121,1,2020-06-10 22:00:00,2020-06-10,1,66,0,0,0
146,121,1,2020-06-09 22:00:00,2020-06-09,9,65,0,0,0
137,121,1,2020-06-08 22:00:00,2020-06-08,1,64,0,0,0
136,121,1,2020-06-07 22:00:00,2020-06-07,0,63,0,0,0
136,121,1,2020-06-06 22:00:00,2020-06-06,0,62,0,0,1
136,120,1,2020-06-05 22:00:00,2020-06-05,1,61,1,0,0
135,120,0,2020-06-04 22:00:00,2020-06-04,2,60,0,0,0
133,120,0,2020-06-03 22:00:00,2020-06-03,1,59,0,0,0
132,120,0,2020-06-02 22:00:00,2020-06-02,0,58,0,0,0
132,120,0,2020-06-01 22:00:00,2020-06-01,3,57,0,0,0
129,120,0,2020-05-31 22:00:00,2020-05-31,1,56,0,0,0
128,120,0,2020-05-30 22:00:00,2020-05-30,2,55,0,0,0
126,120,0,2020-05-29 22:00:00,2020-05-29,3,54,0,0,0
123,120,0,2020-05-28 22:00:00,2020-05-28,1,53,0,0,0
122,120,0,2020-05-27 22:00:00,2020-05-27,1,52,0,0,0
121,120,0,2020-05-26 22:00:00,2020-05-26,0,51,0,0,0
121,120,0,2020-05-25 22:00:00,2020-05-25,0,50,0,0,0
121,120,0,2020-05-24 22:00:00,2020-05-24,0,49,0,0,0
121,120,0,2020-05-23 22:00:00,2020-05-23,0,48,0,0,0
121,120,0,2020-05-22 22:00:00,2020-05-22,1,47,0,0,0
120,120,0,2020-05-21 22:00:00,2020-05-21,0,46,0,0,0
120,120,0,2020-05-20 22:00:00,2020-05-20,0,45,0,0,0
120,120,0,2020-05-19 22:00:00,2020-05-19,0,44,0,0,0
120,120,0,2020-05-18 22:00:00,2020-05-18,0,43,0,0,0
120,120,0,2020-05-17 22:00:00,2020-05-17,0,42,0,0,1
120,119,0,2020-05-16 22:00:00,2020-05-16,0,41,0,0,1
120,118,0,2020-05-15 22:00:00,2020-05-15,0,40,0,0,0
120,118,0,2020-05-14 22:00:00,2020-05-14,0,39,0,0,0
120,118,0,2020-05-13 22:00:00,2020-05-13,0,38,0,0,0
120,118,0,2020-05-12 22:00:00,2020-05-12,0,37,0,0,0
120,118,0,2020-05-11 22:00:00,2020-05-11,0,36,0,0,0
120,118,0,2020-05-10 22:00:00,2020-05-10,0,35,0,0,0
120,118,0,2020-05-09 22:00:00,2020-05-09,0,34,0,0,0
120,118,0,2020-05-08 22:00:00,2020-05-08,0,33,0,0,0
120,118,0,2020-05-07 22:00:00,2020-05-07,1,32,0,0,0
119,118,0,2020-05-06 22:00:00,2020-05-06,1,31,0,0,0
118,118,0,2020-05-05 22:00:00,2020-05-05,0,30,0,0,0
118,118,0,2020-05-04 22:00:00,2020-05-04,0,29,0,0,0
118,118,0,2020-05-03 22:00:00,2020-05-03,0,28,0,0,2
118,116,0,2020-05-02 22:00:00,2020-05-02,0,27,0,0,2
118,114,0,2020-05-01 22:00:00,2020-05-01,0,26,0,0,0
118,114,0,2020-04-30 22:00:00,2020-04-30,0,25,0,0,0
118,114,0,2020-04-29 22:00:00,2020-04-29,0,24,0,0,2
118,112,0,2020-04-28 22:00:00,2020-04-28,0,23,0,0,0
118,112,0,2020-04-27 22:00:00,2020-04-27,0,22,0,0,5
118,107,0,2020-04-26 22:00:00,2020-04-26,0,21,0,0,0
118,107,0,2020-04-25 22:00:00,2020-04-25,0,20,0,0,3
118,104,0,2020-04-24 22:00:00,2020-04-24,0,19,0,0,0
118,104,0,2020-04-23 22:00:00,2020-04-23,0,18,0,0,2
118,102,0,2020-04-22 22:00:00,2020-04-22,0,17,0,0,4
118,98,0,2020-04-21 22:00:00,2020-04-21,0,16,0,0,0
118,98,0,2020-04-20 22:00:00,2020-04-20,0,15,0,0,11
118,87,0,2020-04-19 22:00:00,2020-04-19,1,14,0,0,4
117,83,0,2020-04-18 22:00:00,2020-04-18,0,13,0,0,3
117,80,0,2020-04-17 22:00:00,2020-04-17,0,12,0,0,3
117,77,0,2020-04-16 22:00:00,2020-04-16,1,11,0,0,2
116,75,0,2020-04-15 22:00:00,2020-04-15,0,10,0,0,1
116,74,0,2020-04-14 22:00:00,2020-04-14,2,9,0,0,4
114,70,0,2020-04-13 22:00:00,2020-04-13,2,8,0,0,0
112,70,0,2020-04-12 22:00:00,2020-04-12,0,7,0,0,10
112,60,0,2020-04-11 22:00:00,2020-04-11,1,6,0,0,7
111,53,0,2020-04-10 22:00:00,2020-04-10,3,5,0,0,3
108,50,0,2020-04-09 22:00:00,2020-04-09,3,4,0,0,11
105,39,0,2020-04-08 22:00:00,2020-04-08,2,3,0,0,11
103,28,0,2020-04-07 22:00:00,2020-04-07,2,2,0,0,0
101,28,0,2020-04-06 22:00:00,2020-04-06,3,1,0,0,0
98,28,0,2020-04-05 22:00:00,2020-04-05,7,0,0,0,3
91,25,0,2020-04-04 21:00:00,2020-04-04,0,0,0,0,3
91,22,0,2020-04-03 21:00:00,2020-04-03,10,0,0,0,20
81,2,0,2020-04-02 21:00:00,2020-04-02,11,0,0,0,2
70,0,0,2020-04-01 21:00:00,2020-04-01,2,0,0,0,0
68,0,0,2020-03-31 21:00:00,2020-03-31,2,0,0,0,0
66,0,0,2020-03-30 21:00:00,2020-03-30,15,0,0,0,0
51,0,0,2020-03-29 21:00:00,2020-03-29,6,0,0,0,0
45,0,0,2020-03-28 21:00:00,2020-03-28,12,0,0,0,0
33,0,0,2020-03-27 21:10:00,2020-03-27,15,0,0,0,0
18,0,0,2020-03-26 22:20:00,2020-03-26,0,0,0,0,0
18,0,0,2020-03-25 23:20:00,2020-03-25,1,0,0,0,0
17,0,0,2020-03-24 21:20:00,2020-03-24,0,0,0,0,0
17,0,0,2020-03-23 21:40:00,2020-03-23,0,0,0,0,0
17,0,0,2020-03-22 21:00:00,2020-03-22,6,0,0,0,0
11,0,0,2020-03-21 21:00:00,2020-03-21,0,0,0,0,0
11,0,0,2020-03-20 21:20:00,2020-03-20,0,0,0,0,0
11,0,0,2020-03-19 21:30:00,2020-03-19,3,0,0,0,0
8,0,0,2020-03-18 22:00:00,2020-03-18,1,0,0,0,0
7,0,0,2020-03-17 21:00:00,2020-03-17,1,0,0,0,0
6,0,0,2020-03-16 21:00:00,2020-03-16,4,0,0,0,0
2,0,0,2020-03-15 21:00:00,2020-03-15,1,0,0,0,0
1,0,0,2020-03-14 21:00:00,2020-03-14,0,0,0,0,0
1,0,0,2020-03-13 21:00:00,2020-03-13,0,0,0,0,0
1,0,0,2020-03-12 21:00:00,2020-03-12,1,0,0,0,0
0,0,0,2020-03-11 21:00:00,2020-03-11,0,0,0,0,0
0,0,0,2020-03-10 21:00:00,2020-03-10,0,0,0,0,0
0,0,0,2020-03-09 21:00:00,2020-03-09,0,0,0,0,0
0,0,0,2020-03-08 21:00:00,2020-03-08,0,0,0,0,0
0,0,0,2020-03-07 21:00:00,2020-03-07,0,0,0,0,0
0,0,0,2020-03-06 21:00:00,2020-03-06,0,0,0,0,0
0,0,0,2020-03-05 21:00:00,2020-03-05,0,0,0,0,0
0,0,0,2020-03-04 21:00:00,2020-03-04,0,0,0,0,0
0,0,0,2020-03-03 21:00:00,2020-03-03,0,0,0,0,0
0,0,0,2020-03-02 21:00:00,2020-03-02,0,0,0,0,0
0,0,0,2020-03-01 21:00:00,2020-03-01,0,0,0,0,0
0,0,0,2020-02-29 21:00:00,2020-02-29,0,0,0,0,0
0,0,0,2020-02-28 21:00:00,2020-02-28,0,0,0,0,0
0,0,0,2020-02-27 21:00:00,2020-02-27,0,0,0,0,0
0,0,0,2020-02-26 21:00:00,2020-02-26,0,0,0,0,0
0,0,0,2020-02-25 21:00:00,2020-02-25,0,0,0,0,0
0,0,0,2020-02-24 21:00:00,2020-02-24,0,0,0,0,0
0,0,0,2020-02-23 21:00:00,2020-02-23,0,0,0,0,0
0,0,0,2020-02-22 21:00:00,2020-02-22,0,0,0,0,0
0,0,0,2020-02-21 21:00:00,2020-02-21,0,0,0,0,0
0,0,0,2020-02-20 21:00:00,2020-02-20,0,0,0,0,0
0,0,0,2020-02-19 21:00:00,2020-02-19,0,0,0,0,0
0,0,0,2020-02-18 21:00:00,2020-02-18,0,0,0,0,0
0,0,0,2020-02-17 21:00:00,2020-02-17,0,0,0,0,0
0,0,0,2020-02-16 21:00:00,2020-02-16,0,0,0,0,0
0,0,0,2020-02-15 21:00:00,2020-02-15,0,0,0,0,0
0,0,0,2020-02-14 21:00:00,2020-02-14,0,0,0,0,0
0,0,0,2020-02-13 21:00:00,2020-02-13,0,0,0,0,0
0,0,0,2020-02-12 21:00:00,2020-02-12,0,0,0,0,0
0,0,0,2020-02-11 20:30:00,2020-02-11,0,0,0,0,0
0,0,0,2020-02-10 21:00:00,2020-02-10,0,0,0,0,0
0,0,0,2020-02-09 21:00:00,2020-02-09,0,0,0,0,0
0,0,0,2020-02-08 21:00:00,2020-02-08,0,0,0,0,0
0,0,0,2020-02-07 21:00:00,2020-02-07,0,0,0,0,0
0,0,0,2020-02-06 21:00:00,2020-02-06,0,0,0,0,0
0,0,0,2020-02-05 21:00:00,2020-02-05,0,0,0,0,0
0,0,0,2020-02-04 20:00:00,2020-02-04,0,0,0,0,0
0,0,0,2020-02-03 20:00:00,2020-02-03,0,0,0,0,0
0,0,0,2020-02-02 20:00:00,2020-02-02,0,0,0,0,0
0,0,0,2020-02-01 10:00:00,2020-02-01,0,0,0,0,0
0,0,0,2020-01-31 12:30:00,2020-01-31,0,0,0,0,0
0,0,0,2020-01-30 12:00:00,2020-01-30,0,0,0,0,0
0,0,0,2020-01-29 14:00:00,2020-01-29,0,0,0,0,0
0,0,0,2020-01-28 11:30:00,2020-01-28,0,0,0,0,0
0,0,0,2020-01-27 14:00:00,2020-01-27,0,0,0,0,0
0,0,0,2020-01-26 13:00:00,2020-01-26,0,0,0,0,0
0,0,0,2020-01-25 15:00:00,2020-01-25,0,0,0,0,0
0,0,0,2020-01-24 15:00:00,2020-01-24,0,0,0,0,0
0,0,0,2020-01-23 15:00:00,2020-01-23,0,0,0,0,0
0,0,0,2020-01-22 15:00:00,2020-01-22,0,0,0,0,0
0,0,0,2020-01-21 15:00:00,2020-01-21,0,0,0,0,0
