Confirmed,Recovered,Deaths,Date_last_updated_AEDT,date_day,New,DayElapsed,New_death,DayElapsed_death,New_recover
16736,6654,569,2020-07-19 22:00:00,2020-07-19,280,117,4,111,0
16456,6654,565,2020-07-18 22:00:00,2020-07-18,318,116,3,110,76
16138,6578,562,2020-07-17 22:00:00,2020-07-17,297,115,5,109,82
15841,6496,557,2020-07-16 22:00:00,2020-07-16,327,114,6,108,67
15514,6429,551,2020-07-15 22:00:00,2020-07-15,223,113,3,107,66
15291,6363,548,2020-07-14 22:00:00,2020-07-14,263,112,3,106,41
15028,6322,545,2020-07-13 22:00:00,2020-07-13,255,111,2,105,51
14773,6271,543,2020-07-12 22:00:00,2020-07-12,224,110,4,104,90
14549,6181,539,2020-07-11 22:00:00,2020-07-11,298,109,6,103,63
14251,6118,533,2020-07-10 22:00:00,2020-07-10,234,108,6,102,67
14017,6051,527,2020-07-09 22:00:00,2020-07-09,290,107,8,101,65
13727,5986,519,2020-07-08 22:00:00,2020-07-08,220,106,4,100,84
13507,5902,515,2020-07-07 22:00:00,2020-07-07,251,105,2,99,42
13256,5860,513,2020-07-06 22:00:00,2020-07-06,194,104,0,98,15
13062,5845,513,2020-07-05 22:00:00,2020-07-05,286,103,2,97,43
12776,5802,511,2020-07-04 22:00:00,2020-07-04,256,102,8,96,175
12520,5627,503,2020-07-03 22:00:00,2020-07-03,244,101,3,95,113
12276,5514,500,2020-07-02 22:00:00,2020-07-02,129,100,3,94,121
12147,5393,497,2020-07-01 22:00:00,2020-07-01,165,99,4,93,97
11982,5296,493,2020-06-30 22:00:00,2020-06-30,173,98,1,92,45
11809,5251,492,2020-06-29 22:00:00,2020-06-29,190,97,1,91,0
11619,5251,491,2020-06-28 22:00:00,2020-06-28,211,96,2,90,102
11408,5149,489,2020-06-27 22:00:00,2020-06-27,216,95,4,89,102
11192,5047,485,2020-06-26 22:00:00,2020-06-26,202,94,5,88,63
10990,4984,480,2020-06-25 22:00:00,2020-06-25,152,93,4,87,110
10838,4874,476,2020-06-24 22:00:00,2020-06-24,144,92,7,86,132
10694,4742,469,2020-06-23 22:00:00,2020-06-23,129,91,0,85,58
10565,4684,469,2020-06-22 22:00:00,2020-06-22,135,90,3,84,56
10430,4628,466,2020-06-21 22:00:00,2020-06-21,170,89,2,83,116
10260,4512,464,2020-06-20 22:00:00,2020-06-20,107,88,8,82,73
10153,4439,456,2020-06-19 22:00:00,2020-06-19,88,87,4,81,88
10065,4351,452,2020-06-18 22:00:00,2020-06-18,132,86,5,80,134
9933,4217,447,2020-06-17 22:00:00,2020-06-17,88,85,7,79,57
9845,4160,440,2020-06-16 22:00:00,2020-06-16,122,84,5,78,46
9723,4114,435,2020-06-15 22:00:00,2020-06-15,111,83,4,77,42
9612,4072,431,2020-06-14 22:00:00,2020-06-14,86,82,11,76,89
9526,3983,420,2020-06-13 22:00:00,2020-06-13,159,81,0,75,177
9367,3806,420,2020-06-12 22:00:00,2020-06-12,117,80,10,74,0
9250,3806,410,2020-06-11 22:00:00,2020-06-11,144,79,6,73,107
9106,3699,404,2020-06-10 22:00:00,2020-06-10,44,78,4,72,319
9062,3380,400,2020-06-09 22:00:00,2020-06-09,122,77,4,71,73
8940,3307,396,2020-06-08 22:00:00,2020-06-08,140,76,4,70,21
8800,3286,392,2020-06-07 22:00:00,2020-06-07,128,75,5,69,80
8672,3206,387,2020-06-06 22:00:00,2020-06-06,319,74,4,68,91
8353,3115,383,2020-06-05 22:00:00,2020-06-05,213,73,8,67,102
8140,3013,375,2020-06-04 22:00:00,2020-06-04,116,72,8,66,53
8024,2960,367,2020-06-03 22:00:00,2020-06-03,224,71,5,65,72
7800,2888,362,2020-06-02 22:00:00,2020-06-02,111,70,6,64,35
7689,2853,356,2020-06-01 22:00:00,2020-06-01,65,69,5,63,18
7624,2835,351,2020-05-31 22:00:00,2020-05-31,131,68,7,62,107
7493,2728,344,2020-05-30 22:00:00,2020-05-30,129,67,9,61,44
7364,2684,335,2020-05-29 22:00:00,2020-05-29,112,66,6,60,46
7252,2638,329,2020-05-28 22:00:00,2020-05-28,122,65,4,59,74
7130,2564,325,2020-05-27 22:00:00,2020-05-27,104,64,5,58,42
7026,2522,320,2020-05-26 22:00:00,2020-05-26,83,63,3,57,58
6943,2464,317,2020-05-25 22:00:00,2020-05-25,318,62,15,56,423
6625,2041,302,2020-05-24 22:00:00,2020-05-24,0,61,0,55,0
6625,2041,302,2020-05-23 22:00:00,2020-05-23,153,60,8,54,0
6472,2041,294,2020-05-22 22:00:00,2020-05-22,155,59,11,53,56
6317,1985,283,2020-05-21 22:00:00,2020-05-21,125,58,7,52,103
6192,1882,276,2020-05-20 22:00:00,2020-05-20,96,57,6,51,86
6096,1796,270,2020-05-19 22:00:00,2020-05-19,158,56,5,50,41
5938,1755,265,2020-05-18 22:00:00,2020-05-18,91,55,6,49,16
5847,1739,259,2020-05-17 22:00:00,2020-05-17,185,54,6,48,68
5662,1671,253,2020-05-16 22:00:00,2020-05-16,159,53,11,47,156
5503,1515,242,2020-05-15 22:00:00,2020-05-15,139,52,11,46,0
5364,1515,231,2020-05-14 22:00:00,2020-05-14,152,51,12,45,81
5212,1434,219,2020-05-13 22:00:00,2020-05-13,143,50,11,44,149
5069,1285,208,2020-05-12 22:00:00,2020-05-12,206,49,8,43,0
4863,1285,200,2020-05-11 22:00:00,2020-05-11,85,48,9,42,17
4778,1268,191,2020-05-10 22:00:00,2020-05-10,105,47,10,41,79
4673,1189,181,2020-05-09 22:00:00,2020-05-09,180,46,9,40,64
4493,1125,172,2020-05-08 22:00:00,2020-05-08,202,45,3,39,52
4291,1073,169,2020-05-07 22:00:00,2020-05-07,153,44,7,38,109
4138,964,162,2020-05-06 22:00:00,2020-05-06,107,43,6,37,122
4031,842,156,2020-05-05 22:00:00,2020-05-05,181,42,5,36,10
3850,832,151,2020-05-04 22:00:00,2020-05-04,118,41,13,35,72
3732,760,138,2020-05-03 22:00:00,2020-05-03,219,40,7,34,0
3513,760,131,2020-05-02 22:00:00,2020-05-02,102,39,8,33,0
3411,760,123,2020-05-01 22:00:00,2020-05-01,198,38,11,32,128
3213,632,112,2020-04-30 22:00:00,2020-04-30,239,37,7,31,0
2974,632,105,2020-04-29 22:00:00,2020-04-29,149,36,6,30,0
2825,632,99,2020-04-28 22:00:00,2020-04-28,99,35,0,29,0
2726,632,99,2020-04-27 22:00:00,2020-04-27,66,34,6,28,0
2660,632,93,2020-04-26 22:00:00,2020-04-26,139,33,9,27,18
2521,614,84,2020-04-25 22:00:00,2020-04-25,142,32,6,26,85
2379,529,78,2020-04-24 22:00:00,2020-04-24,169,31,7,25,0
2210,529,71,2020-04-23 22:00:00,2020-04-23,138,30,6,24,0
2072,529,65,2020-04-22 22:00:00,2020-04-22,101,29,7,23,64
1971,465,58,2020-04-21 22:00:00,2020-04-21,126,28,3,22,0
1845,465,55,2020-04-20 22:00:00,2020-04-20,47,27,2,21,0
1798,465,53,2020-04-19 22:00:00,2020-04-19,87,26,2,20,83
1711,382,51,2020-04-18 22:00:00,2020-04-18,114,25,7,19,29
1597,353,44,2020-04-17 22:00:00,2020-04-17,113,24,8,18,0
1484,353,36,2020-04-16 22:00:00,2020-04-16,77,23,0,17,13
1407,340,36,2020-04-15 22:00:00,2020-04-15,62,22,5,16,105
1345,235,31,2020-04-14 22:00:00,2020-04-14,100,21,5,15,0
1245,235,26,2020-04-13 22:00:00,2020-04-13,71,20,6,14,0
1174,235,20,2020-04-12 22:00:00,2020-04-12,83,19,1,13,64
1091,171,19,2020-04-11 22:00:00,2020-04-11,102,18,2,12,0
989,171,17,2020-04-10 22:00:00,2020-04-10,124,17,1,11,0
865,171,16,2020-04-09 22:00:00,2020-04-09,71,16,3,10,0
794,171,13,2020-04-08 22:00:00,2020-04-08,108,15,1,9,38
686,133,12,2020-04-07 22:00:00,2020-04-07,62,14,0,8,107
624,26,12,2020-04-06 22:00:00,2020-04-06,81,13,1,7,0
543,26,11,2020-04-05 22:00:00,2020-04-05,48,12,1,6,0
495,26,10,2020-04-04 21:00:00,2020-04-04,92,11,3,5,0
403,26,7,2020-04-03 21:00:00,2020-04-03,40,10,1,4,0
363,26,6,2020-04-02 21:00:00,2020-04-02,47,9,1,3,26
316,0,5,2020-04-01 21:00:00,2020-04-01,35,8,1,2,0
281,0,4,2020-03-31 21:00:00,2020-03-31,44,7,2,1,0
237,0,2,2020-03-30 21:00:00,2020-03-30,29,6,0,0,0
208,0,2,2020-03-29 21:00:00,2020-03-29,17,5,1,0,0
191,0,1,2020-03-28 21:00:00,2020-03-28,55,4,0,0,0
136,0,1,2020-03-27 21:10:00,2020-03-27,23,3,0,0,0
113,0,1,2020-03-26 22:20:00,2020-03-26,13,2,1,0,0
100,0,0,2020-03-25 23:20:00,2020-03-25,17,1,0,0,0
83,0,0,2020-03-24 21:20:00,2020-03-24,18,0,0,0,0
65,0,0,2020-03-23 21:40:00,2020-03-23,8,0,0,0,0
57,0,0,2020-03-22 21:00:00,2020-03-22,14,0,0,0,0
43,0,0,2020-03-21 21:00:00,2020-03-21,8,0,0,0,0
35,0,0,2020-03-20 21:20:00,2020-03-20,7,0,0,0,0
28,0,0,2020-03-19 21:30:00,2020-03-19,5,0,0,0,0
23,0,0,2020-03-18 22:00:00,2020-03-18,2,0,0,0,0
21,0,0,2020-03-17 21:00:00,2020-03-17,4,0,0,0,0
17,0,0,2020-03-16 21:00:00,2020-03-16,4,0,0,0,0
13,0,0,2020-03-15 21:00:00,2020-03-15,3,0,0,0,0
10,0,0,2020-03-14 21:00:00,2020-03-14,4,0,0,0,0
6,0,0,2020-03-13 21:00:00,2020-03-13,2,0,0,0,0
4,0,0,2020-03-12 21:00:00,2020-03-12,4,0,0,0,0
0,0,0,2020-03-11 21:00:00,2020-03-11,0,0,0,0,0
0,0,0,2020-03-10 21:00:00,2020-03-10,0,0,0,0,0
0,0,0,2020-03-09 21:00:00,2020-03-09,0,0,0,0,0
0,0,0,2020-03-08 21:00:00,2020-03-08,0,0,0,0,0
0,0,0,2020-03-07 21:00:00,2020-03-07,0,0,0,0,0
0,0,0,2020-03-06 21:00:00,2020-03-06,0,0,0,0,0
0,0,0,2020-03-05 21:00:00,2020-03-05,0,0,0,0,0
0,0,0,2020-03-04 21:00:00,2020-03-04,0,0,0,0,0
0,0,0,2020-03-03 21:00:00,2020-03-03,0,0,0,0,0
0,0,0,2020-03-02 21:00:00,2020-03-02,0,0,0,0,0
0,0,0,2020-03-01 21:00:00,2020-03-01,0,0,0,0,0
0,0,0,2020-02-29 21:00:00,2020-02-29,0,0,0,0,0
0,0,0,2020-02-28 21:00:00,2020-02-28,0,0,0,0,0
0,0,0,2020-02-27 21:00:00,2020-02-27,0,0,0,0,0
0,0,0,2020-02-26 21:00:00,2020-02-26,0,0,0,0,0
0,0,0,2020-02-25 21:00:00,2020-02-25,0,0,0,0,0
0,0,0,2020-02-24 21:00:00,2020-02-24,0,0,0,0,0
0,0,0,2020-02-23 21:00:00,2020-02-23,0,0,0,0,0
0,0,0,2020-02-22 21:00:00,2020-02-22,0,0,0,0,0
0,0,0,2020-02-21 21:00:00,2020-02-21,0,0,0,0,0
0,0,0,2020-02-20 21:00:00,2020-02-20,0,0,0,0,0
0,0,0,2020-02-19 21:00:00,2020-02-19,0,0,0,0,0
0,0,0,2020-02-18 21:00:00,2020-02-18,0,0,0,0,0
0,0,0,2020-02-17 21:00:00,2020-02-17,0,0,0,0,0
0,0,0,2020-02-16 21:00:00,2020-02-16,0,0,0,0,0
0,0,0,2020-02-15 21:00:00,2020-02-15,0,0,0,0,0
0,0,0,2020-02-14 21:00:00,2020-02-14,0,0,0,0,0
0,0,0,2020-02-13 21:00:00,2020-02-13,0,0,0,0,0
0,0,0,2020-02-12 21:00:00,2020-02-12,0,0,0,0,0
0,0,0,2020-02-11 20:30:00,2020-02-11,0,0,0,0,0
0,0,0,2020-02-10 21:00:00,2020-02-10,0,0,0,0,0
0,0,0,2020-02-09 21:00:00,2020-02-09,0,0,0,0,0
0,0,0,2020-02-08 21:00:00,2020-02-08,0,0,0,0,0
0,0,0,2020-02-07 21:00:00,2020-02-07,0,0,0,0,0
0,0,0,2020-02-06 21:00:00,2020-02-06,0,0,0,0,0
0,0,0,2020-02-05 21:00:00,2020-02-05,0,0,0,0,0
0,0,0,2020-02-04 20:00:00,2020-02-04,0,0,0,0,0
0,0,0,2020-02-03 20:00:00,2020-02-03,0,0,0,0,0
0,0,0,2020-02-02 20:00:00,2020-02-02,0,0,0,0,0
0,0,0,2020-02-01 10:00:00,2020-02-01,0,0,0,0,0
0,0,0,2020-01-31 12:30:00,2020-01-31,0,0,0,0,0
0,0,0,2020-01-30 12:00:00,2020-01-30,0,0,0,0,0
0,0,0,2020-01-29 14:00:00,2020-01-29,0,0,0,0,0
0,0,0,2020-01-28 11:30:00,2020-01-28,0,0,0,0,0
0,0,0,2020-01-27 14:00:00,2020-01-27,0,0,0,0,0
0,0,0,2020-01-26 13:00:00,2020-01-26,0,0,0,0,0
0,0,0,2020-01-25 15:00:00,2020-01-25,0,0,0,0,0
0,0,0,2020-01-24 15:00:00,2020-01-24,0,0,0,0,0
0,0,0,2020-01-23 15:00:00,2020-01-23,0,0,0,0,0
0,0,0,2020-01-22 15:00:00,2020-01-22,0,0,0,0,0
0,0,0,2020-01-21 15:00:00,2020-01-21,0,0,0,0,0
