Confirmed,Recovered,Deaths,Date_last_updated_AEDT,date_day,New,DayElapsed,New_death,DayElapsed_death,New_recover
2880,2336,72,2020-06-09 22:00:00,2020-06-09,19,71,0,71,29
2861,2307,72,2020-06-08 22:00:00,2020-06-08,45,70,0,70,39
2816,2268,72,2020-06-07 22:00:00,2020-06-07,71,69,1,69,26
2745,2242,71,2020-06-06 22:00:00,2020-06-06,39,68,5,68,33
2706,2209,66,2020-06-05 22:00:00,2020-06-05,27,67,0,67,40
2679,2169,66,2020-06-04 22:00:00,2020-06-04,33,66,1,66,42
2646,2127,65,2020-06-03 22:00:00,2020-06-03,21,65,4,65,49
2625,2078,61,2020-06-02 22:00:00,2020-06-02,48,64,0,64,119
2577,1959,61,2020-06-01 22:00:00,2020-06-01,23,63,1,63,16
2554,1943,60,2020-05-31 22:00:00,2020-05-31,34,62,1,62,61
2520,1882,59,2020-05-30 22:00:00,2020-05-30,39,61,2,61,89
2481,1793,57,2020-05-29 22:00:00,2020-05-29,24,60,1,60,31
2457,1762,56,2020-05-28 22:00:00,2020-05-28,0,59,2,59,61
2457,1701,54,2020-05-27 22:00:00,2020-05-27,0,58,0,58,150
2457,1551,54,2020-05-26 22:00:00,2020-05-26,39,57,1,57,55
2418,1496,53,2020-05-25 22:00:00,2020-05-25,53,56,1,56,45
2365,1451,52,2020-05-24 22:00:00,2020-05-24,48,55,0,55,46
2317,1405,52,2020-05-23 22:00:00,2020-05-23,88,54,1,54,65
2229,1340,51,2020-05-22 22:00:00,2020-05-22,134,53,2,53,38
2095,1302,49,2020-05-21 22:00:00,2020-05-21,101,52,4,52,33
1994,1269,45,2020-05-20 22:00:00,2020-05-20,63,51,1,51,50
1931,1219,44,2020-05-19 22:00:00,2020-05-19,31,50,1,50,41
1900,1178,43,2020-05-18 22:00:00,2020-05-18,52,49,1,49,67
1848,1111,42,2020-05-17 22:00:00,2020-05-17,87,48,0,48,40
1761,1071,42,2020-05-16 22:00:00,2020-05-16,49,47,2,47,64
1712,1007,40,2020-05-15 22:00:00,2020-05-15,65,46,0,46,38
1647,969,40,2020-05-14 22:00:00,2020-05-14,76,45,2,45,92
1571,877,38,2020-05-13 22:00:00,2020-05-13,53,44,2,44,31
1518,846,36,2020-05-12 22:00:00,2020-05-12,27,43,1,43,54
1491,792,35,2020-05-11 22:00:00,2020-05-11,27,42,0,42,30
1464,762,35,2020-05-10 22:00:00,2020-05-10,39,41,2,41,48
1425,714,33,2020-05-09 22:00:00,2020-05-09,54,40,2,40,113
1371,601,31,2020-05-08 22:00:00,2020-05-08,48,39,0,39,19
1323,582,31,2020-05-07 22:00:00,2020-05-07,57,38,6,38,23
1266,559,25,2020-05-06 22:00:00,2020-05-06,41,37,0,37,19
1225,540,25,2020-05-05 22:00:00,2020-05-05,34,36,0,36,23
1191,517,25,2020-05-04 22:00:00,2020-05-04,38,35,1,35,7
1153,510,24,2020-05-03 22:00:00,2020-05-03,46,34,1,34,28
1107,482,23,2020-05-02 22:00:00,2020-05-02,40,33,4,33,24
1067,458,19,2020-05-01 22:00:00,2020-05-01,34,32,0,32,21
1033,437,19,2020-04-30 22:00:00,2020-04-30,42,31,0,31,28
991,409,19,2020-04-29 22:00:00,2020-04-29,49,30,0,30,59
942,350,19,2020-04-28 22:00:00,2020-04-28,75,29,2,29,24
867,326,17,2020-04-27 22:00:00,2020-04-27,64,28,1,28,16
803,310,16,2020-04-26 22:00:00,2020-04-26,55,27,1,27,41
748,269,15,2020-04-25 22:00:00,2020-04-25,39,26,0,26,0
709,269,15,2020-04-24 22:00:00,2020-04-24,30,25,1,25,40
679,229,14,2020-04-23 22:00:00,2020-04-23,35,24,1,24,15
644,214,13,2020-04-22 22:00:00,2020-04-22,17,23,0,23,25
627,189,13,2020-04-21 22:00:00,2020-04-21,42,22,3,22,0
585,189,10,2020-04-20 22:00:00,2020-04-20,57,21,1,21,6
528,183,9,2020-04-19 22:00:00,2020-04-19,89,20,0,20,11
439,172,9,2020-04-18 22:00:00,2020-04-18,46,19,0,19,9
393,163,9,2020-04-17 22:00:00,2020-04-17,28,18,0,18,21
365,142,9,2020-04-16 22:00:00,2020-04-16,24,17,0,17,4
341,138,9,2020-04-15 22:00:00,2020-04-15,10,16,1,16,11
331,127,8,2020-04-14 22:00:00,2020-04-14,23,15,0,15,6
308,121,8,2020-04-13 22:00:00,2020-04-13,15,14,1,14,2
293,119,7,2020-04-12 22:00:00,2020-04-12,15,13,1,13,14
278,105,6,2020-04-11 22:00:00,2020-04-11,9,12,1,12,4
269,101,5,2020-04-10 22:00:00,2020-04-10,18,11,1,11,3
251,98,4,2020-04-09 22:00:00,2020-04-09,14,10,0,10,16
237,82,4,2020-04-08 22:00:00,2020-04-08,12,9,1,9,8
225,74,3,2020-04-07 22:00:00,2020-04-07,18,8,0,8,11
207,63,3,2020-04-06 22:00:00,2020-04-06,21,7,0,7,0
186,63,3,2020-04-05 22:00:00,2020-04-05,13,6,0,6,8
173,55,3,2020-04-04 21:00:00,2020-04-04,14,5,0,5,12
159,43,3,2020-04-03 21:00:00,2020-04-03,12,4,0,4,4
147,39,3,2020-04-02 21:00:00,2020-04-02,25,3,0,3,39
122,0,3,2020-04-01 21:00:00,2020-04-01,13,2,0,2,0
109,0,3,2020-03-31 21:00:00,2020-03-31,11,1,2,1,0
98,0,1,2020-03-30 21:00:00,2020-03-30,4,0,0,0,0
94,0,1,2020-03-29 21:00:00,2020-03-29,26,0,0,0,0
68,0,1,2020-03-28 21:00:00,2020-03-28,10,0,1,0,0
58,0,0,2020-03-27 21:10:00,2020-03-27,13,0,0,0,0
45,0,0,2020-03-26 22:20:00,2020-03-26,9,0,0,0,0
36,0,0,2020-03-25 23:20:00,2020-03-25,3,0,0,0,0
33,0,0,2020-03-24 21:20:00,2020-03-24,3,0,0,0,0
30,0,0,2020-03-23 21:40:00,2020-03-23,2,0,0,0,0
28,0,0,2020-03-22 21:00:00,2020-03-22,2,0,0,0,0
26,0,0,2020-03-21 21:00:00,2020-03-21,7,0,0,0,0
19,0,0,2020-03-20 21:20:00,2020-03-20,12,0,0,0,0
7,0,0,2020-03-19 21:30:00,2020-03-19,2,0,0,0,0
5,0,0,2020-03-18 22:00:00,2020-03-18,4,0,0,0,0
1,0,0,2020-03-17 21:00:00,2020-03-17,0,0,0,0,0
1,0,0,2020-03-16 21:00:00,2020-03-16,0,0,0,0,0
1,0,0,2020-03-15 21:00:00,2020-03-15,0,0,0,0,0
1,0,0,2020-03-14 21:00:00,2020-03-14,0,0,0,0,0
1,0,0,2020-03-13 21:00:00,2020-03-13,0,0,0,0,0
1,0,0,2020-03-12 21:00:00,2020-03-12,1,0,0,0,0
0,0,0,2020-03-11 21:00:00,2020-03-11,0,0,0,0,0
0,0,0,2020-03-10 21:00:00,2020-03-10,0,0,0,0,0
0,0,0,2020-03-09 21:00:00,2020-03-09,0,0,0,0,0
0,0,0,2020-03-08 21:00:00,2020-03-08,0,0,0,0,0
0,0,0,2020-03-07 21:00:00,2020-03-07,0,0,0,0,0
0,0,0,2020-03-06 21:00:00,2020-03-06,0,0,0,0,0
0,0,0,2020-03-05 21:00:00,2020-03-05,0,0,0,0,0
0,0,0,2020-03-04 21:00:00,2020-03-04,0,0,0,0,0
0,0,0,2020-03-03 21:00:00,2020-03-03,0,0,0,0,0
0,0,0,2020-03-02 21:00:00,2020-03-02,0,0,0,0,0
0,0,0,2020-03-01 21:00:00,2020-03-01,0,0,0,0,0
0,0,0,2020-02-29 21:00:00,2020-02-29,0,0,0,0,0
0,0,0,2020-02-28 21:00:00,2020-02-28,0,0,0,0,0
0,0,0,2020-02-27 21:00:00,2020-02-27,0,0,0,0,0
0,0,0,2020-02-26 21:00:00,2020-02-26,0,0,0,0,0
0,0,0,2020-02-25 21:00:00,2020-02-25,0,0,0,0,0
0,0,0,2020-02-24 21:00:00,2020-02-24,0,0,0,0,0
0,0,0,2020-02-23 21:00:00,2020-02-23,0,0,0,0,0
0,0,0,2020-02-22 21:00:00,2020-02-22,0,0,0,0,0
0,0,0,2020-02-21 21:00:00,2020-02-21,0,0,0,0,0
0,0,0,2020-02-20 21:00:00,2020-02-20,0,0,0,0,0
0,0,0,2020-02-19 21:00:00,2020-02-19,0,0,0,0,0
0,0,0,2020-02-18 21:00:00,2020-02-18,0,0,0,0,0
0,0,0,2020-02-17 21:00:00,2020-02-17,0,0,0,0,0
0,0,0,2020-02-16 21:00:00,2020-02-16,0,0,0,0,0
0,0,0,2020-02-15 21:00:00,2020-02-15,0,0,0,0,0
0,0,0,2020-02-14 21:00:00,2020-02-14,0,0,0,0,0
0,0,0,2020-02-13 21:00:00,2020-02-13,0,0,0,0,0
0,0,0,2020-02-12 21:00:00,2020-02-12,0,0,0,0,0
0,0,0,2020-02-11 20:30:00,2020-02-11,0,0,0,0,0
0,0,0,2020-02-10 21:00:00,2020-02-10,0,0,0,0,0
0,0,0,2020-02-09 21:00:00,2020-02-09,0,0,0,0,0
0,0,0,2020-02-08 21:00:00,2020-02-08,0,0,0,0,0
0,0,0,2020-02-07 21:00:00,2020-02-07,0,0,0,0,0
0,0,0,2020-02-06 21:00:00,2020-02-06,0,0,0,0,0
0,0,0,2020-02-05 21:00:00,2020-02-05,0,0,0,0,0
0,0,0,2020-02-04 20:00:00,2020-02-04,0,0,0,0,0
0,0,0,2020-02-03 20:00:00,2020-02-03,0,0,0,0,0
0,0,0,2020-02-02 20:00:00,2020-02-02,0,0,0,0,0
0,0,0,2020-02-01 10:00:00,2020-02-01,0,0,0,0,0
0,0,0,2020-01-31 12:30:00,2020-01-31,0,0,0,0,0
0,0,0,2020-01-30 12:00:00,2020-01-30,0,0,0,0,0
0,0,0,2020-01-29 14:00:00,2020-01-29,0,0,0,0,0
0,0,0,2020-01-28 11:30:00,2020-01-28,0,0,0,0,0
0,0,0,2020-01-27 14:00:00,2020-01-27,0,0,0,0,0
0,0,0,2020-01-26 13:00:00,2020-01-26,0,0,0,0,0
0,0,0,2020-01-25 15:00:00,2020-01-25,0,0,0,0,0
0,0,0,2020-01-24 15:00:00,2020-01-24,0,0,0,0,0
0,0,0,2020-01-23 15:00:00,2020-01-23,0,0,0,0,0
0,0,0,2020-01-22 15:00:00,2020-01-22,0,0,0,0,0
0,0,0,2020-01-21 15:00:00,2020-01-21,0,0,0,0,0
