Confirmed,Recovered,Deaths,Date_last_updated_AEDT,date_day,New,DayElapsed,New_death,DayElapsed_death,New_recover
451,372,3,2020-06-03 22:00:00,2020-06-03,0,67,0,11,0
451,372,3,2020-06-02 22:00:00,2020-06-02,2,66,0,10,0
449,372,3,2020-06-01 22:00:00,2020-06-01,1,65,0,9,4
448,368,3,2020-05-31 22:00:00,2020-05-31,1,64,0,8,0
447,368,3,2020-05-30 22:00:00,2020-05-30,1,63,0,7,0
446,368,3,2020-05-29 22:00:00,2020-05-29,11,62,0,6,3
435,365,3,2020-05-28 22:00:00,2020-05-28,1,61,0,5,0
434,365,3,2020-05-27 22:00:00,2020-05-27,11,60,0,4,8
423,357,3,2020-05-26 22:00:00,2020-05-26,0,59,0,3,0
423,357,3,2020-05-25 22:00:00,2020-05-25,0,58,0,2,9
423,348,3,2020-05-24 22:00:00,2020-05-24,0,57,1,1,2
423,346,2,2020-05-23 22:00:00,2020-05-23,0,56,0,0,0
423,346,2,2020-05-22 22:00:00,2020-05-22,25,55,0,0,0
398,346,2,2020-05-21 22:00:00,2020-05-21,7,54,0,0,0
391,346,2,2020-05-20 22:00:00,2020-05-20,3,53,0,0,9
388,337,2,2020-05-19 22:00:00,2020-05-19,7,52,0,0,2
381,335,2,2020-05-18 22:00:00,2020-05-18,5,51,0,0,1
376,334,2,2020-05-17 22:00:00,2020-05-17,1,50,0,0,7
375,327,2,2020-05-16 22:00:00,2020-05-16,0,49,0,0,17
375,310,2,2020-05-15 22:00:00,2020-05-15,0,48,0,0,0
375,310,2,2020-05-14 22:00:00,2020-05-14,0,47,0,0,2
375,308,2,2020-05-13 22:00:00,2020-05-13,0,46,0,0,7
375,301,2,2020-05-12 22:00:00,2020-05-12,0,45,0,0,0
375,301,2,2020-05-11 22:00:00,2020-05-11,0,44,0,0,73
375,228,2,2020-05-10 22:00:00,2020-05-10,0,43,0,0,0
375,228,2,2020-05-09 22:00:00,2020-05-09,0,42,0,0,52
375,176,2,2020-05-08 22:00:00,2020-05-08,1,41,0,0,2
374,174,2,2020-05-07 22:00:00,2020-05-07,3,40,0,0,47
371,127,2,2020-05-06 22:00:00,2020-05-06,9,39,0,0,25
362,102,2,2020-05-05 22:00:00,2020-05-05,9,38,0,0,25
353,77,2,2020-05-04 22:00:00,2020-05-04,0,37,0,0,1
353,76,2,2020-05-03 22:00:00,2020-05-03,0,36,0,0,0
353,76,2,2020-05-02 22:00:00,2020-05-02,9,35,0,0,0
344,76,2,2020-05-01 22:00:00,2020-05-01,0,34,0,0,5
344,71,2,2020-04-30 22:00:00,2020-04-30,1,33,0,0,0
343,71,2,2020-04-29 22:00:00,2020-04-29,1,32,0,0,-12
342,83,2,2020-04-28 22:00:00,2020-04-28,0,31,0,0,0
342,83,2,2020-04-27 22:00:00,2020-04-27,0,30,0,0,-9
342,92,2,2020-04-26 22:00:00,2020-04-26,-142,29,0,0,0
484,92,2,2020-04-25 22:00:00,2020-04-25,4,28,0,0,0
480,92,2,2020-04-24 22:00:00,2020-04-24,0,27,0,0,0
480,92,2,2020-04-23 22:00:00,2020-04-23,6,26,0,0,21
474,71,2,2020-04-22 22:00:00,2020-04-22,13,25,0,0,0
461,71,2,2020-04-21 22:00:00,2020-04-21,12,24,0,0,0
449,71,2,2020-04-20 22:00:00,2020-04-20,18,23,0,0,0
431,71,2,2020-04-19 22:00:00,2020-04-19,13,22,0,0,2
418,69,2,2020-04-18 22:00:00,2020-04-18,16,21,0,0,0
402,69,2,2020-04-17 22:00:00,2020-04-17,28,20,0,0,6
374,63,2,2020-04-16 22:00:00,2020-04-16,66,19,0,0,1
308,62,2,2020-04-15 22:00:00,2020-04-15,0,18,0,0,4
308,58,2,2020-04-14 22:00:00,2020-04-14,18,17,0,0,0
290,58,2,2020-04-13 22:00:00,2020-04-13,22,16,0,0,1
268,57,2,2020-04-12 22:00:00,2020-04-12,0,15,0,0,11
268,46,2,2020-04-11 22:00:00,2020-04-11,2,14,0,0,1
266,45,2,2020-04-10 22:00:00,2020-04-10,3,13,1,0,1
263,44,1,2020-04-09 22:00:00,2020-04-09,0,12,0,0,0
263,44,1,2020-04-08 22:00:00,2020-04-08,3,11,0,0,20
260,24,1,2020-04-07 22:00:00,2020-04-07,8,10,0,0,-1
252,25,1,2020-04-06 22:00:00,2020-04-06,26,9,0,0,2
226,23,1,2020-04-05 22:00:00,2020-04-05,21,8,0,0,2
205,21,1,2020-04-04 21:00:00,2020-04-04,34,7,0,0,3
171,18,1,2020-04-03 21:00:00,2020-04-03,16,6,0,0,0
155,18,1,2020-04-02 21:00:00,2020-04-02,21,5,0,0,0
134,18,1,2020-04-01 21:00:00,2020-04-01,17,4,0,0,0
117,18,1,2020-03-31 21:00:00,2020-03-31,2,3,0,0,0
115,18,1,2020-03-30 21:00:00,2020-03-30,9,2,0,0,0
106,18,1,2020-03-29 21:00:00,2020-03-29,9,1,0,0,0
97,18,1,2020-03-28 21:00:00,2020-03-28,6,0,0,0,1
91,17,1,2020-03-27 21:10:00,2020-03-27,7,0,0,0,0
84,17,1,2020-03-26 22:20:00,2020-03-26,22,0,1,0,1
62,16,0,2020-03-25 23:20:00,2020-03-25,2,0,0,0,-1
60,17,0,2020-03-24 21:20:00,2020-03-24,1,0,0,0,0
59,17,0,2020-03-23 21:40:00,2020-03-23,6,0,0,0,0
53,17,0,2020-03-22 21:00:00,2020-03-22,1,0,0,0,0
52,17,0,2020-03-21 21:00:00,2020-03-21,4,0,0,0,0
48,17,0,2020-03-20 21:20:00,2020-03-20,1,0,0,0,17
47,0,0,2020-03-19 21:30:00,2020-03-19,3,0,0,0,0
44,0,0,2020-03-18 22:00:00,2020-03-18,4,0,0,0,0
40,0,0,2020-03-17 21:00:00,2020-03-17,1,0,0,0,0
39,0,0,2020-03-16 21:00:00,2020-03-16,1,0,0,0,0
38,0,0,2020-03-15 21:00:00,2020-03-15,3,0,0,0,0
35,0,0,2020-03-14 21:00:00,2020-03-14,0,0,0,0,0
35,0,0,2020-03-13 21:00:00,2020-03-13,5,0,0,0,0
30,0,0,2020-03-12 21:00:00,2020-03-12,0,0,0,0,0
30,0,0,2020-03-11 21:00:00,2020-03-11,5,0,0,0,0
25,0,0,2020-03-10 21:00:00,2020-03-10,5,0,0,0,0
20,0,0,2020-03-09 21:00:00,2020-03-09,1,0,0,0,0
19,0,0,2020-03-08 21:00:00,2020-03-08,3,0,0,0,0
16,0,0,2020-03-07 21:00:00,2020-03-07,9,0,0,0,0
7,0,0,2020-03-06 21:00:00,2020-03-06,3,0,0,0,0
4,0,0,2020-03-05 21:00:00,2020-03-05,4,0,0,0,0
0,0,0,2020-03-04 21:00:00,2020-03-04,0,0,0,0,0
0,0,0,2020-03-03 21:00:00,2020-03-03,0,0,0,0,0
0,0,0,2020-03-02 21:00:00,2020-03-02,0,0,0,0,0
0,0,0,2020-03-01 21:00:00,2020-03-01,0,0,0,0,0
0,0,0,2020-02-29 21:00:00,2020-02-29,0,0,0,0,0
0,0,0,2020-02-28 21:00:00,2020-02-28,0,0,0,0,0
0,0,0,2020-02-27 21:00:00,2020-02-27,0,0,0,0,0
0,0,0,2020-02-26 21:00:00,2020-02-26,0,0,0,0,0
0,0,0,2020-02-25 21:00:00,2020-02-25,0,0,0,0,0
0,0,0,2020-02-24 21:00:00,2020-02-24,0,0,0,0,0
0,0,0,2020-02-23 21:00:00,2020-02-23,0,0,0,0,0
0,0,0,2020-02-22 21:00:00,2020-02-22,0,0,0,0,0
0,0,0,2020-02-21 21:00:00,2020-02-21,0,0,0,0,0
0,0,0,2020-02-20 21:00:00,2020-02-20,0,0,0,0,0
0,0,0,2020-02-19 21:00:00,2020-02-19,0,0,0,0,0
0,0,0,2020-02-18 21:00:00,2020-02-18,0,0,0,0,0
0,0,0,2020-02-17 21:00:00,2020-02-17,0,0,0,0,0
0,0,0,2020-02-16 21:00:00,2020-02-16,0,0,0,0,0
0,0,0,2020-02-15 21:00:00,2020-02-15,0,0,0,0,0
0,0,0,2020-02-14 21:00:00,2020-02-14,0,0,0,0,0
0,0,0,2020-02-13 21:00:00,2020-02-13,0,0,0,0,0
0,0,0,2020-02-12 21:00:00,2020-02-12,0,0,0,0,0
0,0,0,2020-02-11 20:30:00,2020-02-11,0,0,0,0,0
0,0,0,2020-02-10 21:00:00,2020-02-10,0,0,0,0,0
0,0,0,2020-02-09 21:00:00,2020-02-09,0,0,0,0,0
0,0,0,2020-02-08 21:00:00,2020-02-08,0,0,0,0,0
0,0,0,2020-02-07 21:00:00,2020-02-07,0,0,0,0,0
0,0,0,2020-02-06 21:00:00,2020-02-06,0,0,0,0,0
0,0,0,2020-02-05 21:00:00,2020-02-05,0,0,0,0,0
0,0,0,2020-02-04 20:00:00,2020-02-04,0,0,0,0,0
0,0,0,2020-02-03 20:00:00,2020-02-03,0,0,0,0,0
0,0,0,2020-02-02 20:00:00,2020-02-02,0,0,0,0,0
0,0,0,2020-02-01 10:00:00,2020-02-01,0,0,0,0,0
0,0,0,2020-01-31 12:30:00,2020-01-31,0,0,0,0,0
0,0,0,2020-01-30 12:00:00,2020-01-30,0,0,0,0,0
0,0,0,2020-01-29 14:00:00,2020-01-29,0,0,0,0,0
0,0,0,2020-01-28 11:30:00,2020-01-28,0,0,0,0,0
0,0,0,2020-01-27 14:00:00,2020-01-27,0,0,0,0,0
0,0,0,2020-01-26 13:00:00,2020-01-26,0,0,0,0,0
0,0,0,2020-01-25 15:00:00,2020-01-25,0,0,0,0,0
0,0,0,2020-01-24 15:00:00,2020-01-24,0,0,0,0,0
0,0,0,2020-01-23 15:00:00,2020-01-23,0,0,0,0,0
0,0,0,2020-01-22 15:00:00,2020-01-22,0,0,0,0,0
0,0,0,2020-01-21 15:00:00,2020-01-21,0,0,0,0,0
