Confirmed,Recovered,Deaths,Date_last_updated_AEDT,date_day,New,DayElapsed,New_death,DayElapsed_death,New_recover
55906,31122,1180,2020-07-23 22:00:00,2020-07-23,753,127,21,124,1047
55153,30075,1159,2020-07-22 22:00:00,2020-07-22,727,126,32,123,911
54426,29164,1127,2020-07-21 22:00:00,2020-07-21,958,125,31,122,682
53468,28482,1096,2020-07-20 22:00:00,2020-07-20,1207,124,25,121,988
52261,27494,1071,2020-07-19 22:00:00,2020-07-19,853,123,33,120,974
51408,26520,1038,2020-07-18 22:00:00,2020-07-18,1035,122,38,119,678
50373,25842,1000,2020-07-17 22:00:00,2020-07-17,1130,121,18,118,425
49243,25417,982,2020-07-16 22:00:00,2020-07-16,1147,120,22,117,750
48096,24667,960,2020-07-15 22:00:00,2020-07-15,923,119,28,116,748
47173,23919,932,2020-07-14 22:00:00,2020-07-14,1540,118,23,115,880
45633,23039,909,2020-07-13 22:00:00,2020-07-13,1301,117,16,114,869
44332,22170,893,2020-07-12 22:00:00,2020-07-12,1075,116,30,113,744
43257,21426,863,2020-07-11 22:00:00,2020-07-11,1041,115,24,112,989
42216,20437,839,2020-07-10 22:00:00,2020-07-10,965,114,20,111,968
41251,19469,819,2020-07-09 22:00:00,2020-07-09,960,113,20,110,743
40291,18726,799,2020-07-08 22:00:00,2020-07-08,957,112,29,109,690
39334,18036,770,2020-07-07 22:00:00,2020-07-07,1185,111,23,108,50
38149,17986,747,2020-07-06 22:00:00,2020-07-06,1166,110,27,107,225
36983,17761,720,2020-07-05 22:00:00,2020-07-05,988,109,22,106,816
35995,16945,698,2020-07-04 22:00:00,2020-07-04,758,108,31,105,500
35237,16445,667,2020-07-03 22:00:00,2020-07-03,774,107,22,104,500
34463,15945,645,2020-07-02 22:00:00,2020-07-02,913,106,14,103,200
33550,15745,631,2020-07-01 22:00:00,2020-07-01,765,105,11,102,150
32785,15595,620,2020-06-30 22:00:00,2020-06-30,1099,104,16,101,125
31686,15470,604,2020-06-29 22:00:00,2020-06-29,1028,103,12,100,100
30658,15370,592,2020-06-28 22:00:00,2020-06-28,753,102,17,99,100
29905,15270,575,2020-06-27 22:00:00,2020-06-27,868,101,11,98,470
29037,14800,564,2020-06-26 22:00:00,2020-06-26,1007,100,17,97,6
28030,14794,547,2020-06-25 22:00:00,2020-06-25,716,99,11,96,100
27314,14694,536,2020-06-24 22:00:00,2020-06-24,562,98,15,95,30
26752,14664,521,2020-06-23 22:00:00,2020-06-23,722,97,20,94,305
26030,14359,501,2020-06-22 22:00:00,2020-06-22,808,96,8,93,0
25222,14359,493,2020-06-21 22:00:00,2020-06-21,948,95,8,92,0
24274,14359,485,2020-06-20 22:00:00,2020-06-20,923,94,10,91,577
23351,13782,475,2020-06-19 22:00:00,2020-06-19,754,93,5,90,8
22597,13774,470,2020-06-18 22:00:00,2020-06-18,635,92,13,89,0
21962,13774,457,2020-06-17 22:00:00,2020-06-17,540,91,9,88,8
21422,13766,448,2020-06-16 22:00:00,2020-06-16,736,90,11,87,0
20686,13766,437,2020-06-15 22:00:00,2020-06-15,627,89,8,86,7
20059,13759,429,2020-06-14 22:00:00,2020-06-14,848,88,8,85,0
19211,13759,421,2020-06-13 22:00:00,2020-06-13,625,87,3,84,2782
18586,10977,418,2020-06-12 22:00:00,2020-06-12,697,86,5,83,0
17889,10977,413,2020-06-11 22:00:00,2020-06-11,656,85,10,82,416
17233,10561,403,2020-06-10 22:00:00,2020-06-10,379,84,5,81,160
16854,10401,398,2020-06-09 22:00:00,2020-06-09,429,83,5,80,183
16425,10218,393,2020-06-08 22:00:00,2020-06-08,421,82,7,79,100
16004,10118,386,2020-06-07 22:00:00,2020-06-07,541,81,16,78,399
15463,9719,370,2020-06-06 22:00:00,2020-06-06,419,80,7,77,100
15044,9619,363,2020-06-05 22:00:00,2020-06-05,435,79,6,76,100
14609,9519,357,2020-06-04 22:00:00,2020-06-04,514,78,5,75,5
14095,9514,352,2020-06-03 22:00:00,2020-06-03,258,77,8,74,0
13837,9514,344,2020-06-02 22:00:00,2020-06-02,374,76,8,73,0
13463,9514,336,2020-06-01 22:00:00,2020-06-01,445,75,6,72,100
13018,9414,330,2020-05-31 22:00:00,2020-05-31,487,74,4,71,1874
12531,7540,326,2020-05-30 22:00:00,2020-05-30,400,73,6,70,161
12131,7379,320,2020-05-29 22:00:00,2020-05-29,403,72,5,69,0
11728,7379,315,2020-05-28 22:00:00,2020-05-28,281,71,2,68,1000
11447,6379,313,2020-05-27 22:00:00,2020-05-27,264,70,3,67,100
11183,6279,310,2020-05-26 22:00:00,2020-05-26,257,69,4,66,0
10926,6279,306,2020-05-25 22:00:00,2020-05-25,349,68,7,65,0
10577,6279,299,2020-05-24 22:00:00,2020-05-24,310,67,4,64,4
10267,6275,295,2020-05-23 22:00:00,2020-05-23,151,66,4,63,30
10116,6245,291,2020-05-22 22:00:00,2020-05-22,139,65,4,62,51
9977,6194,287,2020-05-21 22:00:00,2020-05-21,110,64,6,61,0
9867,6194,281,2020-05-20 22:00:00,2020-05-20,141,63,2,60,113
9726,6081,279,2020-05-19 22:00:00,2020-05-19,120,62,4,59,0
9606,6081,275,2020-05-18 22:00:00,2020-05-18,157,61,6,58,1
9449,6080,269,2020-05-17 22:00:00,2020-05-17,181,60,3,57,0
9268,6080,266,2020-05-16 22:00:00,2020-05-16,150,59,6,56,0
9118,6080,260,2020-05-15 22:00:00,2020-05-15,174,58,4,55,13
8944,6067,256,2020-05-14 22:00:00,2020-05-14,161,57,4,54,46
8783,6021,252,2020-05-13 22:00:00,2020-05-13,167,56,3,53,1334
8616,4687,249,2020-05-12 22:00:00,2020-05-12,168,55,5,52,0
8448,4687,244,2020-05-11 22:00:00,2020-05-11,166,54,7,51,186
8282,4501,237,2020-05-10 22:00:00,2020-05-10,212,53,6,50,3615
8070,886,231,2020-05-09 22:00:00,2020-05-09,202,52,6,49,0
7868,886,225,2020-05-08 22:00:00,2020-05-08,137,51,7,48,27
7731,859,218,2020-05-07 22:00:00,2020-05-07,208,50,8,47,36
7523,823,210,2020-05-06 22:00:00,2020-05-06,136,49,7,46,97
7387,726,203,2020-05-05 22:00:00,2020-05-05,190,48,3,45,85
7197,641,200,2020-05-04 22:00:00,2020-05-04,107,47,3,44,0
7090,641,197,2020-05-03 22:00:00,2020-05-03,370,46,5,43,19
6720,622,192,2020-05-02 22:00:00,2020-05-02,188,45,4,42,46
6532,576,188,2020-05-01 22:00:00,2020-05-01,154,44,10,41,49
6378,527,178,2020-04-30 22:00:00,2020-04-30,178,43,2,40,43
6200,484,176,2020-04-29 22:00:00,2020-04-29,179,42,9,39,29
6021,455,167,2020-04-28 22:00:00,2020-04-28,242,41,2,38,86
5779,369,165,2020-04-27 22:00:00,2020-04-27,241,40,6,37,31
5538,338,159,2020-04-26 22:00:00,2020-04-26,200,39,5,36,19
5338,319,154,2020-04-25 22:00:00,2020-04-25,172,38,8,35,48
5166,271,146,2020-04-24 22:00:00,2020-04-24,174,37,2,34,16
4992,255,144,2020-04-23 22:00:00,2020-04-23,171,36,3,33,24
4821,231,141,2020-04-22 22:00:00,2020-04-22,163,35,5,32,27
4658,204,136,2020-04-21 22:00:00,2020-04-21,191,34,10,31,39
4467,165,126,2020-04-20 22:00:00,2020-04-20,194,33,6,30,25
4273,140,120,2020-04-19 22:00:00,2020-04-19,63,32,4,29,18
4210,122,116,2020-04-18 22:00:00,2020-04-18,194,31,7,28,24
4016,98,109,2020-04-17 22:00:00,2020-04-17,265,30,6,27,23
3751,75,103,2020-04-16 22:00:00,2020-04-16,177,29,8,26,3
3574,72,95,2020-04-15 22:00:00,2020-04-15,102,28,1,25,11
3472,61,94,2020-04-14 22:00:00,2020-04-14,72,27,7,24,32
3400,29,87,2020-04-13 22:00:00,2020-04-13,166,26,8,23,6
3234,23,79,2020-04-12 22:00:00,2020-04-12,260,25,5,22,6
2974,17,74,2020-04-11 22:00:00,2020-04-11,222,24,8,21,1
2752,16,66,2020-04-10 22:00:00,2020-04-10,224,23,3,20,0
2528,16,63,2020-04-09 22:00:00,2020-04-09,279,22,4,19,0
2249,16,59,2020-04-08 22:00:00,2020-04-08,149,21,4,18,2
2100,14,55,2020-04-07 22:00:00,2020-04-07,112,20,1,17,1
1988,13,54,2020-04-06 22:00:00,2020-04-06,187,19,8,16,0
1801,13,46,2020-04-05 22:00:00,2020-04-05,128,18,5,15,3
1673,10,41,2020-04-04 21:00:00,2020-04-04,198,17,4,14,1
1475,9,37,2020-04-03 21:00:00,2020-04-03,158,16,5,13,0
1317,9,32,2020-04-02 21:00:00,2020-04-02,136,15,2,12,0
1181,9,30,2020-04-01 21:00:00,2020-04-01,106,14,3,11,0
1075,9,27,2020-03-31 21:00:00,2020-03-31,86,13,3,10,5
989,4,24,2020-03-30 21:00:00,2020-03-30,88,12,7,9,0
901,4,17,2020-03-29 21:00:00,2020-03-29,115,11,3,8,2
786,2,14,2020-03-28 21:00:00,2020-03-28,112,10,5,7,0
674,2,9,2020-03-27 21:10:00,2020-03-27,116,9,1,6,0
558,2,8,2020-03-26 22:20:00,2020-03-26,115,8,2,5,1
443,1,6,2020-03-25 23:20:00,2020-03-25,98,7,0,4,0
345,1,6,2020-03-24 21:20:00,2020-03-24,32,6,3,3,0
313,1,3,2020-03-23 21:40:00,2020-03-23,68,5,0,2,0
245,1,3,2020-03-22 21:00:00,2020-03-22,45,4,2,1,0
200,1,1,2020-03-21 21:00:00,2020-03-21,63,3,0,0,0
137,1,1,2020-03-20 21:20:00,2020-03-20,28,2,0,0,1
109,0,1,2020-03-19 21:30:00,2020-03-19,23,1,0,0,0
86,0,1,2020-03-18 22:00:00,2020-03-18,17,0,0,0,0
69,0,1,2020-03-17 21:00:00,2020-03-17,14,0,0,0,0
55,0,1,2020-03-16 21:00:00,2020-03-16,12,0,0,0,0
43,0,1,2020-03-15 21:00:00,2020-03-15,7,0,0,0,0
36,0,1,2020-03-14 21:00:00,2020-03-14,9,0,0,0,0
27,0,1,2020-03-13 21:00:00,2020-03-13,13,0,0,0,0
14,0,1,2020-03-12 21:00:00,2020-03-12,6,0,0,0,0
8,0,1,2020-03-11 21:00:00,2020-03-11,7,0,1,0,0
1,0,0,2020-03-10 21:00:00,2020-03-10,1,0,0,0,0
0,0,0,2020-03-09 21:00:00,2020-03-09,0,0,0,0,0
0,0,0,2020-03-08 21:00:00,2020-03-08,0,0,0,0,0
0,0,0,2020-03-07 21:00:00,2020-03-07,0,0,0,0,0
0,0,0,2020-03-06 21:00:00,2020-03-06,0,0,0,0,0
0,0,0,2020-03-05 21:00:00,2020-03-05,0,0,0,0,0
0,0,0,2020-03-04 21:00:00,2020-03-04,0,0,0,0,0
0,0,0,2020-03-03 21:00:00,2020-03-03,0,0,0,0,0
0,0,0,2020-03-02 21:00:00,2020-03-02,0,0,0,0,0
0,0,0,2020-03-01 21:00:00,2020-03-01,0,0,0,0,0
0,0,0,2020-02-29 21:00:00,2020-02-29,0,0,0,0,0
0,0,0,2020-02-28 21:00:00,2020-02-28,0,0,0,0,0
0,0,0,2020-02-27 21:00:00,2020-02-27,0,0,0,0,0
0,0,0,2020-02-26 21:00:00,2020-02-26,0,0,0,0,0
0,0,0,2020-02-25 21:00:00,2020-02-25,0,0,0,0,0
0,0,0,2020-02-24 21:00:00,2020-02-24,0,0,0,0,0
0,0,0,2020-02-23 21:00:00,2020-02-23,0,0,0,0,0
0,0,0,2020-02-22 21:00:00,2020-02-22,0,0,0,0,0
0,0,0,2020-02-21 21:00:00,2020-02-21,0,0,0,0,0
0,0,0,2020-02-20 21:00:00,2020-02-20,0,0,0,0,0
0,0,0,2020-02-19 21:00:00,2020-02-19,0,0,0,0,0
0,0,0,2020-02-18 21:00:00,2020-02-18,0,0,0,0,0
0,0,0,2020-02-17 21:00:00,2020-02-17,0,0,0,0,0
0,0,0,2020-02-16 21:00:00,2020-02-16,0,0,0,0,0
0,0,0,2020-02-15 21:00:00,2020-02-15,0,0,0,0,0
0,0,0,2020-02-14 21:00:00,2020-02-14,0,0,0,0,0
0,0,0,2020-02-13 21:00:00,2020-02-13,0,0,0,0,0
0,0,0,2020-02-12 21:00:00,2020-02-12,0,0,0,0,0
0,0,0,2020-02-11 20:30:00,2020-02-11,0,0,0,0,0
0,0,0,2020-02-10 21:00:00,2020-02-10,0,0,0,0,0
0,0,0,2020-02-09 21:00:00,2020-02-09,0,0,0,0,0
0,0,0,2020-02-08 21:00:00,2020-02-08,0,0,0,0,0
0,0,0,2020-02-07 21:00:00,2020-02-07,0,0,0,0,0
0,0,0,2020-02-06 21:00:00,2020-02-06,0,0,0,0,0
0,0,0,2020-02-05 21:00:00,2020-02-05,0,0,0,0,0
0,0,0,2020-02-04 20:00:00,2020-02-04,0,0,0,0,0
0,0,0,2020-02-03 20:00:00,2020-02-03,0,0,0,0,0
0,0,0,2020-02-02 20:00:00,2020-02-02,0,0,0,0,0
0,0,0,2020-02-01 10:00:00,2020-02-01,0,0,0,0,0
0,0,0,2020-01-31 12:30:00,2020-01-31,0,0,0,0,0
0,0,0,2020-01-30 12:00:00,2020-01-30,0,0,0,0,0
0,0,0,2020-01-29 14:00:00,2020-01-29,0,0,0,0,0
0,0,0,2020-01-28 11:30:00,2020-01-28,0,0,0,0,0
0,0,0,2020-01-27 14:00:00,2020-01-27,0,0,0,0,0
0,0,0,2020-01-26 13:00:00,2020-01-26,0,0,0,0,0
0,0,0,2020-01-25 15:00:00,2020-01-25,0,0,0,0,0
0,0,0,2020-01-24 15:00:00,2020-01-24,0,0,0,0,0
0,0,0,2020-01-23 15:00:00,2020-01-23,0,0,0,0,0
0,0,0,2020-01-22 15:00:00,2020-01-22,0,0,0,0,0
0,0,0,2020-01-21 15:00:00,2020-01-21,0,0,0,0,0
