Confirmed,Recovered,Deaths,Date_last_updated_AEDT,date_day,New,DayElapsed,New_death,DayElapsed_death,New_recover
95100,1369,6754,2020-07-07 22:00:00,2020-07-07,697,112,1,107,0
94403,1369,6753,2020-07-06 22:00:00,2020-07-06,481,111,4,106,0
93922,1369,6749,2020-07-05 22:00:00,2020-07-05,530,110,3,105,0
93392,1369,6746,2020-07-04 22:00:00,2020-07-04,780,109,34,104,0
92612,1369,6712,2020-07-03 22:00:00,2020-07-03,837,108,28,103,0
91775,1369,6684,2020-07-02 22:00:00,2020-07-02,636,107,35,102,0
91139,1369,6649,2020-07-01 22:00:00,2020-07-01,672,106,35,101,0
90467,1369,6614,2020-06-30 22:00:00,2020-06-30,604,105,8,100,0
89863,1369,6606,2020-06-29 22:00:00,2020-06-29,417,104,3,99,0
89446,1369,6603,2020-06-28 22:00:00,2020-06-28,586,103,24,98,0
88860,1369,6579,2020-06-27 22:00:00,2020-06-27,719,102,22,97,0
88141,1369,6557,2020-06-26 22:00:00,2020-06-26,456,101,39,96,0
87685,1369,6518,2020-06-25 22:00:00,2020-06-25,477,100,54,95,0
87208,1369,6464,2020-06-24 22:00:00,2020-06-24,632,99,38,94,0
86576,1369,6426,2020-06-23 22:00:00,2020-06-23,641,98,3,93,0
85935,1369,6423,2020-06-22 22:00:00,2020-06-22,345,97,4,92,0
85590,1369,6419,2020-06-21 22:00:00,2020-06-21,391,96,20,91,0
85199,1369,6399,2020-06-20 22:00:00,2020-06-20,516,95,38,90,0
84683,1369,6361,2020-06-19 22:00:00,2020-06-19,394,94,42,89,0
84289,1369,6319,2020-06-18 22:00:00,2020-06-18,311,93,43,88,0
83978,1369,6276,2020-06-17 22:00:00,2020-06-17,389,92,33,87,0
83589,1369,6243,2020-06-16 22:00:00,2020-06-16,386,91,28,86,0
83203,1369,6215,2020-06-15 22:00:00,2020-06-15,259,90,4,85,0
82944,1369,6211,2020-06-14 22:00:00,2020-06-14,463,89,49,84,0
82481,1369,6162,2020-06-13 22:00:00,2020-06-13,633,88,49,83,0
81848,1369,6113,2020-06-12 22:00:00,2020-06-12,532,87,51,82,0
81316,1369,6062,2020-06-11 22:00:00,2020-06-11,446,86,48,81,0
80870,1369,6014,2020-06-10 22:00:00,2020-06-10,531,85,61,80,0
80339,1369,5953,2020-06-09 22:00:00,2020-06-09,431,84,10,79,0
79908,1369,5943,2020-06-08 22:00:00,2020-06-08,403,83,12,78,0
79505,1369,5931,2020-06-07 22:00:00,2020-06-07,690,82,33,77,0
78815,1369,5898,2020-06-06 22:00:00,2020-06-06,480,81,66,76,0
78335,1369,5832,2020-06-05 22:00:00,2020-06-05,555,80,90,75,0
77780,1369,5742,2020-06-04 22:00:00,2020-06-04,555,79,75,74,0
77225,1369,5667,2020-06-03 22:00:00,2020-06-03,579,78,100,73,0
76646,1369,5567,2020-06-02 22:00:00,2020-06-02,517,77,12,72,0
76129,1369,5555,2020-06-01 22:00:00,2020-06-01,432,76,18,71,0
75697,1369,5537,2020-05-31 22:00:00,2020-05-31,713,75,73,70,0
74984,1369,5464,2020-05-30 22:00:00,2020-05-30,764,74,91,69,0
74220,1369,5373,2020-05-29 22:00:00,2020-05-29,663,73,108,68,0
73557,1369,5265,2020-05-28 22:00:00,2020-05-28,779,72,102,67,0
72778,1369,5163,2020-05-27 22:00:00,2020-05-27,446,71,15,66,0
72332,1369,5148,2020-05-26 22:00:00,2020-05-26,769,70,12,65,0
71563,1369,5136,2020-05-25 22:00:00,2020-05-25,554,69,24,64,0
71009,1369,5112,2020-05-24 22:00:00,2020-05-24,798,68,102,63,0
70211,1369,5010,2020-05-23 22:00:00,2020-05-23,959,67,141,62,0
69252,1369,4869,2020-05-22 22:00:00,2020-05-22,1126,66,99,61,0
68126,1369,4770,2020-05-21 22:00:00,2020-05-21,815,65,142,60,0
67311,1369,4628,2020-05-20 22:00:00,2020-05-20,642,64,113,59,0
66669,1369,4515,2020-05-19 22:00:00,2020-05-19,969,63,20,58,29
65700,1340,4495,2020-05-18 22:00:00,2020-05-18,515,62,15,57,220
65185,1120,4480,2020-05-17 22:00:00,2020-05-17,1049,61,58,56,0
64136,1120,4422,2020-05-16 22:00:00,2020-05-16,1031,60,134,55,0
63105,1120,4288,2020-05-15 22:00:00,2020-05-15,1004,59,194,54,0
62101,1120,4094,2020-05-14 22:00:00,2020-05-14,791,58,180,53,0
61310,1120,3914,2020-05-13 22:00:00,2020-05-13,851,57,91,52,0
60459,1120,3823,2020-05-12 22:00:00,2020-05-12,520,56,17,51,0
59939,1120,3806,2020-05-11 22:00:00,2020-05-11,1379,55,27,50,0
58560,1120,3779,2020-05-10 22:00:00,2020-05-10,1189,54,64,49,10
57371,1110,3715,2020-05-09 22:00:00,2020-05-09,1415,53,126,48,30
55956,1080,3589,2020-05-08 22:00:00,2020-05-08,1156,52,244,47,36
54800,1044,3345,2020-05-07 22:00:00,2020-05-07,936,51,166,46,0
53864,1044,3179,2020-05-06 22:00:00,2020-05-06,1048,50,341,45,128
52816,916,2838,2020-05-05 22:00:00,2020-05-05,1591,49,118,44,0
51225,916,2720,2020-05-04 22:00:00,2020-05-04,731,48,25,43,0
50494,916,2695,2020-05-03 22:00:00,2020-05-03,915,47,60,42,79
49579,837,2635,2020-05-02 22:00:00,2020-05-02,1445,46,160,41,0
48134,837,2475,2020-05-01 22:00:00,2020-05-01,1676,45,89,40,0
46458,837,2386,2020-04-30 22:00:00,2020-04-30,1321,44,340,39,72
45137,765,2046,2020-04-29 22:00:00,2020-04-29,1489,43,140,38,0
43648,765,1906,2020-04-28 22:00:00,2020-04-28,1032,42,90,37,73
42616,692,1816,2020-04-27 22:00:00,2020-04-27,1011,41,6,36,11
41605,681,1810,2020-04-26 22:00:00,2020-04-26,1397,40,63,35,10
40208,671,1747,2020-04-25 22:00:00,2020-04-25,1829,39,23,34,68
38379,603,1724,2020-04-24 22:00:00,2020-04-24,2167,38,51,33,17
36212,586,1673,2020-04-23 22:00:00,2020-04-23,873,37,59,32,120
35339,466,1614,2020-04-22 22:00:00,2020-04-22,1334,36,257,31,0
34005,466,1357,2020-04-21 22:00:00,2020-04-21,1103,35,81,30,0
32902,466,1276,2020-04-20 22:00:00,2020-04-20,1107,34,171,29,93
31795,373,1105,2020-04-19 22:00:00,2020-04-19,1764,33,184,28,33
30031,340,921,2020-04-18 22:00:00,2020-04-18,1717,32,73,27,23
28314,317,848,2020-04-17 22:00:00,2020-04-17,1510,31,61,26,53
26804,264,787,2020-04-16 22:00:00,2020-04-16,1213,30,85,25,0
25591,264,702,2020-04-15 22:00:00,2020-04-15,1255,29,110,24,0
24336,264,592,2020-04-14 22:00:00,2020-04-14,1339,28,35,23,85
22997,179,557,2020-04-13 22:00:00,2020-04-13,1055,27,27,22,0
21942,179,530,2020-04-12 22:00:00,2020-04-12,1534,26,81,21,9
20408,170,449,2020-04-11 22:00:00,2020-04-11,1775,25,84,20,0
18633,170,365,2020-04-10 22:00:00,2020-04-10,1887,24,46,19,36
16746,134,319,2020-04-09 22:00:00,2020-04-09,1790,23,69,18,0
14956,134,250,2020-04-08 22:00:00,2020-04-08,1750,22,71,17,58
13206,76,179,2020-04-07 22:00:00,2020-04-07,1617,21,28,16,0
11589,76,151,2020-04-06 22:00:00,2020-04-06,1082,20,12,15,0
10507,76,139,2020-04-05 22:00:00,2020-04-05,1937,19,37,14,9
8570,67,102,2020-04-04 21:00:00,2020-04-04,1225,18,10,13,0
7345,67,92,2020-04-03 21:00:00,2020-04-03,1282,17,18,12,9
6063,58,74,2020-04-02 21:00:00,2020-04-02,1069,16,7,11,58
4994,0,67,2020-04-01 21:00:00,2020-04-01,839,15,16,10,0
4155,0,51,2020-03-31 21:00:00,2020-03-31,690,14,8,9,0
3465,0,43,2020-03-30 21:00:00,2020-03-30,556,13,8,8,0
2909,0,35,2020-03-29 21:00:00,2020-03-29,564,12,12,7,0
2345,0,23,2020-03-28 21:00:00,2020-03-28,532,11,5,6,0
1813,0,18,2020-03-27 21:10:00,2020-03-27,529,10,3,5,0
1284,0,15,2020-03-26 22:20:00,2020-03-26,338,9,7,4,0
946,0,8,2020-03-25 23:20:00,2020-03-25,248,8,1,3,0
698,0,7,2020-03-24 21:20:00,2020-03-24,182,7,2,2,0
516,0,5,2020-03-23 21:40:00,2020-03-23,111,6,3,1,0
405,0,2,2020-03-22 21:00:00,2020-03-22,94,5,1,0,0
311,0,1,2020-03-21 21:00:00,2020-03-21,105,4,0,0,0
206,0,1,2020-03-20 21:20:00,2020-03-20,49,3,0,0,0
157,0,1,2020-03-19 21:30:00,2020-03-19,42,2,1,0,0
115,0,0,2020-03-18 22:00:00,2020-03-18,33,1,0,0,0
82,0,0,2020-03-17 21:00:00,2020-03-17,16,0,0,0,0
66,0,0,2020-03-16 21:00:00,2020-03-16,19,0,0,0,0
47,0,0,2020-03-15 21:00:00,2020-03-15,6,0,0,0,0
41,0,0,2020-03-14 21:00:00,2020-03-14,19,0,0,0,0
22,0,0,2020-03-13 21:00:00,2020-03-13,6,0,0,0,0
16,0,0,2020-03-12 21:00:00,2020-03-12,2,0,0,0,0
14,0,0,2020-03-11 21:00:00,2020-03-11,4,0,0,0,0
10,0,0,2020-03-10 21:00:00,2020-03-10,4,0,0,0,0
6,0,0,2020-03-09 21:00:00,2020-03-09,2,0,0,0,0
4,0,0,2020-03-08 21:00:00,2020-03-08,2,0,0,0,0
2,0,0,2020-03-07 21:00:00,2020-03-07,2,0,0,0,0
0,0,0,2020-03-06 21:00:00,2020-03-06,0,0,0,0,0
0,0,0,2020-03-05 21:00:00,2020-03-05,0,0,0,0,0
0,0,0,2020-03-04 21:00:00,2020-03-04,0,0,0,0,0
0,0,0,2020-03-03 21:00:00,2020-03-03,0,0,0,0,0
0,0,0,2020-03-02 21:00:00,2020-03-02,0,0,0,0,0
0,0,0,2020-03-01 21:00:00,2020-03-01,0,0,0,0,0
0,0,0,2020-02-29 21:00:00,2020-02-29,0,0,0,0,0
0,0,0,2020-02-28 21:00:00,2020-02-28,0,0,0,0,0
0,0,0,2020-02-27 21:00:00,2020-02-27,0,0,0,0,0
0,0,0,2020-02-26 21:00:00,2020-02-26,0,0,0,0,0
0,0,0,2020-02-25 21:00:00,2020-02-25,0,0,0,0,0
0,0,0,2020-02-24 21:00:00,2020-02-24,0,0,0,0,0
0,0,0,2020-02-23 21:00:00,2020-02-23,0,0,0,0,0
0,0,0,2020-02-22 21:00:00,2020-02-22,0,0,0,0,0
0,0,0,2020-02-21 21:00:00,2020-02-21,0,0,0,0,0
0,0,0,2020-02-20 21:00:00,2020-02-20,0,0,0,0,0
0,0,0,2020-02-19 21:00:00,2020-02-19,0,0,0,0,0
0,0,0,2020-02-18 21:00:00,2020-02-18,0,0,0,0,0
0,0,0,2020-02-17 21:00:00,2020-02-17,0,0,0,0,0
0,0,0,2020-02-16 21:00:00,2020-02-16,0,0,0,0,0
0,0,0,2020-02-15 21:00:00,2020-02-15,0,0,0,0,0
0,0,0,2020-02-14 21:00:00,2020-02-14,0,0,0,0,0
0,0,0,2020-02-13 21:00:00,2020-02-13,0,0,0,0,0
0,0,0,2020-02-12 21:00:00,2020-02-12,0,0,0,0,0
0,0,0,2020-02-11 20:30:00,2020-02-11,0,0,0,0,0
0,0,0,2020-02-10 21:00:00,2020-02-10,0,0,0,0,0
0,0,0,2020-02-09 21:00:00,2020-02-09,0,0,0,0,0
0,0,0,2020-02-08 21:00:00,2020-02-08,0,0,0,0,0
0,0,0,2020-02-07 21:00:00,2020-02-07,0,0,0,0,0
0,0,0,2020-02-06 21:00:00,2020-02-06,0,0,0,0,0
0,0,0,2020-02-05 21:00:00,2020-02-05,0,0,0,0,0
0,0,0,2020-02-04 20:00:00,2020-02-04,0,0,0,0,0
0,0,0,2020-02-03 20:00:00,2020-02-03,0,0,0,0,0
0,0,0,2020-02-02 20:00:00,2020-02-02,0,0,0,0,0
0,0,0,2020-02-01 10:00:00,2020-02-01,0,0,0,0,0
0,0,0,2020-01-31 12:30:00,2020-01-31,0,0,0,0,0
0,0,0,2020-01-30 12:00:00,2020-01-30,0,0,0,0,0
0,0,0,2020-01-29 14:00:00,2020-01-29,0,0,0,0,0
0,0,0,2020-01-28 11:30:00,2020-01-28,0,0,0,0,0
0,0,0,2020-01-27 14:00:00,2020-01-27,0,0,0,0,0
0,0,0,2020-01-26 13:00:00,2020-01-26,0,0,0,0,0
0,0,0,2020-01-25 15:00:00,2020-01-25,0,0,0,0,0
0,0,0,2020-01-24 15:00:00,2020-01-24,0,0,0,0,0
0,0,0,2020-01-23 15:00:00,2020-01-23,0,0,0,0,0
0,0,0,2020-01-22 15:00:00,2020-01-22,0,0,0,0,0
0,0,0,2020-01-21 15:00:00,2020-01-21,0,0,0,0,0
