Confirmed,Recovered,Deaths,Date_last_updated_AEDT,date_day,New,DayElapsed,New_death,DayElapsed_death,New_recover
19022,1683,1007,2020-08-02 22:00:00,2020-08-02,0,132,0,126,0
19022,1683,1007,2020-08-01 22:00:00,2020-08-01,72,131,0,125,0
18950,1683,1007,2020-07-31 22:00:00,2020-07-31,150,130,0,124,0
18800,1683,1007,2020-07-30 22:00:00,2020-07-30,576,129,5,123,0
18224,1683,1002,2020-07-29 22:00:00,2020-07-29,0,128,0,122,0
18224,1683,1002,2020-07-28 22:00:00,2020-07-28,0,127,0,121,0
18224,1683,1002,2020-07-27 22:00:00,2020-07-27,0,126,0,120,0
18224,1683,1002,2020-07-26 22:00:00,2020-07-26,0,125,0,119,0
18224,1683,1002,2020-07-25 22:00:00,2020-07-25,76,124,1,118,0
18148,1683,1001,2020-07-24 22:00:00,2020-07-24,86,123,4,117,0
18062,1683,997,2020-07-23 22:00:00,2020-07-23,76,122,1,116,0
17986,1683,996,2020-07-22 22:00:00,2020-07-22,82,121,1,115,0
17904,1683,995,2020-07-21 22:00:00,2020-07-21,111,120,5,114,0
17793,1683,990,2020-07-20 22:00:00,2020-07-20,0,119,0,113,0
17793,1683,990,2020-07-19 22:00:00,2020-07-19,0,118,0,112,0
17793,1683,990,2020-07-18 22:00:00,2020-07-18,82,117,2,111,0
17711,1683,988,2020-07-17 22:00:00,2020-07-17,71,116,1,110,0
17640,1683,987,2020-07-16 22:00:00,2020-07-16,52,115,2,109,0
17588,1683,985,2020-07-15 22:00:00,2020-07-15,276,114,14,108,0
17312,1683,971,2020-07-14 22:00:00,2020-07-14,0,113,0,107,0
17312,1683,971,2020-07-13 22:00:00,2020-07-13,69,112,-5,106,0
17243,1683,976,2020-07-12 22:00:00,2020-07-12,0,111,0,105,0
17243,1683,976,2020-07-11 22:00:00,2020-07-11,0,110,2,104,0
17243,1683,974,2020-07-10 22:00:00,2020-07-10,39,109,3,103,0
17204,1683,971,2020-07-09 22:00:00,2020-07-09,50,108,2,102,6
17154,1677,969,2020-07-08 22:00:00,2020-07-08,163,107,9,101,20
16991,1657,960,2020-07-07 22:00:00,2020-07-07,0,106,0,100,0
16991,1657,960,2020-07-06 22:00:00,2020-07-06,0,105,0,99,0
16991,1657,960,2020-07-05 22:00:00,2020-07-05,0,104,0,98,0
16991,1657,960,2020-07-04 22:00:00,2020-07-04,50,103,1,97,13
16941,1644,959,2020-07-03 22:00:00,2020-07-03,88,102,3,96,6
16853,1638,956,2020-07-02 22:00:00,2020-07-02,40,101,6,95,7
16813,1631,950,2020-07-01 22:00:00,2020-07-01,49,100,4,94,4
16764,1627,946,2020-06-30 22:00:00,2020-06-30,103,99,19,93,27
16661,1600,927,2020-06-29 22:00:00,2020-06-29,0,98,0,92,0
16661,1600,927,2020-06-28 22:00:00,2020-06-28,0,97,0,91,0
16661,1600,927,2020-06-27 22:00:00,2020-06-27,21,96,7,90,12
16640,1588,920,2020-06-26 22:00:00,2020-06-26,34,95,8,89,15
16606,1573,912,2020-06-25 22:00:00,2020-06-25,73,94,6,88,11
16533,1562,906,2020-06-24 22:00:00,2020-06-24,74,93,3,87,8
16459,1554,903,2020-06-23 22:00:00,2020-06-23,122,92,9,86,39
16337,1515,894,2020-06-22 22:00:00,2020-06-22,0,91,0,85,0
16337,1515,894,2020-06-21 22:00:00,2020-06-21,0,90,0,84,0
16337,1515,894,2020-06-20 22:00:00,2020-06-20,68,89,9,83,13
16269,1502,885,2020-06-19 22:00:00,2020-06-19,56,88,9,82,13
16213,1489,876,2020-06-18 22:00:00,2020-06-18,49,87,11,81,10
16164,1479,865,2020-06-17 22:00:00,2020-06-17,71,86,14,80,5
16093,1474,851,2020-06-16 22:00:00,2020-06-16,146,85,18,79,39
15947,1435,833,2020-06-15 22:00:00,2020-06-15,0,84,0,78,0
15947,1435,833,2020-06-14 22:00:00,2020-06-14,0,83,0,77,0
15947,1435,833,2020-06-13 22:00:00,2020-06-13,85,82,10,76,16
15862,1419,823,2020-06-12 22:00:00,2020-06-12,106,81,11,75,13
15756,1406,812,2020-06-11 22:00:00,2020-06-11,65,80,4,74,8
15691,1398,808,2020-06-10 22:00:00,2020-06-10,49,79,9,73,8
15642,1390,799,2020-06-09 22:00:00,2020-06-09,201,78,27,72,54
15441,1336,772,2020-06-08 22:00:00,2020-06-08,0,77,0,71,0
15441,1336,772,2020-06-07 22:00:00,2020-06-07,0,76,0,70,0
15441,1336,772,2020-06-06 22:00:00,2020-06-06,116,75,16,69,10
15325,1326,756,2020-06-05 22:00:00,2020-06-05,106,74,14,68,15
15219,1311,742,2020-06-04 22:00:00,2020-06-04,107,73,10,67,9
15112,1302,732,2020-06-03 22:00:00,2020-06-03,121,72,12,66,21
14991,1281,720,2020-06-02 22:00:00,2020-06-02,63,71,2,65,29
14928,1252,718,2020-06-01 22:00:00,2020-06-01,109,70,7,64,27
14819,1225,711,2020-05-31 22:00:00,2020-05-31,184,69,18,63,19
14635,1206,693,2020-05-30 22:00:00,2020-05-30,141,68,16,62,20
14494,1186,677,2020-05-29 22:00:00,2020-05-29,141,67,22,61,11
14353,1175,655,2020-05-28 22:00:00,2020-05-28,143,66,21,60,17
14210,1158,634,2020-05-27 22:00:00,2020-05-27,145,65,26,59,39
14065,1119,608,2020-05-26 22:00:00,2020-05-26,0,64,0,58,0
14065,1119,608,2020-05-25 22:00:00,2020-05-25,113,63,11,57,13
13952,1106,597,2020-05-24 22:00:00,2020-05-24,216,62,18,56,22
13736,1084,579,2020-05-23 22:00:00,2020-05-23,165,61,23,55,37
13571,1047,556,2020-05-22 22:00:00,2020-05-22,215,60,18,54,17
13356,1030,538,2020-05-21 22:00:00,2020-05-21,405,59,6,53,7
12951,1023,532,2020-05-20 22:00:00,2020-05-20,156,58,26,52,11
12795,1012,506,2020-05-19 22:00:00,2020-05-19,121,57,7,51,40
12674,972,499,2020-05-18 22:00:00,2020-05-18,240,56,10,50,25
12434,947,489,2020-05-17 22:00:00,2020-05-17,215,55,10,49,28
12219,919,479,2020-05-16 22:00:00,2020-05-16,203,54,11,48,16
12016,903,468,2020-05-15 22:00:00,2020-05-15,181,53,6,47,17
11835,886,462,2020-05-14 22:00:00,2020-05-14,221,52,18,46,23
11614,863,444,2020-05-13 22:00:00,2020-05-13,164,51,14,45,22
11450,841,430,2020-05-12 22:00:00,2020-05-12,176,50,8,44,32
11274,809,422,2020-05-11 22:00:00,2020-05-11,285,49,4,43,37
10989,772,418,2020-05-10 22:00:00,2020-05-10,210,48,19,42,42
10779,730,399,2020-05-09 22:00:00,2020-05-09,249,47,11,41,34
10530,696,388,2020-05-08 22:00:00,2020-05-08,325,46,18,40,31
10205,665,370,2020-05-07 22:00:00,2020-05-07,272,45,15,39,26
9933,639,355,2020-05-06 22:00:00,2020-05-06,281,44,14,38,38
9652,601,341,2020-05-05 22:00:00,2020-05-05,175,43,21,37,36
9477,565,320,2020-05-04 22:00:00,2020-05-04,188,42,24,36,34
9289,531,296,2020-05-03 22:00:00,2020-05-03,327,41,17,35,46
8962,485,279,2020-05-02 22:00:00,2020-05-02,341,40,13,34,19
8621,466,266,2020-05-01 22:00:00,2020-05-01,374,39,15,33,0
8247,466,251,2020-04-30 22:00:00,2020-04-30,320,38,12,32,0
7927,466,239,2020-04-29 22:00:00,2020-04-29,219,37,6,31,14
7708,452,233,2020-04-28 22:00:00,2020-04-28,269,36,7,30,19
7439,433,226,2020-04-27 22:00:00,2020-04-27,310,35,11,29,23
7129,410,215,2020-04-26 22:00:00,2020-04-26,430,34,13,28,33
6699,377,202,2020-04-25 22:00:00,2020-04-25,443,33,13,27,35
6256,342,189,2020-04-24 22:00:00,2020-04-24,415,32,8,26,342
5841,0,181,2020-04-23 22:00:00,2020-04-23,341,31,10,25,0
5500,0,171,2020-04-22 22:00:00,2020-04-22,410,30,16,24,0
5090,0,155,2020-04-21 22:00:00,2020-04-21,384,29,5,23,0
4706,0,150,2020-04-20 22:00:00,2020-04-20,215,28,13,22,0
4491,0,137,2020-04-19 22:00:00,2020-04-19,314,27,19,21,0
4177,0,118,2020-04-18 22:00:00,2020-04-18,339,26,13,20,0
3838,0,105,2020-04-17 22:00:00,2020-04-17,309,25,18,19,0
3529,0,87,2020-04-16 22:00:00,2020-04-16,278,24,7,18,0
3251,0,80,2020-04-15 22:00:00,2020-04-15,275,23,7,17,0
2976,0,73,2020-04-14 22:00:00,2020-04-14,311,22,10,16,0
2665,0,63,2020-04-13 22:00:00,2020-04-13,316,21,7,15,0
2349,0,56,2020-04-12 22:00:00,2020-04-12,334,20,7,14,0
2015,0,49,2020-04-11 22:00:00,2020-04-11,288,19,6,13,0
1727,0,43,2020-04-10 22:00:00,2020-04-10,277,18,8,12,0
1450,0,35,2020-04-09 22:00:00,2020-04-09,221,17,5,11,0
1229,0,30,2020-04-08 22:00:00,2020-04-08,147,16,3,10,0
1082,0,27,2020-04-07 22:00:00,2020-04-07,160,15,2,9,0
922,0,25,2020-04-06 22:00:00,2020-04-06,116,14,8,8,0
806,0,17,2020-04-05 22:00:00,2020-04-05,95,13,3,7,0
711,0,14,2020-04-04 21:00:00,2020-04-04,54,12,2,6,0
657,0,12,2020-04-03 21:00:00,2020-04-03,91,11,2,5,0
566,0,10,2020-04-02 21:00:00,2020-04-02,78,10,2,4,0
488,0,8,2020-04-01 21:00:00,2020-04-01,80,9,4,3,0
408,0,4,2020-03-31 21:00:00,2020-03-31,114,8,1,2,0
294,0,3,2020-03-30 21:00:00,2020-03-30,55,7,1,1,0
239,0,2,2020-03-29 21:00:00,2020-03-29,36,6,2,0,0
203,0,0,2020-03-28 21:00:00,2020-03-28,38,5,0,0,0
165,0,0,2020-03-27 21:10:00,2020-03-27,33,4,0,0,0
132,0,0,2020-03-26 22:20:00,2020-03-26,8,3,0,0,0
124,0,0,2020-03-25 23:20:00,2020-03-25,18,2,0,0,0
106,0,0,2020-03-24 21:20:00,2020-03-24,23,1,0,0,0
83,0,0,2020-03-23 21:40:00,2020-03-23,17,0,0,0,0
66,0,0,2020-03-22 21:00:00,2020-03-22,12,0,0,0,0
54,0,0,2020-03-21 21:00:00,2020-03-21,10,0,0,0,0
44,0,0,2020-03-20 21:20:00,2020-03-20,11,0,0,0,0
33,0,0,2020-03-19 21:30:00,2020-03-19,10,0,0,0,0
23,0,0,2020-03-18 22:00:00,2020-03-18,2,0,0,0,0
21,0,0,2020-03-17 21:00:00,2020-03-17,1,0,0,0,0
20,0,0,2020-03-16 21:00:00,2020-03-16,0,0,0,0,0
20,0,0,2020-03-15 21:00:00,2020-03-15,6,0,0,0,0
14,0,0,2020-03-14 21:00:00,2020-03-14,9,0,0,0,0
5,0,0,2020-03-13 21:00:00,2020-03-13,0,0,0,0,0
5,0,0,2020-03-12 21:00:00,2020-03-12,0,0,0,0,0
5,0,0,2020-03-11 21:00:00,2020-03-11,2,0,0,0,0
3,0,0,2020-03-10 21:00:00,2020-03-10,0,0,0,0,0
3,0,0,2020-03-09 21:00:00,2020-03-09,0,0,0,0,0
3,0,0,2020-03-08 21:00:00,2020-03-08,0,0,0,0,0
3,0,0,2020-03-07 21:00:00,2020-03-07,1,0,0,0,0
2,0,0,2020-03-06 21:00:00,2020-03-06,0,0,0,0,0
2,0,0,2020-03-05 21:00:00,2020-03-05,0,0,0,0,0
2,0,0,2020-03-04 21:00:00,2020-03-04,0,0,0,0,0
2,0,0,2020-03-03 21:00:00,2020-03-03,1,0,0,0,0
1,0,0,2020-03-02 21:00:00,2020-03-02,1,0,0,0,0
0,0,0,2020-03-01 21:00:00,2020-03-01,0,0,0,0,0
0,0,0,2020-02-29 21:00:00,2020-02-29,0,0,0,0,0
0,0,0,2020-02-28 21:00:00,2020-02-28,0,0,0,0,0
0,0,0,2020-02-27 21:00:00,2020-02-27,0,0,0,0,0
0,0,0,2020-02-26 21:00:00,2020-02-26,0,0,0,0,0
0,0,0,2020-02-25 21:00:00,2020-02-25,0,0,0,0,0
0,0,0,2020-02-24 21:00:00,2020-02-24,0,0,0,0,0
0,0,0,2020-02-23 21:00:00,2020-02-23,0,0,0,0,0
0,0,0,2020-02-22 21:00:00,2020-02-22,0,0,0,0,0
0,0,0,2020-02-21 21:00:00,2020-02-21,0,0,0,0,0
0,0,0,2020-02-20 21:00:00,2020-02-20,0,0,0,0,0
0,0,0,2020-02-19 21:00:00,2020-02-19,0,0,0,0,0
0,0,0,2020-02-18 21:00:00,2020-02-18,0,0,0,0,0
0,0,0,2020-02-17 21:00:00,2020-02-17,0,0,0,0,0
0,0,0,2020-02-16 21:00:00,2020-02-16,0,0,0,0,0
0,0,0,2020-02-15 21:00:00,2020-02-15,0,0,0,0,0
0,0,0,2020-02-14 21:00:00,2020-02-14,0,0,0,0,0
0,0,0,2020-02-13 21:00:00,2020-02-13,0,0,0,0,0
0,0,0,2020-02-12 21:00:00,2020-02-12,0,0,0,0,0
0,0,0,2020-02-11 20:30:00,2020-02-11,0,0,0,0,0
0,0,0,2020-02-10 21:00:00,2020-02-10,0,0,0,0,0
0,0,0,2020-02-09 21:00:00,2020-02-09,0,0,0,0,0
0,0,0,2020-02-08 21:00:00,2020-02-08,0,0,0,0,0
0,0,0,2020-02-07 21:00:00,2020-02-07,0,0,0,0,0
0,0,0,2020-02-06 21:00:00,2020-02-06,0,0,0,0,0
0,0,0,2020-02-05 21:00:00,2020-02-05,0,0,0,0,0
0,0,0,2020-02-04 20:00:00,2020-02-04,0,0,0,0,0
0,0,0,2020-02-03 20:00:00,2020-02-03,0,0,0,0,0
0,0,0,2020-02-02 20:00:00,2020-02-02,0,0,0,0,0
0,0,0,2020-02-01 10:00:00,2020-02-01,0,0,0,0,0
0,0,0,2020-01-31 12:30:00,2020-01-31,0,0,0,0,0
0,0,0,2020-01-30 12:00:00,2020-01-30,0,0,0,0,0
0,0,0,2020-01-29 14:00:00,2020-01-29,0,0,0,0,0
0,0,0,2020-01-28 11:30:00,2020-01-28,0,0,0,0,0
0,0,0,2020-01-27 14:00:00,2020-01-27,0,0,0,0,0
0,0,0,2020-01-26 13:00:00,2020-01-26,0,0,0,0,0
0,0,0,2020-01-25 15:00:00,2020-01-25,0,0,0,0,0
0,0,0,2020-01-24 15:00:00,2020-01-24,0,0,0,0,0
0,0,0,2020-01-23 15:00:00,2020-01-23,0,0,0,0,0
0,0,0,2020-01-22 15:00:00,2020-01-22,0,0,0,0,0
0,0,0,2020-01-21 15:00:00,2020-01-21,0,0,0,0,0
