Confirmed,Recovered,Deaths,Date_last_updated_AEDT,date_day,New,DayElapsed,New_death,DayElapsed_death,New_recover
50886,27007,2343,2020-07-31 22:00:00,2020-07-31,1295,139,39,131,398
49591,26609,2304,2020-07-30 22:00:00,2020-07-30,1356,138,35,130,163
48235,26446,2269,2020-07-29 22:00:00,2020-07-29,1182,137,30,129,318
47053,26128,2239,2020-07-28 22:00:00,2020-07-28,1151,136,33,128,334
45902,25794,2206,2020-07-27 22:00:00,2020-07-27,1104,135,19,127,151
44798,25643,2187,2020-07-26 22:00:00,2020-07-26,1120,134,22,126,270
43678,25373,2165,2020-07-25 22:00:00,2020-07-25,1284,133,15,125,24
42394,25349,2150,2020-07-24 22:00:00,2020-07-24,1119,132,24,124,487
41275,24862,2126,2020-07-23 22:00:00,2020-07-23,1112,131,25,123,199
40163,24663,2101,2020-07-22 22:00:00,2020-07-22,1030,130,27,122,209
39133,24454,2074,2020-07-21 22:00:00,2020-07-21,994,129,36,121,1707
38139,22747,2038,2020-07-20 22:00:00,2020-07-20,681,128,12,120,130
37458,22617,2026,2020-07-19 22:00:00,2020-07-19,767,127,17,119,129
36691,22488,2009,2020-07-18 22:00:00,2020-07-18,889,126,21,118,176
35802,22312,1988,2020-07-17 22:00:00,2020-07-17,799,125,17,117,123
35003,22189,1971,2020-07-16 22:00:00,2020-07-16,777,124,19,116,140
34226,22049,1952,2020-07-15 22:00:00,2020-07-15,641,123,21,115,246
33585,21803,1931,2020-07-14 22:00:00,2020-07-14,637,122,30,114,111
32948,21692,1901,2020-07-13 22:00:00,2020-07-13,413,121,17,113,147
32535,21545,1884,2020-07-12 22:00:00,2020-07-12,456,120,13,112,131
32079,21414,1871,2020-07-11 22:00:00,2020-07-11,698,119,24,111,285
31381,21129,1847,2020-07-10 22:00:00,2020-07-10,592,118,13,110,160
30789,20969,1834,2020-07-09 22:00:00,2020-07-09,614,117,17,109,170
30175,20799,1817,2020-07-08 22:00:00,2020-07-08,555,116,18,108,265
29620,20534,1799,2020-07-07 22:00:00,2020-07-07,397,115,31,107,321
29223,20213,1768,2020-07-06 22:00:00,2020-07-06,250,114,18,106,187
28973,20026,1750,2020-07-05 22:00:00,2020-07-05,391,113,19,105,172
28582,19854,1731,2020-07-04 22:00:00,2020-07-04,416,112,23,104,309
28166,19545,1708,2020-07-03 22:00:00,2020-07-03,420,111,21,103,182
27746,19363,1687,2020-07-02 22:00:00,2020-07-02,450,110,20,102,49
27296,19314,1667,2020-07-01 22:00:00,2020-07-01,326,109,16,101,264
26970,19050,1651,2020-06-30 22:00:00,2020-06-30,388,108,17,100,138
26582,18912,1634,2020-06-29 22:00:00,2020-06-29,269,107,22,99,98
26313,18814,1612,2020-06-28 22:00:00,2020-06-28,291,106,23,98,284
26022,18530,1589,2020-06-27 22:00:00,2020-06-27,325,105,10,97,349
25697,18181,1579,2020-06-26 22:00:00,2020-06-26,411,104,14,96,275
25286,17906,1565,2020-06-25 22:00:00,2020-06-25,460,103,10,95,515
24826,17391,1555,2020-06-24 22:00:00,2020-06-24,321,102,16,94,204
24505,17187,1539,2020-06-23 22:00:00,2020-06-23,214,101,16,93,156
24291,17031,1523,2020-06-22 22:00:00,2020-06-22,246,100,11,92,120
24045,16911,1512,2020-06-21 22:00:00,2020-06-21,315,99,12,91,176
23730,16735,1500,2020-06-20 22:00:00,2020-06-20,330,98,16,90,180
23400,16555,1484,2020-06-19 22:00:00,2020-06-19,320,97,11,89,247
23080,16308,1473,2020-06-18 22:00:00,2020-06-18,320,96,22,88,191
22760,16117,1451,2020-06-17 22:00:00,2020-06-17,345,95,14,87,46
22415,16071,1437,2020-06-16 22:00:00,2020-06-16,250,94,10,86,254
22165,15817,1427,2020-06-15 22:00:00,2020-06-15,166,93,17,85,98
21999,15719,1410,2020-06-14 22:00:00,2020-06-14,320,92,16,84,84
21679,15635,1394,2020-06-13 22:00:00,2020-06-13,275,91,14,83,190
21404,15445,1380,2020-06-12 22:00:00,2020-06-12,222,90,11,82,162
21182,15283,1369,2020-06-11 22:00:00,2020-06-11,237,89,9,81,180
20945,15103,1360,2020-06-10 22:00:00,2020-06-10,196,88,15,80,193
20749,14910,1345,2020-06-09 22:00:00,2020-06-09,145,87,11,79,84
20604,14826,1334,2020-06-08 22:00:00,2020-06-08,125,86,8,78,188
20479,14638,1326,2020-06-07 22:00:00,2020-06-07,189,85,8,77,219
20290,14419,1318,2020-06-06 22:00:00,2020-06-06,187,84,10,76,274
20103,14145,1308,2020-06-05 22:00:00,2020-06-05,196,83,9,75,226
19907,13919,1299,2020-06-04 22:00:00,2020-06-04,238,82,11,74,119
19669,13800,1288,2020-06-03 22:00:00,2020-06-03,152,81,9,73,274
19517,13526,1279,2020-06-02 22:00:00,2020-06-02,119,80,9,72,100
19398,13426,1270,2020-06-01 22:00:00,2020-06-01,141,79,8,71,170
19257,13256,1262,2020-05-31 22:00:00,2020-05-31,124,78,9,70,210
19133,13046,1253,2020-05-30 22:00:00,2020-05-30,151,77,13,69,217
18982,12829,1240,2020-05-29 22:00:00,2020-05-29,191,76,11,68,200
18791,12629,1229,2020-05-28 22:00:00,2020-05-28,197,75,10,67,467
18594,12162,1219,2020-05-27 22:00:00,2020-05-27,165,74,9,66,288
18429,11874,1210,2020-05-26 22:00:00,2020-05-26,146,73,17,65,244
18283,11630,1193,2020-05-25 22:00:00,2020-05-25,213,72,14,64,231
18070,11399,1179,2020-05-24 22:00:00,2020-05-24,213,71,9,63,212
17857,11187,1170,2020-05-23 22:00:00,2020-05-23,145,70,11,62,410
17712,10777,1159,2020-05-22 22:00:00,2020-05-22,127,69,8,61,196
17585,10581,1151,2020-05-21 22:00:00,2020-05-21,198,68,10,60,225
17387,10356,1141,2020-05-20 22:00:00,2020-05-20,196,67,15,59,190
17191,10166,1126,2020-05-19 22:00:00,2020-05-19,155,66,19,58,236
17036,9930,1107,2020-05-18 22:00:00,2020-05-18,165,65,10,57,40
16871,9890,1097,2020-05-17 22:00:00,2020-05-17,167,64,16,56,316
16704,9574,1081,2020-05-16 22:00:00,2020-05-16,267,63,25,55,204
16437,9370,1056,2020-05-15 22:00:00,2020-05-15,190,62,10,54,317
16247,9053,1046,2020-05-14 22:00:00,2020-05-14,245,61,30,53,1092
16002,7961,1016,2020-05-13 22:00:00,2020-05-13,224,60,25,52,276
15778,7685,991,2020-05-12 22:00:00,2020-05-12,190,59,19,51,440
15588,7245,972,2020-05-11 22:00:00,2020-05-11,226,58,20,50,194
15362,7051,952,2020-05-10 22:00:00,2020-05-10,231,57,26,49,139
15131,6912,926,2020-05-09 22:00:00,2020-05-09,320,56,28,48,489
14811,6423,898,2020-05-08 22:00:00,2020-05-08,312,55,22,47,279
14499,6144,876,2020-05-07 22:00:00,2020-05-07,392,54,18,46,356
14107,5788,858,2020-05-06 22:00:00,2020-05-06,270,53,31,45,334
13837,5454,827,2020-05-05 22:00:00,2020-05-05,325,52,24,44,185
13512,5269,803,2020-05-04 22:00:00,2020-05-04,349,51,23,43,400
13163,4869,780,2020-05-03 22:00:00,2020-05-03,431,50,25,42,322
12732,4547,755,2020-05-02 22:00:00,2020-05-02,165,49,29,41,219
12567,4328,726,2020-05-01 22:00:00,2020-05-01,327,48,31,40,311
12240,4017,695,2020-04-30 22:00:00,2020-04-30,262,47,14,39,448
11978,3569,681,2020-04-29 22:00:00,2020-04-29,362,46,31,38,165
11616,3404,650,2020-04-28 22:00:00,2020-04-28,277,45,19,37,263
11339,3141,631,2020-04-27 22:00:00,2020-04-27,303,44,23,36,87
11036,3054,608,2020-04-26 22:00:00,2020-04-26,401,43,29,35,164
10635,2890,579,2020-04-25 22:00:00,2020-04-25,218,42,27,34,73
10417,2817,552,2020-04-24 22:00:00,2020-04-24,321,41,25,33,339
10096,2478,527,2020-04-23 22:00:00,2020-04-23,386,40,19,32,72
9710,2406,508,2020-04-22 22:00:00,2020-04-22,468,39,26,31,253
9242,2153,482,2020-04-21 22:00:00,2020-04-21,306,38,22,30,136
8936,2017,460,2020-04-20 22:00:00,2020-04-20,190,37,26,29,125
8746,1892,434,2020-04-19 22:00:00,2020-04-19,328,36,17,28,162
8418,1730,417,2020-04-18 22:00:00,2020-04-18,351,35,17,27,222
8067,1508,400,2020-04-17 22:00:00,2020-04-17,360,34,8,26,151
7707,1357,392,2020-04-16 22:00:00,2020-04-16,491,33,30,25,140
7216,1217,362,2020-04-15 22:00:00,2020-04-15,337,32,16,24,166
6879,1051,346,2020-04-14 22:00:00,2020-04-14,246,31,28,23,137
6633,914,318,2020-04-13 22:00:00,2020-04-13,333,30,12,22,62
6300,852,306,2020-04-12 22:00:00,2020-04-12,310,29,24,21,94
5990,758,282,2020-04-11 22:00:00,2020-04-11,523,28,17,20,29
5467,729,265,2020-04-10 22:00:00,2020-04-10,265,27,36,19,82
5202,647,229,2020-04-09 22:00:00,2020-04-09,441,26,19,18,119
4761,528,210,2020-04-08 22:00:00,2020-04-08,344,25,26,17,68
4417,460,184,2020-04-07 22:00:00,2020-04-07,360,24,27,16,54
4057,406,157,2020-04-06 22:00:00,2020-04-06,193,23,9,15,32
3864,374,148,2020-04-05 22:00:00,2020-04-05,251,22,7,14,45
3613,329,141,2020-04-04 21:00:00,2020-04-04,430,21,25,13,46
3183,283,116,2020-04-03 21:00:00,2020-04-03,445,20,22,12,16
2738,267,94,2020-04-02 21:00:00,2020-04-02,278,19,9,11,15
2460,252,85,2020-04-01 21:00:00,2020-04-01,215,18,16,10,32
2245,220,69,2020-03-31 21:00:00,2020-03-31,293,17,25,9,14
1952,206,44,2020-03-30 21:00:00,2020-03-30,192,16,6,8,37
1760,169,38,2020-03-29 21:00:00,2020-03-29,468,15,9,7,54
1292,115,29,2020-03-28 21:00:00,2020-03-28,263,14,5,6,21
1029,94,24,2020-03-27 21:10:00,2020-03-27,0,13,7,5,0
1029,94,17,2020-03-26 22:20:00,2020-03-26,123,12,4,4,8
906,86,13,2020-03-25 23:20:00,2020-03-25,144,11,5,3,7
762,79,8,2020-03-24 21:20:00,2020-03-24,186,10,4,2,6
576,73,4,2020-03-23 21:40:00,2020-03-23,209,9,4,1,21
367,52,0,2020-03-22 21:00:00,2020-03-22,59,8,0,0,21
308,31,0,2020-03-21 21:00:00,2020-03-21,0,7,0,0,0
308,31,0,2020-03-20 21:20:00,2020-03-20,31,6,0,0,6
277,25,0,2020-03-19 21:30:00,2020-03-19,31,5,0,0,6
246,19,0,2020-03-18 22:00:00,2020-03-18,62,4,0,0,3
184,16,0,2020-03-17 21:00:00,2020-03-17,26,3,0,0,7
158,9,0,2020-03-16 21:00:00,2020-03-16,35,2,0,0,0
123,9,0,2020-03-15 21:00:00,2020-03-15,26,1,0,0,2
97,7,0,2020-03-14 21:00:00,2020-03-14,27,0,0,0,0
70,7,0,2020-03-13 21:00:00,2020-03-13,21,0,0,0,1
49,6,0,2020-03-12 21:00:00,2020-03-12,18,0,0,0,1
31,5,0,2020-03-11 21:00:00,2020-03-11,14,0,0,0,0
17,5,0,2020-03-10 21:00:00,2020-03-10,2,0,0,0,0
15,5,0,2020-03-09 21:00:00,2020-03-09,2,0,0,0,2
13,3,0,2020-03-08 21:00:00,2020-03-08,4,0,0,0,0
9,3,0,2020-03-07 21:00:00,2020-03-07,2,0,0,0,2
7,1,0,2020-03-06 21:00:00,2020-03-06,1,0,0,0,0
6,1,0,2020-03-05 21:00:00,2020-03-05,2,0,0,0,0
4,1,0,2020-03-04 21:00:00,2020-03-04,1,0,0,0,0
3,1,0,2020-03-03 21:00:00,2020-03-03,0,0,0,0,0
3,1,0,2020-03-02 21:00:00,2020-03-02,0,0,0,0,0
3,1,0,2020-03-01 21:00:00,2020-03-01,0,0,0,0,0
3,1,0,2020-02-29 21:00:00,2020-02-29,2,0,0,0,1
1,0,0,2020-02-28 21:00:00,2020-02-28,0,0,0,0,0
1,0,0,2020-02-27 21:00:00,2020-02-27,1,0,0,0,0
0,0,0,2020-02-26 21:00:00,2020-02-26,0,0,0,0,0
0,0,0,2020-02-25 21:00:00,2020-02-25,0,0,0,0,0
0,0,0,2020-02-24 21:00:00,2020-02-24,0,0,0,0,0
0,0,0,2020-02-23 21:00:00,2020-02-23,0,0,0,0,0
0,0,0,2020-02-22 21:00:00,2020-02-22,0,0,0,0,0
0,0,0,2020-02-21 21:00:00,2020-02-21,0,0,0,0,0
0,0,0,2020-02-20 21:00:00,2020-02-20,0,0,0,0,0
0,0,0,2020-02-19 21:00:00,2020-02-19,0,0,0,0,0
0,0,0,2020-02-18 21:00:00,2020-02-18,0,0,0,0,0
0,0,0,2020-02-17 21:00:00,2020-02-17,0,0,0,0,0
0,0,0,2020-02-16 21:00:00,2020-02-16,0,0,0,0,0
0,0,0,2020-02-15 21:00:00,2020-02-15,0,0,0,0,0
0,0,0,2020-02-14 21:00:00,2020-02-14,0,0,0,0,0
0,0,0,2020-02-13 21:00:00,2020-02-13,0,0,0,0,0
0,0,0,2020-02-12 21:00:00,2020-02-12,0,0,0,0,0
0,0,0,2020-02-11 20:30:00,2020-02-11,0,0,0,0,0
0,0,0,2020-02-10 21:00:00,2020-02-10,0,0,0,0,0
0,0,0,2020-02-09 21:00:00,2020-02-09,0,0,0,0,0
0,0,0,2020-02-08 21:00:00,2020-02-08,0,0,0,0,0
0,0,0,2020-02-07 21:00:00,2020-02-07,0,0,0,0,0
0,0,0,2020-02-06 21:00:00,2020-02-06,0,0,0,0,0
0,0,0,2020-02-05 21:00:00,2020-02-05,0,0,0,0,0
0,0,0,2020-02-04 20:00:00,2020-02-04,0,0,0,0,0
0,0,0,2020-02-03 20:00:00,2020-02-03,0,0,0,0,0
0,0,0,2020-02-02 20:00:00,2020-02-02,0,0,0,0,0
0,0,0,2020-02-01 10:00:00,2020-02-01,0,0,0,0,0
0,0,0,2020-01-31 12:30:00,2020-01-31,0,0,0,0,0
0,0,0,2020-01-30 12:00:00,2020-01-30,0,0,0,0,0
0,0,0,2020-01-29 14:00:00,2020-01-29,0,0,0,0,0
0,0,0,2020-01-28 11:30:00,2020-01-28,0,0,0,0,0
0,0,0,2020-01-27 14:00:00,2020-01-27,0,0,0,0,0
0,0,0,2020-01-26 13:00:00,2020-01-26,0,0,0,0,0
0,0,0,2020-01-25 15:00:00,2020-01-25,0,0,0,0,0
0,0,0,2020-01-24 15:00:00,2020-01-24,0,0,0,0,0
0,0,0,2020-01-23 15:00:00,2020-01-23,0,0,0,0,0
0,0,0,2020-01-22 15:00:00,2020-01-22,0,0,0,0,0
0,0,0,2020-01-21 15:00:00,2020-01-21,0,0,0,0,0
