Confirmed,Recovered,Deaths,Date_last_updated_AEDT,date_day,New,DayElapsed,New_death,DayElapsed_death,New_recover
266941,220323,2733,2020-07-27 22:00:00,2020-07-27,1968,135,30,123,2541
264973,217782,2703,2020-07-26 22:00:00,2020-07-26,2201,134,31,122,2051
262772,215731,2672,2020-07-25 22:00:00,2020-07-25,2378,133,37,121,2241
260394,213490,2635,2020-07-24 22:00:00,2020-07-24,2238,132,34,120,3092
258156,210398,2601,2020-07-23 22:00:00,2020-07-23,2331,131,44,119,3139
255825,207259,2557,2020-07-22 22:00:00,2020-07-22,2476,130,34,118,4000
253349,203259,2523,2020-07-21 22:00:00,2020-07-21,2429,129,37,117,5524
250920,197735,2486,2020-07-20 22:00:00,2020-07-20,2504,128,39,116,3517
248416,194218,2447,2020-07-19 22:00:00,2020-07-19,2565,127,40,115,3057
245851,191161,2407,2020-07-18 22:00:00,2020-07-18,2613,126,37,114,3539
243238,187622,2370,2020-07-17 22:00:00,2020-07-17,2764,125,45,113,4574
240474,183048,2325,2020-07-16 22:00:00,2020-07-16,2671,124,42,112,5488
237803,177560,2283,2020-07-15 22:00:00,2020-07-15,2692,123,40,111,7718
235111,169842,2243,2020-07-14 22:00:00,2020-07-14,2852,122,20,110,2704
232259,167138,2223,2020-07-13 22:00:00,2020-07-13,2779,121,42,109,1742
229480,165396,2181,2020-07-12 22:00:00,2020-07-12,2994,120,30,108,2370
226486,163026,2151,2020-07-11 22:00:00,2020-07-11,3159,119,51,107,1930
223327,161096,2100,2020-07-10 22:00:00,2020-07-10,3183,118,41,106,3046
220144,158050,2059,2020-07-09 22:00:00,2020-07-09,3036,117,42,105,3211
217108,154839,2017,2020-07-08 22:00:00,2020-07-08,3392,116,49,104,5205
213716,149634,1968,2020-07-07 22:00:00,2020-07-07,4207,115,52,103,4398
209509,145236,1916,2020-07-06 22:00:00,2020-07-06,3580,114,58,102,1980
205929,143256,1858,2020-07-05 22:00:00,2020-07-05,4128,113,56,101,2642
201801,140614,1802,2020-07-04 22:00:00,2020-07-04,4193,112,50,100,2945
197608,137669,1752,2020-07-03 22:00:00,2020-07-03,3383,111,54,99,4909
194225,132760,1698,2020-07-02 22:00:00,2020-07-02,3402,110,49,98,1994
190823,130766,1649,2020-07-01 22:00:00,2020-07-01,4387,109,50,97,3648
186436,127118,1599,2020-06-30 22:00:00,2020-06-30,3943,108,48,96,2363
182493,124755,1551,2020-06-29 22:00:00,2020-06-29,3989,107,40,95,2627
178504,122128,1511,2020-06-28 22:00:00,2020-06-28,3927,106,37,94,1657
174577,120471,1474,2020-06-27 22:00:00,2020-06-27,3938,105,46,93,2589
170639,117882,1428,2020-06-26 22:00:00,2020-06-26,3372,104,41,92,5085
167267,112797,1387,2020-06-25 22:00:00,2020-06-25,3123,103,41,91,2912
164144,109885,1346,2020-06-24 22:00:00,2020-06-24,3139,102,39,90,4710
161005,105175,1307,2020-06-23 22:00:00,2020-06-23,3393,101,40,89,4045
157612,101130,1267,2020-06-22 22:00:00,2020-06-22,3379,100,37,88,2213
154233,98917,1230,2020-06-21 22:00:00,2020-06-21,3941,99,46,87,3153
150292,95764,1184,2020-06-20 22:00:00,2020-06-20,4301,98,45,86,1849
145991,93915,1139,2020-06-19 22:00:00,2020-06-19,4757,97,48,85,2253
141234,91662,1091,2020-06-18 22:00:00,2020-06-18,4919,96,39,84,2122
136315,89540,1052,2020-06-17 22:00:00,2020-06-17,4267,95,41,83,1650
132048,87890,1011,2020-06-16 22:00:00,2020-06-16,4507,94,39,82,3170
127541,84720,972,2020-06-15 22:00:00,2020-06-15,4233,93,40,81,2172
123308,82548,932,2020-06-14 22:00:00,2020-06-14,3366,92,39,80,1519
119942,81029,893,2020-06-13 22:00:00,2020-06-13,3921,91,36,79,1010
116021,80019,857,2020-06-12 22:00:00,2020-06-12,3733,90,38,78,2065
112288,77954,819,2020-06-11 22:00:00,2020-06-11,3717,89,36,77,1615
108571,76339,783,2020-06-10 22:00:00,2020-06-10,3288,88,37,76,1815
105283,74524,746,2020-06-09 22:00:00,2020-06-09,3369,87,34,75,1707
101914,72817,712,2020-06-08 22:00:00,2020-06-08,3045,86,36,74,1026
98869,71791,676,2020-06-07 22:00:00,2020-06-07,3121,85,34,73,1175
95748,70616,642,2020-06-06 22:00:00,2020-06-06,2591,84,31,72,1651
93157,68965,611,2020-06-05 22:00:00,2020-06-05,1975,83,32,71,806
91182,68159,579,2020-06-04 22:00:00,2020-06-04,2171,82,30,70,2369
89011,65790,549,2020-06-03 22:00:00,2020-06-03,1869,81,24,69,1484
87142,64306,525,2020-06-02 22:00:00,2020-06-02,1881,80,22,68,1864
85261,62442,503,2020-06-01 22:00:00,2020-06-01,1877,79,23,67,3559
83384,58883,480,2020-05-31 22:00:00,2020-05-31,1618,78,22,66,1870
81766,57013,458,2020-05-30 22:00:00,2020-05-30,1581,77,17,65,2460
80185,54553,441,2020-05-29 22:00:00,2020-05-29,1644,76,16,64,3531
78541,51022,425,2020-05-28 22:00:00,2020-05-28,1815,75,14,63,2572
76726,48450,411,2020-05-27 22:00:00,2020-05-27,1931,74,12,62,2782
74795,45668,399,2020-05-26 22:00:00,2020-05-26,2235,73,9,61,2148
72560,43520,390,2020-05-25 22:00:00,2020-05-25,2399,72,11,60,2284
70161,41236,379,2020-05-24 22:00:00,2020-05-24,2442,71,15,59,2233
67719,39003,364,2020-05-23 22:00:00,2020-05-23,2642,70,13,58,2963
65077,36040,351,2020-05-22 22:00:00,2020-05-22,2532,69,12,57,2562
62545,33478,339,2020-05-21 22:00:00,2020-05-21,2691,68,10,56,1844
59854,31634,329,2020-05-20 22:00:00,2020-05-20,2509,67,9,55,2886
57345,28748,320,2020-05-19 22:00:00,2020-05-19,2593,66,8,54,3026
54752,25722,312,2020-05-18 22:00:00,2020-05-18,2736,65,10,53,2056
52016,23666,302,2020-05-17 22:00:00,2020-05-17,2840,64,10,52,1797
49176,21869,292,2020-05-16 22:00:00,2020-05-16,2307,63,9,51,2818
46869,19051,283,2020-05-15 22:00:00,2020-05-15,2039,62,10,50,1429
44830,17622,273,2020-05-14 22:00:00,2020-05-14,1905,61,9,49,2365
42925,15257,264,2020-05-13 22:00:00,2020-05-13,1911,60,9,48,2520
41014,12737,255,2020-05-12 22:00:00,2020-05-12,1966,59,9,47,1280
39048,11457,246,2020-05-11 22:00:00,2020-05-11,1912,58,7,46,1313
37136,10144,239,2020-05-10 22:00:00,2020-05-10,1704,57,10,45,1024
35432,9120,229,2020-05-09 22:00:00,2020-05-09,1701,56,10,44,1322
33731,7798,219,2020-05-08 22:00:00,2020-05-08,1793,55,10,43,1015
31938,6783,209,2020-05-07 22:00:00,2020-05-07,1687,54,9,42,1352
30251,5431,200,2020-05-06 22:00:00,2020-05-06,1595,53,9,41,955
28656,4476,191,2020-05-05 22:00:00,2020-05-05,1645,52,7,40,342
27011,4134,184,2020-05-04 22:00:00,2020-05-04,1552,51,8,39,369
25459,3765,176,2020-05-03 22:00:00,2020-05-03,1362,50,7,38,210
24097,3555,169,2020-05-02 22:00:00,2020-05-02,1344,49,7,37,392
22753,3163,162,2020-05-01 22:00:00,2020-05-01,1351,48,5,36,210
21402,2953,157,2020-04-30 22:00:00,2020-04-30,1325,47,5,35,169
20077,2784,152,2020-04-29 22:00:00,2020-04-29,1266,46,8,34,253
18811,2531,144,2020-04-28 22:00:00,2020-04-28,1289,45,5,33,174
17522,2357,139,2020-04-27 22:00:00,2020-04-27,1223,44,3,32,142
16299,2215,136,2020-04-26 22:00:00,2020-04-26,1197,43,9,31,166
15102,2049,127,2020-04-25 22:00:00,2020-04-25,1172,42,6,30,124
13930,1925,121,2020-04-24 22:00:00,2020-04-24,1158,41,7,29,113
12772,1812,114,2020-04-23 22:00:00,2020-04-23,1141,40,5,28,172
11631,1640,109,2020-04-22 22:00:00,2020-04-22,1147,39,6,27,150
10484,1490,103,2020-04-21 22:00:00,2020-04-21,1122,38,6,26,92
9362,1398,97,2020-04-20 22:00:00,2020-04-20,1088,37,5,25,69
8274,1329,92,2020-04-19 22:00:00,2020-04-19,1132,36,5,24,280
7142,1049,87,2020-04-18 22:00:00,2020-04-18,762,35,4,23,59
6380,990,83,2020-04-17 22:00:00,2020-04-17,518,34,4,22,59
5862,931,79,2020-04-16 22:00:00,2020-04-16,493,33,6,21,42
5369,889,73,2020-04-15 22:00:00,2020-04-15,435,32,8,20,84
4934,805,65,2020-04-14 22:00:00,2020-04-14,472,31,6,19,44
4462,761,59,2020-04-13 22:00:00,2020-04-13,429,30,7,18,41
4033,720,52,2020-04-12 22:00:00,2020-04-12,382,29,5,17,35
3651,685,47,2020-04-11 22:00:00,2020-04-11,364,28,3,16,19
3287,666,44,2020-04-10 22:00:00,2020-04-10,355,27,3,15,35
2932,631,41,2020-04-09 22:00:00,2020-04-09,137,26,0,14,16
2795,615,41,2020-04-08 22:00:00,2020-04-08,43,25,3,13,64
2752,551,38,2020-04-07 22:00:00,2020-04-07,289,24,4,12,63
2463,488,34,2020-04-06 22:00:00,2020-04-06,93,23,5,11,68
2370,420,29,2020-04-05 22:00:00,2020-04-05,331,22,4,10,69
2039,351,25,2020-04-04 21:00:00,2020-04-04,154,21,4,9,23
1885,328,21,2020-04-03 21:00:00,2020-04-03,165,20,5,8,64
1720,264,16,2020-04-02 21:00:00,2020-04-02,157,19,6,7,99
1563,165,10,2020-04-01 21:00:00,2020-04-01,110,18,2,6,50
1453,115,8,2020-03-31 21:00:00,2020-03-31,154,17,0,5,49
1299,66,8,2020-03-30 21:00:00,2020-03-30,96,16,4,4,29
1203,37,4,2020-03-29 21:00:00,2020-03-29,99,15,1,3,2
1104,35,3,2020-03-28 21:00:00,2020-03-28,92,14,0,2,2
1012,33,3,2020-03-27 21:10:00,2020-03-27,112,13,1,1,4
900,29,2,2020-03-26 22:20:00,2020-03-26,0,12,0,0,0
900,29,2,2020-03-25 23:20:00,2020-03-25,338,11,2,0,10
562,19,0,2020-03-24 21:20:00,2020-03-24,51,10,0,0,2
511,17,0,2020-03-23 21:40:00,2020-03-23,119,9,0,0,1
392,16,0,2020-03-22 21:00:00,2020-03-22,48,8,0,0,8
344,8,0,2020-03-21 21:00:00,2020-03-21,70,7,0,0,0
274,8,0,2020-03-20 21:20:00,2020-03-20,36,6,0,0,2
238,6,0,2020-03-19 21:30:00,2020-03-19,67,5,0,0,0
171,6,0,2020-03-18 22:00:00,2020-03-18,38,4,0,0,0
133,6,0,2020-03-17 21:00:00,2020-03-17,15,3,0,0,3
118,3,0,2020-03-16 21:00:00,2020-03-16,15,2,0,0,1
103,2,0,2020-03-15 21:00:00,2020-03-15,17,1,0,0,1
86,1,0,2020-03-14 21:00:00,2020-03-14,24,0,0,0,0
62,1,0,2020-03-13 21:00:00,2020-03-13,17,0,0,0,0
45,1,0,2020-03-12 21:00:00,2020-03-12,25,0,0,0,0
20,1,0,2020-03-11 21:00:00,2020-03-11,0,0,0,0,0
20,1,0,2020-03-10 21:00:00,2020-03-10,5,0,0,0,0
15,1,0,2020-03-09 21:00:00,2020-03-09,4,0,0,0,0
11,1,0,2020-03-08 21:00:00,2020-03-08,6,0,0,0,0
5,1,0,2020-03-07 21:00:00,2020-03-07,0,0,0,0,0
5,1,0,2020-03-06 21:00:00,2020-03-06,3,0,0,0,1
2,0,0,2020-03-05 21:00:00,2020-03-05,1,0,0,0,0
1,0,0,2020-03-04 21:00:00,2020-03-04,0,0,0,0,0
1,0,0,2020-03-03 21:00:00,2020-03-03,1,0,0,0,0
0,0,0,2020-03-02 21:00:00,2020-03-02,0,0,0,0,0
0,0,0,2020-03-01 21:00:00,2020-03-01,0,0,0,0,0
0,0,0,2020-02-29 21:00:00,2020-02-29,0,0,0,0,0
0,0,0,2020-02-28 21:00:00,2020-02-28,0,0,0,0,0
0,0,0,2020-02-27 21:00:00,2020-02-27,0,0,0,0,0
0,0,0,2020-02-26 21:00:00,2020-02-26,0,0,0,0,0
0,0,0,2020-02-25 21:00:00,2020-02-25,0,0,0,0,0
0,0,0,2020-02-24 21:00:00,2020-02-24,0,0,0,0,0
0,0,0,2020-02-23 21:00:00,2020-02-23,0,0,0,0,0
0,0,0,2020-02-22 21:00:00,2020-02-22,0,0,0,0,0
0,0,0,2020-02-21 21:00:00,2020-02-21,0,0,0,0,0
0,0,0,2020-02-20 21:00:00,2020-02-20,0,0,0,0,0
0,0,0,2020-02-19 21:00:00,2020-02-19,0,0,0,0,0
0,0,0,2020-02-18 21:00:00,2020-02-18,0,0,0,0,0
0,0,0,2020-02-17 21:00:00,2020-02-17,0,0,0,0,0
0,0,0,2020-02-16 21:00:00,2020-02-16,0,0,0,0,0
0,0,0,2020-02-15 21:00:00,2020-02-15,0,0,0,0,0
0,0,0,2020-02-14 21:00:00,2020-02-14,0,0,0,0,0
0,0,0,2020-02-13 21:00:00,2020-02-13,0,0,0,0,0
0,0,0,2020-02-12 21:00:00,2020-02-12,0,0,0,0,0
0,0,0,2020-02-11 20:30:00,2020-02-11,0,0,0,0,0
0,0,0,2020-02-10 21:00:00,2020-02-10,0,0,0,0,0
0,0,0,2020-02-09 21:00:00,2020-02-09,0,0,0,0,0
0,0,0,2020-02-08 21:00:00,2020-02-08,0,0,0,0,0
0,0,0,2020-02-07 21:00:00,2020-02-07,0,0,0,0,0
0,0,0,2020-02-06 21:00:00,2020-02-06,0,0,0,0,0
0,0,0,2020-02-05 21:00:00,2020-02-05,0,0,0,0,0
0,0,0,2020-02-04 20:00:00,2020-02-04,0,0,0,0,0
0,0,0,2020-02-03 20:00:00,2020-02-03,0,0,0,0,0
0,0,0,2020-02-02 20:00:00,2020-02-02,0,0,0,0,0
0,0,0,2020-02-01 10:00:00,2020-02-01,0,0,0,0,0
0,0,0,2020-01-31 12:30:00,2020-01-31,0,0,0,0,0
0,0,0,2020-01-30 12:00:00,2020-01-30,0,0,0,0,0
0,0,0,2020-01-29 14:00:00,2020-01-29,0,0,0,0,0
0,0,0,2020-01-28 11:30:00,2020-01-28,0,0,0,0,0
0,0,0,2020-01-27 14:00:00,2020-01-27,0,0,0,0,0
0,0,0,2020-01-26 13:00:00,2020-01-26,0,0,0,0,0
0,0,0,2020-01-25 15:00:00,2020-01-25,0,0,0,0,0
0,0,0,2020-01-24 15:00:00,2020-01-24,0,0,0,0,0
0,0,0,2020-01-23 15:00:00,2020-01-23,0,0,0,0,0
0,0,0,2020-01-22 15:00:00,2020-01-22,0,0,0,0,0
0,0,0,2020-01-21 15:00:00,2020-01-21,0,0,0,0,0
