Confirmed,Recovered,Deaths,Date_last_updated_AEDT,date_day,New,DayElapsed,New_death,DayElapsed_death,New_recover
6698,4341,105,2020-06-29 22:00:00,2020-06-29,112,96,0,73,50
6586,4291,105,2020-06-28 22:00:00,2020-06-28,232,95,7,72,98
6354,4193,98,2020-06-27 22:00:00,2020-06-27,0,94,0,71,0
6354,4193,98,2020-06-26 22:00:00,2020-06-26,121,93,4,70,31
6233,4162,94,2020-06-25 22:00:00,2020-06-25,104,92,1,69,90
6129,4072,93,2020-06-24 22:00:00,2020-06-24,95,91,4,68,26
6034,4046,89,2020-06-23 22:00:00,2020-06-23,64,90,3,67,93
5970,3953,86,2020-06-22 22:00:00,2020-06-22,187,89,4,66,94
5783,3859,82,2020-06-21 22:00:00,2020-06-21,144,88,3,65,71
5639,3788,79,2020-06-20 22:00:00,2020-06-20,0,87,0,64,0
5639,3788,79,2020-06-19 22:00:00,2020-06-19,270,86,6,63,182
5369,3606,73,2020-06-18 22:00:00,2020-06-18,0,85,0,62,0
5369,3606,73,2020-06-17 22:00:00,2020-06-17,122,84,3,61,81
5247,3525,70,2020-06-16 22:00:00,2020-06-16,74,83,6,60,101
5173,3424,64,2020-06-15 22:00:00,2020-06-15,177,82,4,59,196
4996,3228,60,2020-06-14 22:00:00,2020-06-14,145,81,4,58,128
4851,3100,56,2020-06-13 22:00:00,2020-06-13,0,80,0,57,0
4851,3100,56,2020-06-12 22:00:00,2020-06-12,92,79,1,56,106
4759,2994,55,2020-06-11 22:00:00,2020-06-11,119,78,3,55,109
4640,2885,52,2020-06-10 22:00:00,2020-06-10,124,77,0,54,76
4516,2809,52,2020-06-09 22:00:00,2020-06-09,89,76,3,53,110
4427,2699,49,2020-06-08 22:00:00,2020-06-08,99,75,0,52,111
4328,2588,49,2020-06-07 22:00:00,2020-06-07,79,74,2,51,76
4249,2512,47,2020-06-06 22:00:00,2020-06-06,94,73,2,50,236
4155,2276,45,2020-06-05 22:00:00,2020-06-05,223,72,0,49,213
3932,2063,45,2020-06-04 22:00:00,2020-06-04,0,71,0,48,0
3932,2063,45,2020-06-03 22:00:00,2020-06-03,96,70,2,47,109
3836,1954,43,2020-06-02 22:00:00,2020-06-02,97,69,1,46,96
3739,1858,42,2020-06-01 22:00:00,2020-06-01,94,68,0,45,57
3645,1801,42,2020-05-31 22:00:00,2020-05-31,110,67,0,44,40
3535,1761,42,2020-05-30 22:00:00,2020-05-30,106,66,1,43,23
3429,1738,41,2020-05-29 22:00:00,2020-05-29,81,65,2,42,52
3348,1686,39,2020-05-28 22:00:00,2020-05-28,95,64,1,41,100
3253,1586,38,2020-05-27 22:00:00,2020-05-27,92,63,2,40,21
3161,1565,36,2020-05-26 22:00:00,2020-05-26,114,62,1,39,109
3047,1456,35,2020-05-25 22:00:00,2020-05-25,0,61,0,38,0
3047,1456,35,2020-05-24 22:00:00,2020-05-24,71,60,1,37,40
2976,1416,34,2020-05-23 22:00:00,2020-05-23,67,59,1,36,105
2909,1311,33,2020-05-22 22:00:00,2020-05-22,97,58,3,35,60
2812,1251,30,2020-05-21 22:00:00,2020-05-21,98,57,0,34,65
2714,1186,30,2020-05-20 22:00:00,2020-05-20,97,56,0,33,53
2617,1133,30,2020-05-19 22:00:00,2020-05-19,137,55,5,32,160
2480,973,25,2020-05-18 22:00:00,2020-05-18,51,54,0,31,24
2429,949,25,2020-05-17 22:00:00,2020-05-17,119,53,0,30,59
2310,890,25,2020-05-16 22:00:00,2020-05-16,121,52,2,29,48
2189,842,23,2020-05-15 22:00:00,2020-05-15,84,51,2,28,60
2105,782,21,2020-05-14 22:00:00,2020-05-14,110,50,2,27,40
1995,742,19,2020-05-13 22:00:00,2020-05-13,109,49,0,26,27
1886,715,19,2020-05-12 22:00:00,2020-05-12,177,48,0,25,65
1709,650,19,2020-05-11 22:00:00,2020-05-11,75,47,2,24,7
1634,643,17,2020-05-10 22:00:00,2020-05-10,0,46,2,23,0
1634,643,15,2020-05-09 22:00:00,2020-05-09,83,45,2,22,32
1551,611,13,2020-05-08 22:00:00,2020-05-08,118,44,1,21,118
1433,493,12,2020-05-07 22:00:00,2020-05-07,0,43,0,20,0
1433,493,12,2020-05-06 22:00:00,2020-05-06,162,42,2,19,78
1271,415,10,2020-05-05 22:00:00,2020-05-05,89,41,1,18,43
1182,372,9,2020-05-04 22:00:00,2020-05-04,67,40,0,17,4
1115,368,9,2020-05-03 22:00:00,2020-05-03,91,39,0,16,12
1024,356,9,2020-05-02 22:00:00,2020-05-02,0,38,0,15,0
1024,356,9,2020-05-01 22:00:00,2020-05-01,91,37,0,14,22
933,334,9,2020-04-30 22:00:00,2020-04-30,110,36,0,13,38
823,296,9,2020-04-29 22:00:00,2020-04-29,87,35,0,12,12
736,284,9,2020-04-28 22:00:00,2020-04-28,65,34,0,11,1
671,283,9,2020-04-27 22:00:00,2020-04-27,57,33,2,10,7
614,276,7,2020-04-26 22:00:00,2020-04-26,0,32,0,9,0
614,276,7,2020-04-25 22:00:00,2020-04-25,69,31,1,8,14
545,262,6,2020-04-24 22:00:00,2020-04-24,66,30,0,7,5
479,257,6,2020-04-23 22:00:00,2020-04-23,37,29,0,6,4
442,253,6,2020-04-22 22:00:00,2020-04-22,65,28,1,5,18
377,235,5,2020-04-21 22:00:00,2020-04-21,0,27,0,4,0
377,235,5,2020-04-20 22:00:00,2020-04-20,27,26,2,3,24
350,211,3,2020-04-19 22:00:00,2020-04-19,0,25,0,2,0
350,211,3,2020-04-18 22:00:00,2020-04-18,8,24,1,1,13
342,198,2,2020-04-17 22:00:00,2020-04-17,28,23,0,0,8
314,190,2,2020-04-16 22:00:00,2020-04-16,15,22,0,0,7
299,183,2,2020-04-15 22:00:00,2020-04-15,8,21,0,0,5
291,178,2,2020-04-14 22:00:00,2020-04-14,0,20,0,0,0
291,178,2,2020-04-13 22:00:00,2020-04-13,11,19,0,0,7
280,171,2,2020-04-12 22:00:00,2020-04-12,2,18,0,0,34
278,137,2,2020-04-11 22:00:00,2020-04-11,13,17,0,0,0
265,137,2,2020-04-10 22:00:00,2020-04-10,21,16,0,0,24
244,113,2,2020-04-09 22:00:00,2020-04-09,7,15,0,0,8
237,105,2,2020-04-08 22:00:00,2020-04-08,11,14,0,0,13
226,92,2,2020-04-07 22:00:00,2020-04-07,0,13,0,0,0
226,92,2,2020-04-06 22:00:00,2020-04-06,4,12,0,0,10
222,82,2,2020-04-05 22:00:00,2020-04-05,15,11,1,0,16
207,66,1,2020-04-04 21:00:00,2020-04-04,0,10,0,0,0
207,66,1,2020-04-03 21:00:00,2020-04-03,12,9,0,0,11
195,55,1,2020-04-02 21:00:00,2020-04-02,5,8,0,0,10
190,45,1,2020-04-01 21:00:00,2020-04-01,15,7,1,0,5
175,40,0,2020-03-31 21:00:00,2020-03-31,13,6,0,0,13
162,27,0,2020-03-30 21:00:00,2020-03-30,20,5,0,0,0
142,27,0,2020-03-29 21:00:00,2020-03-29,12,4,0,0,9
130,18,0,2020-03-28 21:00:00,2020-03-28,11,3,0,0,7
119,11,0,2020-03-27 21:10:00,2020-03-27,14,2,0,0,2
105,9,0,2020-03-26 22:20:00,2020-03-26,6,1,0,0,0
99,9,0,2020-03-25 23:20:00,2020-03-25,13,0,0,0,1
86,8,0,2020-03-24 21:20:00,2020-03-24,19,0,0,0,3
67,5,0,2020-03-23 21:40:00,2020-03-23,11,0,0,0,0
56,5,0,2020-03-22 21:00:00,2020-03-22,9,0,0,0,0
47,5,0,2020-03-21 21:00:00,2020-03-21,11,0,0,0,3
36,2,0,2020-03-20 21:20:00,2020-03-20,0,0,0,0,0
36,2,0,2020-03-19 21:30:00,2020-03-19,5,0,0,0,0
31,2,0,2020-03-18 22:00:00,2020-03-18,4,0,0,0,0
27,2,0,2020-03-17 21:00:00,2020-03-17,3,0,0,0,0
24,2,0,2020-03-16 21:00:00,2020-03-16,0,0,0,0,0
24,2,0,2020-03-15 21:00:00,2020-03-15,3,0,0,0,0
21,2,0,2020-03-14 21:00:00,2020-03-14,11,0,0,0,1
10,1,0,2020-03-13 21:00:00,2020-03-13,6,0,0,0,0
4,1,0,2020-03-12 21:00:00,2020-03-12,0,0,0,0,0
4,1,0,2020-03-11 21:00:00,2020-03-11,0,0,0,0,0
4,1,0,2020-03-10 21:00:00,2020-03-10,0,0,0,0,0
4,1,0,2020-03-09 21:00:00,2020-03-09,0,0,0,0,0
4,1,0,2020-03-08 21:00:00,2020-03-08,0,0,0,0,0
4,1,0,2020-03-07 21:00:00,2020-03-07,0,0,0,0,1
4,0,0,2020-03-06 21:00:00,2020-03-06,0,0,0,0,0
4,0,0,2020-03-05 21:00:00,2020-03-05,2,0,0,0,0
2,0,0,2020-03-04 21:00:00,2020-03-04,1,0,0,0,0
1,0,0,2020-03-03 21:00:00,2020-03-03,1,0,0,0,0
0,0,0,2020-03-02 21:00:00,2020-03-02,0,0,0,0,0
0,0,0,2020-03-01 21:00:00,2020-03-01,0,0,0,0,0
0,0,0,2020-02-29 21:00:00,2020-02-29,0,0,0,0,0
0,0,0,2020-02-28 21:00:00,2020-02-28,0,0,0,0,0
0,0,0,2020-02-27 21:00:00,2020-02-27,0,0,0,0,0
0,0,0,2020-02-26 21:00:00,2020-02-26,0,0,0,0,0
0,0,0,2020-02-25 21:00:00,2020-02-25,0,0,0,0,0
0,0,0,2020-02-24 21:00:00,2020-02-24,0,0,0,0,0
0,0,0,2020-02-23 21:00:00,2020-02-23,0,0,0,0,0
0,0,0,2020-02-22 21:00:00,2020-02-22,0,0,0,0,0
0,0,0,2020-02-21 21:00:00,2020-02-21,0,0,0,0,0
0,0,0,2020-02-20 21:00:00,2020-02-20,0,0,0,0,0
0,0,0,2020-02-19 21:00:00,2020-02-19,0,0,0,0,0
0,0,0,2020-02-18 21:00:00,2020-02-18,0,0,0,0,0
0,0,0,2020-02-17 21:00:00,2020-02-17,0,0,0,0,0
0,0,0,2020-02-16 21:00:00,2020-02-16,0,0,0,0,0
0,0,0,2020-02-15 21:00:00,2020-02-15,0,0,0,0,0
0,0,0,2020-02-14 21:00:00,2020-02-14,0,0,0,0,0
0,0,0,2020-02-13 21:00:00,2020-02-13,0,0,0,0,0
0,0,0,2020-02-12 21:00:00,2020-02-12,0,0,0,0,0
0,0,0,2020-02-11 20:30:00,2020-02-11,0,0,0,0,0
0,0,0,2020-02-10 21:00:00,2020-02-10,0,0,0,0,0
0,0,0,2020-02-09 21:00:00,2020-02-09,0,0,0,0,0
0,0,0,2020-02-08 21:00:00,2020-02-08,0,0,0,0,0
0,0,0,2020-02-07 21:00:00,2020-02-07,0,0,0,0,0
0,0,0,2020-02-06 21:00:00,2020-02-06,0,0,0,0,0
0,0,0,2020-02-05 21:00:00,2020-02-05,0,0,0,0,0
0,0,0,2020-02-04 20:00:00,2020-02-04,0,0,0,0,0
0,0,0,2020-02-03 20:00:00,2020-02-03,0,0,0,0,0
0,0,0,2020-02-02 20:00:00,2020-02-02,0,0,0,0,0
0,0,0,2020-02-01 10:00:00,2020-02-01,0,0,0,0,0
0,0,0,2020-01-31 12:30:00,2020-01-31,0,0,0,0,0
0,0,0,2020-01-30 12:00:00,2020-01-30,0,0,0,0,0
0,0,0,2020-01-29 14:00:00,2020-01-29,0,0,0,0,0
0,0,0,2020-01-28 11:30:00,2020-01-28,0,0,0,0,0
0,0,0,2020-01-27 14:00:00,2020-01-27,0,0,0,0,0
0,0,0,2020-01-26 13:00:00,2020-01-26,0,0,0,0,0
0,0,0,2020-01-25 15:00:00,2020-01-25,0,0,0,0,0
0,0,0,2020-01-24 15:00:00,2020-01-24,0,0,0,0,0
0,0,0,2020-01-23 15:00:00,2020-01-23,0,0,0,0,0
0,0,0,2020-01-22 15:00:00,2020-01-22,0,0,0,0,0
0,0,0,2020-01-21 15:00:00,2020-01-21,0,0,0,0,0
