Confirmed,Recovered,Deaths,Date_last_updated_AEDT,date_day,New,DayElapsed,New_death,DayElapsed_death,New_recover
311,306,3,2020-06-12 22:00:00,2020-06-12,0,132,0,87,0
311,306,3,2020-06-11 22:00:00,2020-06-11,0,131,0,86,1
311,305,3,2020-06-10 22:00:00,2020-06-10,0,130,0,85,0
311,305,3,2020-06-09 22:00:00,2020-06-09,0,129,0,84,0
311,305,3,2020-06-08 22:00:00,2020-06-08,0,128,0,83,0
311,305,3,2020-06-07 22:00:00,2020-06-07,2,127,0,82,0
309,305,3,2020-06-06 22:00:00,2020-06-06,0,126,0,81,0
309,305,3,2020-06-05 22:00:00,2020-06-05,0,125,0,80,0
309,305,3,2020-06-04 22:00:00,2020-06-04,0,124,0,79,0
309,305,3,2020-06-03 22:00:00,2020-06-03,0,123,0,78,0
309,305,3,2020-06-02 22:00:00,2020-06-02,0,122,0,77,0
309,305,3,2020-06-01 22:00:00,2020-06-01,1,121,0,76,0
308,305,3,2020-05-31 22:00:00,2020-05-31,0,120,0,75,0
308,305,3,2020-05-30 22:00:00,2020-05-30,0,119,0,74,0
308,305,3,2020-05-29 22:00:00,2020-05-29,0,118,0,73,0
308,305,3,2020-05-28 22:00:00,2020-05-28,0,117,0,72,0
308,305,3,2020-05-27 22:00:00,2020-05-27,0,116,0,71,0
308,305,3,2020-05-26 22:00:00,2020-05-26,0,115,0,70,0
308,305,3,2020-05-25 22:00:00,2020-05-25,0,114,0,69,0
308,305,3,2020-05-24 22:00:00,2020-05-24,0,113,0,68,1
308,304,3,2020-05-23 22:00:00,2020-05-23,0,112,0,67,1
308,303,3,2020-05-22 22:00:00,2020-05-22,0,111,0,66,0
308,303,3,2020-05-21 22:00:00,2020-05-21,0,110,0,65,0
308,303,3,2020-05-20 22:00:00,2020-05-20,0,109,0,64,0
308,303,3,2020-05-19 22:00:00,2020-05-19,0,108,0,63,2
308,301,3,2020-05-18 22:00:00,2020-05-18,0,107,0,62,0
308,301,3,2020-05-17 22:00:00,2020-05-17,0,106,0,61,0
308,301,3,2020-05-16 22:00:00,2020-05-16,0,105,0,60,1
308,300,3,2020-05-15 22:00:00,2020-05-15,0,104,0,59,3
308,297,3,2020-05-14 22:00:00,2020-05-14,0,103,0,58,0
308,297,3,2020-05-13 22:00:00,2020-05-13,0,102,0,57,1
308,296,3,2020-05-12 22:00:00,2020-05-12,0,101,0,56,2
308,294,3,2020-05-11 22:00:00,2020-05-11,0,100,0,55,1
308,293,3,2020-05-10 22:00:00,2020-05-10,0,99,0,54,1
308,292,3,2020-05-09 22:00:00,2020-05-09,0,98,0,53,24
308,268,3,2020-05-08 22:00:00,2020-05-08,0,97,0,52,2
308,266,3,2020-05-07 22:00:00,2020-05-07,0,96,0,51,2
308,264,3,2020-05-06 22:00:00,2020-05-06,2,95,0,50,1
306,263,3,2020-05-05 22:00:00,2020-05-05,0,94,0,49,0
306,263,3,2020-05-04 22:00:00,2020-05-04,0,93,0,48,3
306,260,3,2020-05-03 22:00:00,2020-05-03,0,92,0,47,6
306,254,3,2020-05-02 22:00:00,2020-05-02,0,91,0,46,0
306,254,3,2020-05-01 22:00:00,2020-05-01,0,90,0,45,1
306,253,3,2020-04-30 22:00:00,2020-04-30,0,89,0,44,0
306,253,3,2020-04-29 22:00:00,2020-04-29,0,88,0,43,0
306,253,3,2020-04-28 22:00:00,2020-04-28,20,87,0,42,0
286,253,3,2020-04-27 22:00:00,2020-04-27,0,86,0,41,0
286,253,3,2020-04-26 22:00:00,2020-04-26,0,85,0,40,0
286,253,3,2020-04-25 22:00:00,2020-04-25,7,84,0,39,0
279,253,3,2020-04-24 22:00:00,2020-04-24,0,83,0,38,0
279,253,3,2020-04-23 22:00:00,2020-04-23,0,82,0,37,0
279,253,3,2020-04-22 22:00:00,2020-04-22,2,81,0,36,0
277,253,3,2020-04-21 22:00:00,2020-04-21,21,80,0,35,1
256,252,3,2020-04-20 22:00:00,2020-04-20,0,79,0,34,0
256,252,3,2020-04-19 22:00:00,2020-04-19,0,78,0,33,0
256,252,3,2020-04-18 22:00:00,2020-04-18,0,77,0,32,0
256,252,3,2020-04-17 22:00:00,2020-04-17,0,76,0,31,1
256,251,3,2020-04-16 22:00:00,2020-04-16,0,75,0,30,0
256,251,3,2020-04-15 22:00:00,2020-04-15,0,74,0,29,3
256,248,3,2020-04-14 22:00:00,2020-04-14,0,73,0,28,0
256,248,3,2020-04-13 22:00:00,2020-04-13,0,72,0,27,0
256,248,3,2020-04-12 22:00:00,2020-04-12,0,71,0,26,0
256,248,3,2020-04-11 22:00:00,2020-04-11,0,70,0,25,2
256,246,3,2020-04-10 22:00:00,2020-04-10,0,69,0,24,0
256,246,3,2020-04-09 22:00:00,2020-04-09,0,68,0,23,0
256,246,3,2020-04-08 22:00:00,2020-04-08,0,67,0,22,0
256,246,3,2020-04-07 22:00:00,2020-04-07,0,66,0,21,0
256,246,3,2020-04-06 22:00:00,2020-04-06,0,65,0,20,1
256,245,3,2020-04-05 22:00:00,2020-04-05,0,64,0,19,0
256,245,3,2020-04-04 21:00:00,2020-04-04,1,63,0,18,3
255,242,3,2020-04-03 21:00:00,2020-04-03,0,62,0,17,0
255,242,3,2020-04-02 21:00:00,2020-04-02,0,61,0,16,0
255,242,3,2020-04-01 21:00:00,2020-04-01,2,60,0,15,0
253,242,3,2020-03-31 21:00:00,2020-03-31,0,59,0,14,0
253,242,3,2020-03-30 21:00:00,2020-03-30,0,58,0,13,0
253,242,3,2020-03-29 21:00:00,2020-03-29,0,57,0,12,0
253,242,3,2020-03-28 21:00:00,2020-03-28,0,56,0,11,0
253,242,3,2020-03-27 21:10:00,2020-03-27,3,55,0,10,2
250,240,3,2020-03-26 22:20:00,2020-03-26,0,54,0,9,0
250,240,3,2020-03-25 23:20:00,2020-03-25,1,53,0,8,0
249,240,3,2020-03-24 21:20:00,2020-03-24,1,52,0,7,1
248,239,3,2020-03-23 21:40:00,2020-03-23,0,51,0,6,0
248,239,3,2020-03-22 21:00:00,2020-03-22,0,50,0,5,0
248,239,3,2020-03-21 21:00:00,2020-03-21,1,49,0,4,2
247,237,3,2020-03-20 21:20:00,2020-03-20,1,48,0,3,0
246,237,3,2020-03-19 21:30:00,2020-03-19,0,47,0,2,0
246,237,3,2020-03-18 22:00:00,2020-03-18,0,46,1,1,1
246,236,2,2020-03-17 21:00:00,2020-03-17,1,45,0,0,3
245,233,2,2020-03-16 21:00:00,2020-03-16,0,44,0,0,1
245,232,2,2020-03-15 21:00:00,2020-03-15,0,43,0,0,0
245,232,2,2020-03-14 21:00:00,2020-03-14,0,42,0,0,0
245,232,2,2020-03-13 21:00:00,2020-03-13,0,41,0,0,0
245,232,2,2020-03-12 21:00:00,2020-03-12,0,40,1,0,1
245,231,1,2020-03-11 21:00:00,2020-03-11,0,39,0,0,4
245,227,1,2020-03-10 21:00:00,2020-03-10,0,38,0,0,0
245,227,1,2020-03-09 21:00:00,2020-03-09,0,37,0,0,1
245,226,1,2020-03-08 21:00:00,2020-03-08,0,36,0,0,0
245,226,1,2020-03-07 21:00:00,2020-03-07,0,35,0,0,0
245,226,1,2020-03-06 21:00:00,2020-03-06,0,34,0,0,2
245,224,1,2020-03-05 21:00:00,2020-03-05,0,33,0,0,6
245,218,1,2020-03-04 21:00:00,2020-03-04,0,32,0,0,2
245,216,1,2020-03-03 21:00:00,2020-03-03,0,31,0,0,0
245,216,1,2020-03-02 21:00:00,2020-03-02,0,30,0,0,8
245,208,1,2020-03-01 21:00:00,2020-03-01,0,29,0,0,1
245,207,1,2020-02-29 21:00:00,2020-02-29,0,28,0,0,8
245,199,1,2020-02-28 21:00:00,2020-02-28,0,27,0,0,5
245,194,1,2020-02-27 21:00:00,2020-02-27,0,26,0,0,5
245,189,1,2020-02-26 21:00:00,2020-02-26,0,25,0,0,5
245,184,1,2020-02-25 21:00:00,2020-02-25,0,24,0,0,20
245,164,1,2020-02-24 21:00:00,2020-02-24,0,23,0,0,6
245,158,1,2020-02-23 21:00:00,2020-02-23,0,22,0,0,9
245,149,1,2020-02-22 21:00:00,2020-02-22,0,21,0,0,19
245,130,1,2020-02-21 21:00:00,2020-02-21,0,20,0,0,13
245,117,1,2020-02-20 21:00:00,2020-02-20,3,19,1,0,15
242,102,0,2020-02-19 21:00:00,2020-02-19,2,18,0,0,17
240,85,0,2020-02-18 21:00:00,2020-02-18,0,17,0,0,9
240,76,0,2020-02-17 21:00:00,2020-02-17,4,16,0,0,6
236,70,0,2020-02-16 21:00:00,2020-02-16,4,15,0,0,14
232,56,0,2020-02-15 21:00:00,2020-02-15,2,14,0,0,7
230,49,0,2020-02-14 21:00:00,2020-02-14,1,13,0,0,3
229,46,0,2020-02-13 21:00:00,2020-02-13,4,12,0,0,6
225,40,0,2020-02-12 21:00:00,2020-02-12,6,11,0,0,8
219,32,0,2020-02-11 20:30:00,2020-02-11,6,10,0,0,5
213,27,0,2020-02-10 21:00:00,2020-02-10,5,9,0,0,2
208,25,0,2020-02-09 21:00:00,2020-02-09,13,8,0,0,5
195,20,0,2020-02-08 21:00:00,2020-02-08,11,7,0,0,3
184,17,0,2020-02-07 21:00:00,2020-02-07,11,6,0,0,10
173,7,0,2020-02-06 21:00:00,2020-02-06,8,5,0,0,1
165,6,0,2020-02-05 21:00:00,2020-02-05,23,4,0,0,5
142,1,0,2020-02-04 20:00:00,2020-02-04,14,3,0,0,1
128,0,0,2020-02-03 20:00:00,2020-02-03,12,2,0,0,0
116,0,0,2020-02-02 20:00:00,2020-02-02,29,1,0,0,0
87,0,0,2020-02-01 10:00:00,2020-02-01,0,0,0,0,0
87,0,0,2020-01-31 12:30:00,2020-01-31,31,0,0,0,0
56,0,0,2020-01-30 12:00:00,2020-01-30,0,0,0,0,0
56,0,0,2020-01-29 14:00:00,2020-01-29,21,0,0,0,0
35,0,0,2020-01-28 11:30:00,2020-01-28,13,0,0,0,0
22,0,0,2020-01-27 14:00:00,2020-01-27,7,0,0,0,0
15,0,0,2020-01-26 13:00:00,2020-01-26,10,0,0,0,0
5,0,0,2020-01-25 15:00:00,2020-01-25,2,0,0,0,0
3,0,0,2020-01-24 15:00:00,2020-01-24,0,0,0,0,0
3,0,0,2020-01-23 15:00:00,2020-01-23,3,0,0,0,0
0,0,0,2020-01-22 15:00:00,2020-01-22,0,0,0,0,0
0,0,0,2020-01-21 15:00:00,2020-01-21,0,0,0,0,0
