Confirmed,Recovered,Deaths,Date_last_updated_AEDT,date_day,New,DayElapsed,New_death,DayElapsed_death,New_recover
52512,46491,27,2020-08-01 22:00:00,2020-08-01,307,154,0,126,183
52205,46308,27,2020-07-31 22:00:00,2020-07-31,396,153,0,125,210
51809,46098,27,2020-07-30 22:00:00,2020-07-30,278,152,0,124,205
51531,45893,27,2020-07-29 22:00:00,2020-07-29,334,151,0,123,201
51197,45692,27,2020-07-28 22:00:00,2020-07-28,359,150,0,122,171
50838,45521,27,2020-07-27 22:00:00,2020-07-27,469,149,0,121,169
50369,45352,27,2020-07-26 22:00:00,2020-07-26,481,148,0,120,180
49888,45172,27,2020-07-25 22:00:00,2020-07-25,513,147,0,119,157
49375,45015,27,2020-07-24 22:00:00,2020-07-24,277,146,0,118,220
49098,44795,27,2020-07-23 22:00:00,2020-07-23,354,145,0,117,211
48744,44584,27,2020-07-22 22:00:00,2020-07-22,310,144,0,116,213
48434,44371,27,2020-07-21 22:00:00,2020-07-21,399,143,0,115,285
48035,44086,27,2020-07-20 22:00:00,2020-07-20,123,142,0,114,253
47912,43833,27,2020-07-19 22:00:00,2020-07-19,257,141,0,113,256
47655,43577,27,2020-07-18 22:00:00,2020-07-18,202,140,0,112,321
47453,43256,27,2020-07-17 22:00:00,2020-07-17,327,139,0,111,268
47126,42988,27,2020-07-16 22:00:00,2020-07-16,248,138,0,110,251
46878,42737,27,2020-07-15 22:00:00,2020-07-15,248,137,1,109,196
46630,42541,26,2020-07-14 22:00:00,2020-07-14,347,136,0,108,256
46283,42285,26,2020-07-13 22:00:00,2020-07-13,322,135,0,107,259
45961,42026,26,2020-07-12 22:00:00,2020-07-12,178,134,0,106,246
45783,41780,26,2020-07-11 22:00:00,2020-07-11,169,133,0,105,135
45614,41645,26,2020-07-10 22:00:00,2020-07-10,191,132,0,104,322
45423,41323,26,2020-07-09 22:00:00,2020-07-09,125,131,0,103,321
45298,41002,26,2020-07-08 22:00:00,2020-07-08,158,130,0,102,285
45140,40717,26,2020-07-07 22:00:00,2020-07-07,157,129,0,101,276
44983,40441,26,2020-07-06 22:00:00,2020-07-06,183,128,0,100,324
44800,40117,26,2020-07-05 22:00:00,2020-07-05,136,127,0,99,348
44664,39769,26,2020-07-04 22:00:00,2020-07-04,185,126,0,98,340
44479,39429,26,2020-07-03 22:00:00,2020-07-03,169,125,0,97,418
44310,39011,26,2020-07-02 22:00:00,2020-07-02,188,124,0,96,511
44122,38500,26,2020-07-01 22:00:00,2020-07-01,215,123,0,95,515
43907,37985,26,2020-06-30 22:00:00,2020-06-30,246,122,0,94,477
43661,37508,26,2020-06-29 22:00:00,2020-06-29,202,121,0,93,345
43459,37163,26,2020-06-28 22:00:00,2020-06-28,213,120,0,92,338
43246,36825,26,2020-06-27 22:00:00,2020-06-27,291,119,0,91,221
42955,36604,26,2020-06-26 22:00:00,2020-06-26,219,118,0,90,305
42736,36299,26,2020-06-25 22:00:00,2020-06-25,113,117,0,89,304
42623,35995,26,2020-06-24 22:00:00,2020-06-24,191,116,0,88,405
42432,35590,26,2020-06-23 22:00:00,2020-06-23,119,115,0,87,648
42313,34942,26,2020-06-22 22:00:00,2020-06-22,218,114,0,86,718
42095,34224,26,2020-06-21 22:00:00,2020-06-21,262,113,0,85,765
41833,33459,26,2020-06-20 22:00:00,2020-06-20,218,112,0,84,747
41615,32712,26,2020-06-19 22:00:00,2020-06-19,142,111,0,83,774
41473,31938,26,2020-06-18 22:00:00,2020-06-18,257,110,0,82,775
41216,31163,26,2020-06-17 22:00:00,2020-06-17,247,109,0,81,797
40969,30366,26,2020-06-16 22:00:00,2020-06-16,151,108,0,80,777
40818,29589,26,2020-06-15 22:00:00,2020-06-15,214,107,0,79,781
40604,28808,26,2020-06-14 22:00:00,2020-06-14,407,106,1,78,768
40197,28040,25,2020-06-13 22:00:00,2020-06-13,347,105,0,77,754
39850,27286,25,2020-06-12 22:00:00,2020-06-12,463,104,0,76,754
39387,26532,25,2020-06-11 22:00:00,2020-06-11,422,103,0,75,655
38965,25877,25,2020-06-10 22:00:00,2020-06-10,451,102,0,74,509
38514,25368,25,2020-06-09 22:00:00,2020-06-09,218,101,0,73,482
38296,24886,25,2020-06-08 22:00:00,2020-06-08,386,100,0,72,327
37910,24559,25,2020-06-07 22:00:00,2020-06-07,383,99,1,71,350
37527,24209,24,2020-06-06 22:00:00,2020-06-06,344,98,0,70,305
37183,23904,24,2020-06-05 22:00:00,2020-06-05,261,97,0,69,322
36922,23582,24,2020-06-04 22:00:00,2020-06-04,517,96,0,68,407
36405,23175,24,2020-06-03 22:00:00,2020-06-03,569,95,0,67,709
35836,22466,24,2020-06-02 22:00:00,2020-06-02,544,94,1,66,767
35292,21699,23,2020-06-01 22:00:00,2020-06-01,408,93,0,65,972
34884,20727,23,2020-05-31 22:00:00,2020-05-31,518,92,0,64,1096
34366,19631,23,2020-05-30 22:00:00,2020-05-30,506,91,0,63,1337
33860,18294,23,2020-05-29 22:00:00,2020-05-29,611,90,0,62,1018
33249,17276,23,2020-05-28 22:00:00,2020-05-28,373,89,0,61,832
32876,16444,23,2020-05-27 22:00:00,2020-05-27,533,88,0,60,706
32343,15738,23,2020-05-26 22:00:00,2020-05-26,383,87,0,59,862
31960,14876,23,2020-05-25 22:00:00,2020-05-25,344,86,0,58,994
31616,13882,23,2020-05-24 22:00:00,2020-05-24,548,85,0,57,887
31068,12995,23,2020-05-23 22:00:00,2020-05-23,642,84,0,56,878
30426,12117,23,2020-05-22 22:00:00,2020-05-22,614,83,1,55,910
29812,11207,22,2020-05-21 22:00:00,2020-05-21,448,82,0,54,842
29364,10365,22,2020-05-20 22:00:00,2020-05-20,570,81,0,53,530
28794,9835,22,2020-05-19 22:00:00,2020-05-19,451,80,0,52,495
28343,9340,22,2020-05-18 22:00:00,2020-05-18,305,79,0,51,998
28038,8342,22,2020-05-17 22:00:00,2020-05-17,682,78,1,50,1094
27356,7248,21,2020-05-16 22:00:00,2020-05-16,465,77,0,49,1275
26891,5973,21,2020-05-15 22:00:00,2020-05-15,793,76,0,48,1164
26098,4809,21,2020-05-14 22:00:00,2020-05-14,752,75,0,47,958
25346,3851,21,2020-05-13 22:00:00,2020-05-13,675,74,0,46,626
24671,3225,21,2020-05-12 22:00:00,2020-05-12,849,73,1,45,504
23822,2721,20,2020-05-11 22:00:00,2020-05-11,486,72,0,44,425
23336,2296,20,2020-05-10 22:00:00,2020-05-10,876,71,0,43,256
22460,2040,20,2020-05-09 22:00:00,2020-05-09,753,70,0,42,328
21707,1712,20,2020-05-08 22:00:00,2020-05-08,768,69,0,41,78
20939,1634,20,2020-05-07 22:00:00,2020-05-07,741,68,2,40,115
20198,1519,18,2020-05-06 22:00:00,2020-05-06,788,67,0,39,62
19410,1457,18,2020-05-05 22:00:00,2020-05-05,632,66,0,38,49
18778,1408,18,2020-05-04 22:00:00,2020-05-04,573,65,1,37,61
18205,1347,17,2020-05-03 22:00:00,2020-05-03,657,64,1,36,79
17548,1268,16,2020-05-02 22:00:00,2020-05-02,447,63,1,35,24
17101,1244,15,2020-05-01 22:00:00,2020-05-01,932,62,1,34,56
16169,1188,14,2020-04-30 22:00:00,2020-04-30,528,61,0,33,60
15641,1128,14,2020-04-29 22:00:00,2020-04-29,690,60,0,32,33
14951,1095,14,2020-04-28 22:00:00,2020-04-28,528,59,2,31,35
14423,1060,12,2020-04-27 22:00:00,2020-04-27,799,58,0,30,58
13624,1002,12,2020-04-26 22:00:00,2020-04-26,931,57,0,29,46
12693,956,12,2020-04-25 22:00:00,2020-04-25,618,56,0,28,32
12075,924,12,2020-04-24 22:00:00,2020-04-24,897,55,0,27,28
11178,896,12,2020-04-23 22:00:00,2020-04-23,1037,54,1,26,57
10141,839,11,2020-04-22 22:00:00,2020-04-22,1016,53,0,25,38
9125,801,11,2020-04-21 22:00:00,2020-04-21,1111,52,0,24,33
8014,768,11,2020-04-20 22:00:00,2020-04-20,1426,51,0,23,28
6588,740,11,2020-04-19 22:00:00,2020-04-19,596,50,0,22,32
5992,708,11,2020-04-18 22:00:00,2020-04-18,942,49,1,21,25
5050,683,10,2020-04-17 22:00:00,2020-04-17,1351,48,0,20,31
3699,652,10,2020-04-16 22:00:00,2020-04-16,447,47,0,19,41
3252,611,10,2020-04-15 22:00:00,2020-04-15,334,46,1,18,25
2918,586,9,2020-04-14 22:00:00,2020-04-14,386,45,1,17,26
2532,560,8,2020-04-13 22:00:00,2020-04-13,233,44,0,16,32
2299,528,8,2020-04-12 22:00:00,2020-04-12,191,43,1,15,36
2108,492,7,2020-04-11 22:00:00,2020-04-11,198,42,1,14,32
1910,460,6,2020-04-10 22:00:00,2020-04-10,287,41,0,13,54
1623,406,6,2020-04-09 22:00:00,2020-04-09,142,40,0,12,29
1481,377,6,2020-04-08 22:00:00,2020-04-08,106,39,0,11,33
1375,344,6,2020-04-07 22:00:00,2020-04-07,66,38,0,10,24
1309,320,6,2020-04-06 22:00:00,2020-04-06,0,37,0,9,23
1309,297,6,2020-04-05 22:00:00,2020-04-05,195,36,0,8,15
1114,282,6,2020-04-04 21:00:00,2020-04-04,0,35,1,7,16
1114,266,5,2020-04-03 21:00:00,2020-04-03,114,34,1,6,21
1000,245,4,2020-04-02 21:00:00,2020-04-02,74,33,1,5,5
926,240,3,2020-04-01 21:00:00,2020-04-01,47,32,0,4,12
879,228,3,2020-03-31 21:00:00,2020-03-31,35,31,0,3,16
844,212,3,2020-03-30 21:00:00,2020-03-30,42,30,0,2,14
802,198,3,2020-03-29 21:00:00,2020-03-29,70,29,1,1,15
732,183,2,2020-03-28 21:00:00,2020-03-28,49,28,0,0,11
683,172,2,2020-03-27 21:10:00,2020-03-27,52,27,0,0,12
631,160,2,2020-03-26 22:20:00,2020-03-26,73,26,0,0,4
558,156,2,2020-03-25 23:20:00,2020-03-25,49,25,0,0,4
509,152,2,2020-03-24 21:20:00,2020-03-24,54,24,0,0,8
455,144,2,2020-03-23 21:40:00,2020-03-23,23,23,0,0,4
432,140,2,2020-03-22 21:00:00,2020-03-22,47,22,0,0,9
385,131,2,2020-03-21 21:00:00,2020-03-21,0,21,2,0,7
385,124,0,2020-03-20 21:20:00,2020-03-20,72,20,0,0,7
313,117,0,2020-03-19 21:30:00,2020-03-19,47,19,0,0,3
266,114,0,2020-03-18 22:00:00,2020-03-18,23,18,0,0,5
243,109,0,2020-03-17 21:00:00,2020-03-17,17,17,0,0,4
226,105,0,2020-03-16 21:00:00,2020-03-16,14,16,0,0,0
212,105,0,2020-03-15 21:00:00,2020-03-15,12,15,0,0,8
200,97,0,2020-03-14 21:00:00,2020-03-14,13,14,0,0,1
187,96,0,2020-03-13 21:00:00,2020-03-13,9,13,0,0,0
178,96,0,2020-03-12 21:00:00,2020-03-12,12,12,0,0,3
166,93,0,2020-03-11 21:00:00,2020-03-11,6,11,0,0,0
160,93,0,2020-03-10 21:00:00,2020-03-10,10,10,0,0,3
150,90,0,2020-03-09 21:00:00,2020-03-09,12,9,0,0,0
138,90,0,2020-03-08 21:00:00,2020-03-08,8,8,0,0,8
130,82,0,2020-03-07 21:00:00,2020-03-07,13,7,0,0,1
117,81,0,2020-03-06 21:00:00,2020-03-06,5,6,0,0,2
112,79,0,2020-03-05 21:00:00,2020-03-05,2,5,0,0,1
110,78,0,2020-03-04 21:00:00,2020-03-04,2,4,0,0,0
108,78,0,2020-03-03 21:00:00,2020-03-03,2,3,0,0,4
106,74,0,2020-03-02 21:00:00,2020-03-02,4,2,0,0,2
102,72,0,2020-03-01 21:00:00,2020-03-01,4,1,0,0,3
98,69,0,2020-02-29 21:00:00,2020-02-29,2,0,0,0,3
96,66,0,2020-02-28 21:00:00,2020-02-28,3,0,0,0,4
93,62,0,2020-02-27 21:00:00,2020-02-27,2,0,0,0,4
91,58,0,2020-02-26 21:00:00,2020-02-26,1,0,0,0,5
90,53,0,2020-02-25 21:00:00,2020-02-25,1,0,0,0,4
89,49,0,2020-02-24 21:00:00,2020-02-24,0,0,0,0,0
89,49,0,2020-02-23 21:00:00,2020-02-23,3,0,0,0,2
86,47,0,2020-02-22 21:00:00,2020-02-22,1,0,0,0,10
85,37,0,2020-02-21 21:00:00,2020-02-21,1,0,0,0,3
84,34,0,2020-02-20 21:00:00,2020-02-20,3,0,0,0,5
81,29,0,2020-02-19 21:00:00,2020-02-19,4,0,0,0,5
77,24,0,2020-02-18 21:00:00,2020-02-18,2,0,0,0,5
75,19,0,2020-02-17 21:00:00,2020-02-17,3,0,0,0,1
72,18,0,2020-02-16 21:00:00,2020-02-16,5,0,0,0,1
67,17,0,2020-02-15 21:00:00,2020-02-15,9,0,0,0,2
58,15,0,2020-02-14 21:00:00,2020-02-14,8,0,0,0,0
50,15,0,2020-02-13 21:00:00,2020-02-13,0,0,0,0,6
50,9,0,2020-02-12 21:00:00,2020-02-12,5,0,0,0,2
45,7,0,2020-02-11 20:30:00,2020-02-11,2,0,0,0,1
43,6,0,2020-02-10 21:00:00,2020-02-10,3,0,0,0,4
40,2,0,2020-02-09 21:00:00,2020-02-09,7,0,0,0,0
33,2,0,2020-02-08 21:00:00,2020-02-08,3,0,0,0,1
30,1,0,2020-02-07 21:00:00,2020-02-07,2,0,0,0,0
28,1,0,2020-02-06 21:00:00,2020-02-06,4,0,0,0,0
24,1,0,2020-02-05 21:00:00,2020-02-05,6,0,0,0,1
18,0,0,2020-02-04 20:00:00,2020-02-04,0,0,0,0,0
18,0,0,2020-02-03 20:00:00,2020-02-03,0,0,0,0,0
18,0,0,2020-02-02 20:00:00,2020-02-02,2,0,0,0,0
16,0,0,2020-02-01 10:00:00,2020-02-01,6,0,0,0,0
10,0,0,2020-01-31 12:30:00,2020-01-31,0,0,0,0,0
10,0,0,2020-01-30 12:00:00,2020-01-30,3,0,0,0,0
7,0,0,2020-01-29 14:00:00,2020-01-29,2,0,0,0,0
5,0,0,2020-01-28 11:30:00,2020-01-28,1,0,0,0,0
4,0,0,2020-01-27 14:00:00,2020-01-27,1,0,0,0,0
3,0,0,2020-01-26 13:00:00,2020-01-26,0,0,0,0,0
3,0,0,2020-01-25 15:00:00,2020-01-25,2,0,0,0,0
1,0,0,2020-01-24 15:00:00,2020-01-24,0,0,0,0,0
1,0,0,2020-01-23 15:00:00,2020-01-23,1,0,0,0,0
0,0,0,2020-01-22 15:00:00,2020-01-22,0,0,0,0,0
0,0,0,2020-01-21 15:00:00,2020-01-21,0,0,0,0,0
