Confirmed,Recovered,Deaths,Date_last_updated_AEDT,date_day,New,DayElapsed,New_death,DayElapsed_death,New_recover
2156,1797,118,2020-07-31 22:00:00,2020-07-31,17,140,1,131,17
2139,1780,117,2020-07-30 22:00:00,2020-07-30,24,139,0,130,19
2115,1761,117,2020-07-29 22:00:00,2020-07-29,14,138,0,129,19
2101,1742,117,2020-07-28 22:00:00,2020-07-28,14,137,1,128,9
2087,1733,116,2020-07-27 22:00:00,2020-07-27,21,136,0,127,55
2066,1678,116,2020-07-26 22:00:00,2020-07-26,0,135,0,126,0
2066,1678,116,2020-07-25 22:00:00,2020-07-25,14,134,1,125,0
2052,1678,115,2020-07-24 22:00:00,2020-07-24,19,133,0,124,17
2033,1661,115,2020-07-23 22:00:00,2020-07-23,27,132,0,123,13
2006,1648,115,2020-07-22 22:00:00,2020-07-22,29,131,1,122,23
1977,1625,114,2020-07-21 22:00:00,2020-07-21,24,130,1,121,22
1953,1603,113,2020-07-20 22:00:00,2020-07-20,7,129,1,120,35
1946,1568,112,2020-07-19 22:00:00,2020-07-19,6,128,1,119,0
1940,1568,111,2020-07-18 22:00:00,2020-07-18,24,127,0,118,46
1916,1522,111,2020-07-17 22:00:00,2020-07-17,19,126,0,117,0
1897,1522,111,2020-07-16 22:00:00,2020-07-16,19,125,0,116,21
1878,1501,111,2020-07-15 22:00:00,2020-07-15,19,124,0,115,13
1859,1488,111,2020-07-14 22:00:00,2020-07-14,10,123,0,114,15
1849,1473,111,2020-07-13 22:00:00,2020-07-13,8,122,0,113,44
1841,1429,111,2020-07-12 22:00:00,2020-07-12,14,121,0,112,0
1827,1429,111,2020-07-11 22:00:00,2020-07-11,34,120,0,111,0
1793,1429,111,2020-07-10 22:00:00,2020-07-10,17,119,0,110,0
1776,1429,111,2020-07-09 22:00:00,2020-07-09,13,118,0,109,0
1763,1429,111,2020-07-08 22:00:00,2020-07-08,24,117,0,108,6
1739,1423,111,2020-07-07 22:00:00,2020-07-07,23,116,0,107,39
1716,1384,111,2020-07-06 22:00:00,2020-07-06,16,115,0,106,0
1700,1384,111,2020-07-05 22:00:00,2020-07-05,21,114,0,105,0
1679,1384,111,2020-07-04 22:00:00,2020-07-04,29,113,0,104,0
1650,1384,111,2020-07-03 22:00:00,2020-07-03,16,112,0,103,0
1634,1384,111,2020-07-02 22:00:00,2020-07-02,21,111,0,102,0
1613,1384,111,2020-07-01 22:00:00,2020-07-01,13,110,0,101,0
1600,1384,111,2020-06-30 22:00:00,2020-06-30,15,109,0,100,0
1585,1384,111,2020-06-29 22:00:00,2020-06-29,4,108,2,99,0
1581,1384,109,2020-06-28 22:00:00,2020-06-28,9,107,0,98,8
1572,1376,109,2020-06-27 22:00:00,2020-06-27,14,106,0,97,0
1558,1376,109,2020-06-26 22:00:00,2020-06-26,11,105,0,96,0
1547,1376,109,2020-06-25 22:00:00,2020-06-25,6,104,0,95,0
1541,1376,109,2020-06-24 22:00:00,2020-06-24,7,103,0,94,0
1534,1376,109,2020-06-23 22:00:00,2020-06-23,13,102,0,93,0
1521,1376,109,2020-06-22 22:00:00,2020-06-22,1,101,0,92,0
1520,1376,109,2020-06-21 22:00:00,2020-06-21,1,100,0,91,17
1519,1359,109,2020-06-20 22:00:00,2020-06-20,6,99,0,90,0
1513,1359,109,2020-06-19 22:00:00,2020-06-19,2,98,0,89,0
1511,1359,109,2020-06-18 22:00:00,2020-06-18,8,97,0,88,0
1503,1359,109,2020-06-17 22:00:00,2020-06-17,4,96,0,87,0
1499,1359,109,2020-06-16 22:00:00,2020-06-16,3,95,0,86,0
1496,1359,109,2020-06-15 22:00:00,2020-06-15,1,94,0,85,0
1495,1359,109,2020-06-14 22:00:00,2020-06-14,3,93,0,84,0
1492,1359,109,2020-06-13 22:00:00,2020-06-13,2,92,0,83,0
1490,1359,109,2020-06-12 22:00:00,2020-06-12,2,91,0,82,0
1488,1359,109,2020-06-11 22:00:00,2020-06-11,0,90,0,81,0
1488,1359,109,2020-06-10 22:00:00,2020-06-10,2,89,0,80,0
1486,1359,109,2020-06-09 22:00:00,2020-06-09,1,88,0,79,0
1485,1359,109,2020-06-08 22:00:00,2020-06-08,0,87,0,78,0
1485,1359,109,2020-06-07 22:00:00,2020-06-07,1,86,0,77,0
1484,1359,109,2020-06-06 22:00:00,2020-06-06,5,85,0,76,0
1479,1359,109,2020-06-05 22:00:00,2020-06-05,2,84,0,75,0
1477,1359,109,2020-06-04 22:00:00,2020-06-04,0,83,0,74,1
1477,1358,109,2020-06-03 22:00:00,2020-06-03,2,82,0,73,0
1475,1358,109,2020-06-02 22:00:00,2020-06-02,2,81,0,72,0
1473,1358,109,2020-06-01 22:00:00,2020-06-01,0,80,1,71,0
1473,1358,108,2020-05-31 22:00:00,2020-05-31,0,79,0,70,1
1473,1357,108,2020-05-30 22:00:00,2020-05-30,0,78,0,69,0
1473,1357,108,2020-05-29 22:00:00,2020-05-29,0,77,0,68,1
1473,1356,108,2020-05-28 22:00:00,2020-05-28,2,76,0,67,2
1471,1354,108,2020-05-27 22:00:00,2020-05-27,2,75,0,66,8
1469,1346,108,2020-05-26 22:00:00,2020-05-26,0,74,1,65,0
1469,1346,107,2020-05-25 22:00:00,2020-05-25,1,73,0,64,6
1468,1340,107,2020-05-24 22:00:00,2020-05-24,0,72,1,63,0
1468,1340,106,2020-05-23 22:00:00,2020-05-23,0,71,0,62,0
1468,1340,106,2020-05-22 22:00:00,2020-05-22,0,70,0,61,0
1468,1340,106,2020-05-21 22:00:00,2020-05-21,0,69,1,60,0
1468,1340,105,2020-05-20 22:00:00,2020-05-20,1,68,1,59,5
1467,1335,104,2020-05-19 22:00:00,2020-05-19,1,67,0,58,1062
1466,273,104,2020-05-18 22:00:00,2020-05-18,1,66,1,57,1
1465,272,103,2020-05-17 22:00:00,2020-05-17,0,65,0,56,2
1465,270,103,2020-05-16 22:00:00,2020-05-16,0,64,0,55,0
1465,270,103,2020-05-15 22:00:00,2020-05-15,1,63,0,54,3
1464,267,103,2020-05-14 22:00:00,2020-05-14,1,62,0,53,7
1463,260,103,2020-05-13 22:00:00,2020-05-13,2,61,1,52,1
1461,259,102,2020-05-12 22:00:00,2020-05-12,1,60,0,51,3
1460,256,102,2020-05-11 22:00:00,2020-05-11,6,59,1,50,1
1454,255,101,2020-05-10 22:00:00,2020-05-10,0,58,0,49,0
1454,255,101,2020-05-09 22:00:00,2020-05-09,5,57,2,48,8
1449,247,99,2020-05-08 22:00:00,2020-05-08,0,56,0,47,0
1449,247,99,2020-05-07 22:00:00,2020-05-07,1,55,0,46,1
1448,246,99,2020-05-06 22:00:00,2020-05-06,3,54,1,45,2
1445,244,98,2020-05-05 22:00:00,2020-05-05,6,53,1,44,3
1439,241,97,2020-05-04 22:00:00,2020-05-04,0,52,1,43,0
1439,241,96,2020-05-03 22:00:00,2020-05-03,0,51,2,42,2
1439,239,94,2020-05-02 22:00:00,2020-05-02,5,50,2,41,6
1434,233,92,2020-05-01 22:00:00,2020-05-01,5,49,1,40,0
1429,233,91,2020-04-30 22:00:00,2020-04-30,11,48,2,39,3
1418,230,89,2020-04-29 22:00:00,2020-04-29,10,47,3,38,7
1408,223,86,2020-04-28 22:00:00,2020-04-28,6,46,3,37,2
1402,221,83,2020-04-27 22:00:00,2020-04-27,6,45,1,36,0
1396,221,82,2020-04-26 22:00:00,2020-04-26,8,44,1,35,2
1388,219,81,2020-04-25 22:00:00,2020-04-25,15,43,1,34,8
1373,211,80,2020-04-24 22:00:00,2020-04-24,7,42,1,33,0
1366,211,79,2020-04-23 22:00:00,2020-04-23,13,41,0,32,6
1353,205,79,2020-04-22 22:00:00,2020-04-22,18,40,2,31,12
1335,193,77,2020-04-21 22:00:00,2020-04-21,0,39,0,30,0
1335,193,77,2020-04-20 22:00:00,2020-04-20,5,38,3,29,1
1330,192,74,2020-04-19 22:00:00,2020-04-19,26,37,8,28,18
1304,174,66,2020-04-18 22:00:00,2020-04-18,0,36,0,27,0
1304,174,66,2020-04-17 22:00:00,2020-04-17,36,35,5,26,0
1268,174,61,2020-04-16 22:00:00,2020-04-16,20,34,0,25,9
1248,165,61,2020-04-15 22:00:00,2020-04-15,28,33,5,24,13
1220,152,56,2020-04-14 22:00:00,2020-04-14,8,32,1,23,0
1212,152,55,2020-04-13 22:00:00,2020-04-13,7,31,2,22,2
1205,150,53,2020-04-12 22:00:00,2020-04-12,17,30,3,21,2
1188,148,50,2020-04-11 22:00:00,2020-04-11,28,29,5,20,11
1160,137,45,2020-04-10 22:00:00,2020-04-10,36,28,2,19,9
1124,128,43,2020-04-09 22:00:00,2020-04-09,33,27,3,18,8
1091,120,40,2020-04-08 22:00:00,2020-04-08,70,26,10,17,18
1021,102,30,2020-04-07 22:00:00,2020-04-07,0,25,0,16,0
1021,102,30,2020-04-06 22:00:00,2020-04-06,24,24,2,15,23
997,79,28,2020-04-05 22:00:00,2020-04-05,20,23,6,14,9
977,70,22,2020-04-04 21:00:00,2020-04-04,80,22,5,13,0
897,70,17,2020-04-03 21:00:00,2020-04-03,0,21,1,12,60
897,10,16,2020-04-02 21:00:00,2020-04-02,56,20,1,11,0
841,10,15,2020-04-01 21:00:00,2020-04-01,39,19,0,10,0
802,10,15,2020-03-31 21:00:00,2020-03-31,46,18,4,9,0
756,10,11,2020-03-30 21:00:00,2020-03-30,26,17,0,8,0
730,10,11,2020-03-29 21:00:00,2020-03-29,98,16,2,7,0
632,10,9,2020-03-28 21:00:00,2020-03-28,0,15,3,6,0
632,10,6,2020-03-27 21:10:00,2020-03-27,104,14,1,5,0
528,10,5,2020-03-26 22:20:00,2020-03-26,0,13,0,4,0
528,10,5,2020-03-25 23:20:00,2020-03-25,86,12,2,3,10
442,0,3,2020-03-24 21:20:00,2020-03-24,28,11,0,2,0
414,0,3,2020-03-23 21:40:00,2020-03-23,31,10,2,1,0
383,0,1,2020-03-22 21:00:00,2020-03-22,42,9,0,0,0
341,0,1,2020-03-21 21:00:00,2020-03-21,22,8,0,0,0
319,0,1,2020-03-20 21:20:00,2020-03-20,33,7,0,0,0
286,0,1,2020-03-19 21:30:00,2020-03-19,11,6,0,0,0
275,0,1,2020-03-18 22:00:00,2020-03-18,22,5,0,0,0
253,0,1,2020-03-17 21:00:00,2020-03-17,34,4,0,0,0
219,0,1,2020-03-16 21:00:00,2020-03-16,38,3,0,0,0
181,0,1,2020-03-15 21:00:00,2020-03-15,40,2,1,0,0
141,0,0,2020-03-14 21:00:00,2020-03-14,45,1,0,0,0
96,0,0,2020-03-13 21:00:00,2020-03-13,39,0,0,0,0
57,0,0,2020-03-12 21:00:00,2020-03-12,23,0,0,0,0
34,0,0,2020-03-11 21:00:00,2020-03-11,9,0,0,0,0
25,0,0,2020-03-10 21:00:00,2020-03-10,9,0,0,0,0
16,0,0,2020-03-09 21:00:00,2020-03-09,4,0,0,0,0
12,0,0,2020-03-08 21:00:00,2020-03-08,4,0,0,0,0
8,0,0,2020-03-07 21:00:00,2020-03-07,2,0,0,0,0
6,0,0,2020-03-06 21:00:00,2020-03-06,5,0,0,0,0
1,0,0,2020-03-05 21:00:00,2020-03-05,1,0,0,0,0
0,0,0,2020-03-04 21:00:00,2020-03-04,0,0,0,0,0
0,0,0,2020-03-03 21:00:00,2020-03-03,0,0,0,0,0
0,0,0,2020-03-02 21:00:00,2020-03-02,0,0,0,0,0
0,0,0,2020-03-01 21:00:00,2020-03-01,0,0,0,0,0
0,0,0,2020-02-29 21:00:00,2020-02-29,0,0,0,0,0
0,0,0,2020-02-28 21:00:00,2020-02-28,0,0,0,0,0
0,0,0,2020-02-27 21:00:00,2020-02-27,0,0,0,0,0
0,0,0,2020-02-26 21:00:00,2020-02-26,0,0,0,0,0
0,0,0,2020-02-25 21:00:00,2020-02-25,0,0,0,0,0
0,0,0,2020-02-24 21:00:00,2020-02-24,0,0,0,0,0
0,0,0,2020-02-23 21:00:00,2020-02-23,0,0,0,0,0
0,0,0,2020-02-22 21:00:00,2020-02-22,0,0,0,0,0
0,0,0,2020-02-21 21:00:00,2020-02-21,0,0,0,0,0
0,0,0,2020-02-20 21:00:00,2020-02-20,0,0,0,0,0
0,0,0,2020-02-19 21:00:00,2020-02-19,0,0,0,0,0
0,0,0,2020-02-18 21:00:00,2020-02-18,0,0,0,0,0
0,0,0,2020-02-17 21:00:00,2020-02-17,0,0,0,0,0
0,0,0,2020-02-16 21:00:00,2020-02-16,0,0,0,0,0
0,0,0,2020-02-15 21:00:00,2020-02-15,0,0,0,0,0
0,0,0,2020-02-14 21:00:00,2020-02-14,0,0,0,0,0
0,0,0,2020-02-13 21:00:00,2020-02-13,0,0,0,0,0
0,0,0,2020-02-12 21:00:00,2020-02-12,0,0,0,0,0
0,0,0,2020-02-11 20:30:00,2020-02-11,0,0,0,0,0
0,0,0,2020-02-10 21:00:00,2020-02-10,0,0,0,0,0
0,0,0,2020-02-09 21:00:00,2020-02-09,0,0,0,0,0
0,0,0,2020-02-08 21:00:00,2020-02-08,0,0,0,0,0
0,0,0,2020-02-07 21:00:00,2020-02-07,0,0,0,0,0
0,0,0,2020-02-06 21:00:00,2020-02-06,0,0,0,0,0
0,0,0,2020-02-05 21:00:00,2020-02-05,0,0,0,0,0
0,0,0,2020-02-04 20:00:00,2020-02-04,0,0,0,0,0
0,0,0,2020-02-03 20:00:00,2020-02-03,0,0,0,0,0
0,0,0,2020-02-02 20:00:00,2020-02-02,0,0,0,0,0
0,0,0,2020-02-01 10:00:00,2020-02-01,0,0,0,0,0
0,0,0,2020-01-31 12:30:00,2020-01-31,0,0,0,0,0
0,0,0,2020-01-30 12:00:00,2020-01-30,0,0,0,0,0
0,0,0,2020-01-29 14:00:00,2020-01-29,0,0,0,0,0
0,0,0,2020-01-28 11:30:00,2020-01-28,0,0,0,0,0
0,0,0,2020-01-27 14:00:00,2020-01-27,0,0,0,0,0
0,0,0,2020-01-26 13:00:00,2020-01-26,0,0,0,0,0
0,0,0,2020-01-25 15:00:00,2020-01-25,0,0,0,0,0
0,0,0,2020-01-24 15:00:00,2020-01-24,0,0,0,0,0
0,0,0,2020-01-23 15:00:00,2020-01-23,0,0,0,0,0
0,0,0,2020-01-22 15:00:00,2020-01-22,0,0,0,0,0
0,0,0,2020-01-21 15:00:00,2020-01-21,0,0,0,0,0
