Confirmed,DayElapsed_death,Deaths,New,New_death,New_recover,Recovered,Date_last_updated_AEDT,date_day,DayElapsed
2615000,117,96832,64202,1865,56859,1717417,2020-07-08 22:00:00,2020-07-08,120
2550798,116,94967,35369,1226,104614,1660558,2020-07-07 22:00:00,2020-07-07,119
2515429,115,93741,41833,1048,11575,1555944,2020-07-06 22:00:00,2020-07-06,118
2473596,114,92693,51506,1779,10553,1544369,2020-07-05 22:00:00,2020-07-05,117
2422090,113,90914,58299,1876,73052,1533816,2020-07-04 22:00:00,2020-07-04,116
2363791,112,89038,63814,1971,11215,1460764,2020-07-03 22:00:00,2020-07-03,115
2299977,111,87067,61024,1620,137219,1449549,2020-07-02 22:00:00,2020-07-02,114
2238953,110,85447,51755,1776,44791,1312330,2020-07-01 22:00:00,2020-07-01,113
2187198,109,83671,39446,1285,34325,1267539,2020-06-30 22:00:00,2020-06-30,112
2147752,108,82386,44237,1143,29917,1233214,2020-06-29 22:00:00,2020-06-29,111
2103515,107,81243,53293,1679,30258,1203297,2020-06-28 22:00:00,2020-06-28,110
2050222,106,79564,63954,1676,37756,1173039,2020-06-27 22:00:00,2020-06-27,109
1986268,105,77888,57191,1811,36937,1135283,2020-06-26 22:00:00,2020-06-26,108
1929077,104,76077,57522,1693,46265,1098346,2020-06-25 22:00:00,2020-06-25,107
1871555,103,74384,54166,1755,29959,1052081,2020-06-24 22:00:00,2020-06-24,106
1817389,102,72629,37452,1105,26088,1022122,2020-06-23 22:00:00,2020-06-23,105
1779937,101,71524,32894,1200,46652,996034,2020-06-22 22:00:00,2020-06-22,104
1747043,100,70324,45799,1494,33570,949382,2020-06-21 22:00:00,2020-06-21,103
1701244,99,68830,72110,1888,12889,915812,2020-06-20 22:00:00,2020-06-20,102
1629134,98,66942,37907,1854,51592,902923,2020-06-19 22:00:00,2020-06-19,101
1591227,97,65088,76662,1798,31373,851331,2020-06-18 22:00:00,2020-06-18,100
1514565,96,63290,51338,1728,27282,819958,2020-06-17 22:00:00,2020-06-17,99
1463227,95,61562,36773,1078,21267,792676,2020-06-16 22:00:00,2020-06-16,98
1426454,94,60484,33324,1153,28113,771409,2020-06-15 22:00:00,2020-06-15,97
1393130,93,59331,36855,1461,22054,743296,2020-06-14 22:00:00,2020-06-14,96
1356275,92,57870,42342,1476,42795,721242,2020-06-13 22:00:00,2020-06-13,95
1313933,91,56394,46008,1746,9955,678447,2020-06-12 22:00:00,2020-06-12,94
1267925,90,54648,48135,1791,104571,668492,2020-06-11 22:00:00,2020-06-11,93
1219790,89,52857,43139,1520,3820,563921,2020-06-10 22:00:00,2020-06-10,92
1176651,88,51337,29829,291,28486,560101,2020-06-09 22:00:00,2020-06-09,91
1146822,87,51046,29468,2175,5525,531615,2020-06-08 22:00:00,2020-06-08,90
1117354,86,48871,44495,1408,5070,526090,2020-06-07 22:00:00,2020-06-07,89
1072859,85,47463,42095,1373,31557,521020,2020-06-06 22:00:00,2020-06-06,88
1030764,84,46090,43744,1771,18598,489463,2020-06-05 22:00:00,2020-06-05,87
987020,83,44319,39194,1597,21808,470865,2020-06-04 22:00:00,2020-06-04,86
947826,82,42722,40532,1602,86544,449057,2020-06-03 22:00:00,2020-06-03,85
907294,81,41120,28750,1009,9761,362513,2020-06-02 22:00:00,2020-06-02,84
878544,80,40111,31470,771,6725,352752,2020-06-01 22:00:00,2020-06-01,83
847074,79,39340,46610,1155,18095,346027,2020-05-31 22:00:00,2020-05-31,82
800464,78,38185,42291,1439,7040,327932,2020-05-30 22:00:00,2020-05-30,81
758173,77,36746,37842,1310,33313,320892,2020-05-29 22:00:00,2020-05-29,80
720331,76,35436,33900,1455,15189,287579,2020-05-28 22:00:00,2020-05-28,79
686431,75,33981,29753,1332,8821,272390,2020-05-27 22:00:00,2020-05-27,78
656678,74,32649,22829,1137,21296,263569,2020-05-26 22:00:00,2020-05-26,77
633849,73,31512,26766,760,11346,242273,2020-05-25 22:00:00,2020-05-25,76
607083,72,30752,26946,1308,12123,230927,2020-05-24 22:00:00,2020-05-24,75
580137,71,29444,31179,1350,12290,218804,2020-05-23 22:00:00,2020-05-23,74
548958,70,28094,28366,1459,12697,206514,2020-05-22 22:00:00,2020-05-22,73
520592,69,26635,32520,1142,16748,193817,2020-05-21 22:00:00,2020-05-21,72
488072,68,25493,26634,1373,14370,177069,2020-05-20 22:00:00,2020-05-20,71
461438,67,24120,20928,995,9235,162699,2020-05-19 22:00:00,2020-05-19,70
440510,66,23125,15279,689,6227,153464,2020-05-18 22:00:00,2020-05-18,69
425231,65,22436,21820,976,7453,147237,2020-05-17 22:00:00,2020-05-17,68
403411,64,21460,25685,1406,8763,139784,2020-05-16 22:00:00,2020-05-16,67
377726,63,20054,21205,933,3039,131021,2020-05-15 22:00:00,2020-05-15,66
356521,62,19121,20077,950,8186,127982,2020-05-14 22:00:00,2020-05-14,65
336444,61,18171,15535,1123,6873,119796,2020-05-13 22:00:00,2020-05-13,64
320909,60,17048,9926,615,4227,112923,2020-05-12 22:00:00,2020-05-12,63
310983,59,16433,12786,1033,5017,108696,2020-05-11 22:00:00,2020-05-11,62
298197,58,15400,14769,794,4377,103679,2020-05-10 22:00:00,2020-05-10,61
283428,57,14606,14749,935,5298,99302,2020-05-09 22:00:00,2020-05-09,60
268679,56,13671,16918,841,5595,94004,2020-05-08 22:00:00,2020-05-08,59
251761,55,12830,13499,807,5979,88409,2020-05-07 22:00:00,2020-05-07,58
238262,54,12023,13460,725,3980,82430,2020-05-06 22:00:00,2020-05-06,57
224802,53,11298,12097,427,4407,78450,2020-05-05 22:00:00,2020-05-05,56
212705,52,10871,12072,612,4924,74043,2020-05-04 22:00:00,2020-05-04,55
200633,51,10259,9820,751,5153,69119,2020-05-03 22:00:00,2020-05-03,54
190813,50,9508,12055,697,3801,63966,2020-05-02 22:00:00,2020-05-02,53
178758,49,8811,12226,661,2816,60165,2020-05-01 22:00:00,2020-05-01,52
166532,48,8150,10877,560,3006,57349,2020-04-30 22:00:00,2020-04-30,51
155655,47,7590,10380,797,2648,54343,2020-04-29 22:00:00,2020-04-29,50
145275,46,6793,6958,484,1988,51695,2020-04-28 22:00:00,2020-04-28,49
138317,45,6309,6880,288,1742,49707,2020-04-27 22:00:00,2020-04-27,48
131437,44,6021,10053,448,2351,47965,2020-04-26 22:00:00,2020-04-26,47
121384,43,5573,17197,466,1898,45614,2020-04-25 22:00:00,2020-04-25,46
104187,42,5107,6809,501,2270,43716,2020-04-24 22:00:00,2020-04-24,45
97378,41,4606,5751,270,1631,41446,2020-04-23 22:00:00,2020-04-23,44
91627,40,4336,4974,254,1856,39815,2020-04-22 22:00:00,2020-04-22,43
86653,39,4082,3793,210,1618,37959,2020-04-21 22:00:00,2020-04-21,42
82860,38,3872,4595,207,8641,36341,2020-04-20 22:00:00,2020-04-20,41
78265,37,3665,4988,311,820,27700,2020-04-19 22:00:00,2020-04-19,40
73277,36,3354,5359,290,886,26880,2020-04-18 22:00:00,2020-04-18,39
67918,35,3064,4096,263,3602,25994,2020-04-17 22:00:00,2020-04-17,38
63822,34,2801,5360,261,775,22392,2020-04-16 22:00:00,2020-04-16,37
58462,33,2540,3381,263,11746,21617,2020-04-15 22:00:00,2020-04-15,36
55081,32,2277,4241,180,4190,9871,2020-04-14 22:00:00,2020-04-14,35
50840,31,2097,2683,145,435,5681,2020-04-13 22:00:00,2020-04-13,34
48157,30,1952,2946,137,619,5246,2020-04-12 22:00:00,2020-04-12,33
45211,29,1815,5496,195,498,4627,2020-04-11 22:00:00,2020-04-11,32
39715,28,1620,4091,220,554,4129,2020-04-10 22:00:00,2020-04-10,31
35624,27,1400,4902,189,394,3575,2020-04-09 22:00:00,2020-04-09,30
30722,26,1211,3104,188,569,3181,2020-04-08 22:00:00,2020-04-08,29
27618,25,1023,1887,124,213,2612,2020-04-07 22:00:00,2020-04-07,28
25731,24,899,2188,77,185,2399,2020-04-06 22:00:00,2020-04-06,27
23543,23,822,2101,133,564,2214,2020-04-05 22:00:00,2020-04-05,26
21442,22,689,2111,88,144,1650,2020-04-04 21:00:00,2020-04-04,25
19331,21,601,2277,127,283,1506,2020-04-03 21:00:00,2020-04-03,24
17054,20,474,2400,92,118,1223,2020-04-02 21:00:00,2020-04-02,23
14654,19,382,2142,71,401,1105,2020-04-01 21:00:00,2020-04-01,22
12512,18,311,1142,53,457,704,2020-03-31 21:00:00,2020-03-31,21
11370,17,258,1076,42,33,247,2020-03-30 21:00:00,2020-03-30,20
10294,16,216,1128,37,26,214,2020-03-29 21:00:00,2020-03-29,19
9166,15,179,1280,32,41,188,2020-03-28 21:00:00,2020-03-28,18
7886,14,147,1049,30,34,147,2020-03-27 21:10:00,2020-03-27,17
6837,13,117,972,21,11,113,2020-03-26 22:20:00,2020-03-26,16
5865,12,96,803,27,7,102,2020-03-25 23:20:00,2020-03-25,15
5062,11,69,814,16,36,95,2020-03-24 21:20:00,2020-03-24,14
4248,10,53,946,15,0,59,2020-03-23 21:40:00,2020-03-23,13
3302,9,38,625,11,42,59,2020-03-22 21:00:00,2020-03-22,12
2677,8,27,737,9,9,17,2020-03-21 21:00:00,2020-03-21,11
1940,7,18,487,7,0,8,2020-03-20 21:20:00,2020-03-20,10
1453,6,11,386,4,1,8,2020-03-19 21:30:00,2020-03-19,9
1067,5,7,307,2,0,7,2020-03-18 22:00:00,2020-03-18,8
760,4,5,211,0,2,7,2020-03-17 21:00:00,2020-03-17,7
549,3,5,152,0,4,5,2020-03-16 21:00:00,2020-03-16,6
397,2,5,56,1,0,1,2020-03-15 21:00:00,2020-03-15,5
341,1,4,131,2,1,1,2020-03-14 21:00:00,2020-03-14,4
210,0,2,56,0,0,0,2020-03-13 21:00:00,2020-03-13,3
154,0,2,41,1,0,0,2020-03-12 21:00:00,2020-03-12,2
113,0,1,25,0,0,0,2020-03-11 21:00:00,2020-03-11,1
88,0,1,12,0,0,0,2020-03-10 21:00:00,2020-03-10,0
76,0,1,14,0,0,0,2020-03-09 21:00:00,2020-03-09,0
62,0,1,19,1,0,0,2020-03-08 21:00:00,2020-03-08,0
43,0,0,16,0,0,0,2020-03-07 21:00:00,2020-03-07,0
27,0,0,10,0,0,0,2020-03-06 21:00:00,2020-03-06,0
17,0,0,6,0,0,0,2020-03-05 21:00:00,2020-03-05,0
11,0,0,2,0,0,0,2020-03-04 21:00:00,2020-03-04,0
9,0,0,1,0,0,0,2020-03-03 21:00:00,2020-03-03,0
8,0,0,5,0,0,0,2020-03-02 21:00:00,2020-03-02,0
3,0,0,2,0,0,0,2020-03-01 21:00:00,2020-03-01,0
1,0,0,0,0,0,0,2020-02-29 21:00:00,2020-02-29,0
1,0,0,0,0,0,0,2020-02-28 21:00:00,2020-02-28,0
1,0,0,0,0,0,0,2020-02-27 21:00:00,2020-02-27,0
1,0,0,1,0,0,0,2020-02-26 21:00:00,2020-02-26,0
0,0,0,0,0,0,0,2020-02-25 21:00:00,2020-02-25,0
0,0,0,0,0,0,0,2020-02-24 21:00:00,2020-02-24,0
0,0,0,0,0,0,0,2020-02-23 21:00:00,2020-02-23,0
0,0,0,0,0,0,0,2020-02-22 21:00:00,2020-02-22,0
0,0,0,0,0,0,0,2020-02-21 21:00:00,2020-02-21,0
0,0,0,0,0,0,0,2020-02-20 21:00:00,2020-02-20,0
0,0,0,0,0,0,0,2020-02-19 21:00:00,2020-02-19,0
0,0,0,0,0,0,0,2020-02-18 21:00:00,2020-02-18,0
0,0,0,0,0,0,0,2020-02-17 21:00:00,2020-02-17,0
0,0,0,0,0,0,0,2020-02-16 21:00:00,2020-02-16,0
0,0,0,0,0,0,0,2020-02-15 21:00:00,2020-02-15,0
0,0,0,0,0,0,0,2020-02-14 21:00:00,2020-02-14,0
0,0,0,0,0,0,0,2020-02-13 21:00:00,2020-02-13,0
0,0,0,0,0,0,0,2020-02-12 21:00:00,2020-02-12,0
0,0,0,0,0,0,0,2020-02-11 20:30:00,2020-02-11,0
0,0,0,0,0,0,0,2020-02-10 21:00:00,2020-02-10,0
0,0,0,0,0,0,0,2020-02-09 21:00:00,2020-02-09,0
0,0,0,0,0,0,0,2020-02-08 21:00:00,2020-02-08,0
0,0,0,0,0,0,0,2020-02-07 21:00:00,2020-02-07,0
0,0,0,0,0,0,0,2020-02-06 21:00:00,2020-02-06,0
0,0,0,0,0,0,0,2020-02-05 21:00:00,2020-02-05,0
0,0,0,0,0,0,0,2020-02-04 20:00:00,2020-02-04,0
0,0,0,0,0,0,0,2020-02-03 20:00:00,2020-02-03,0
0,0,0,0,0,0,0,2020-02-02 20:00:00,2020-02-02,0
0,0,0,0,0,0,0,2020-02-01 10:00:00,2020-02-01,0
0,0,0,0,0,0,0,2020-01-31 12:30:00,2020-01-31,0
0,0,0,0,0,0,0,2020-01-30 12:00:00,2020-01-30,0
0,0,0,0,0,0,0,2020-01-29 14:00:00,2020-01-29,0
0,0,0,0,0,0,0,2020-01-28 11:30:00,2020-01-28,0
0,0,0,0,0,0,0,2020-01-27 14:00:00,2020-01-27,0
0,0,0,0,0,0,0,2020-01-26 13:00:00,2020-01-26,0
0,0,0,0,0,0,0,2020-01-25 15:00:00,2020-01-25,0
0,0,0,0,0,0,0,2020-01-24 15:00:00,2020-01-24,0
0,0,0,0,0,0,0,2020-01-23 15:00:00,2020-01-23,0
0,0,0,0,0,0,0,2020-01-22 15:00:00,2020-01-22,0
0,0,0,0,0,0,0,2020-01-21 15:00:00,2020-01-21,0
