Confirmed,Recovered,Deaths,Date_last_updated_AEDT,date_day,New,DayElapsed,New_death,DayElapsed_death,New_recover
2211,1175,45,2020-07-21 22:00:00,2020-07-21,11,74,2,67,0
2200,1175,43,2020-07-20 22:00:00,2020-07-20,9,73,0,66,0
2191,1175,43,2020-07-19 22:00:00,2020-07-19,0,72,0,65,0
2191,1175,43,2020-07-18 22:00:00,2020-07-18,20,71,2,64,0
2171,1175,41,2020-07-17 22:00:00,2020-07-17,18,70,0,63,0
2153,1175,41,2020-07-16 22:00:00,2020-07-16,0,69,0,62,0
2153,1175,41,2020-07-15 22:00:00,2020-07-15,5,68,0,61,842
2148,333,41,2020-07-14 22:00:00,2020-07-14,127,67,3,60,0
2021,333,38,2020-07-13 22:00:00,2020-07-13,0,66,0,59,0
2021,333,38,2020-07-12 22:00:00,2020-07-12,0,65,0,58,0
2021,333,38,2020-07-11 22:00:00,2020-07-11,0,64,0,57,0
2021,333,38,2020-07-10 22:00:00,2020-07-10,0,63,0,56,0
2021,333,38,2020-07-09 22:00:00,2020-07-09,0,62,0,55,0
2021,333,38,2020-07-08 22:00:00,2020-07-08,0,61,0,54,0
2021,333,38,2020-07-07 22:00:00,2020-07-07,0,60,0,53,0
2021,333,38,2020-07-06 22:00:00,2020-07-06,0,59,0,52,0
2021,333,38,2020-07-05 22:00:00,2020-07-05,0,58,0,51,0
2021,333,38,2020-07-04 22:00:00,2020-07-04,0,57,0,50,0
2021,333,38,2020-07-03 22:00:00,2020-07-03,0,56,0,49,0
2021,333,38,2020-07-02 22:00:00,2020-07-02,14,55,0,48,54
2007,279,38,2020-07-01 22:00:00,2020-07-01,18,54,2,47,33
1989,246,36,2020-06-30 22:00:00,2020-06-30,0,53,0,46,0
1989,246,36,2020-06-29 22:00:00,2020-06-29,47,52,0,45,22
1942,224,36,2020-06-28 22:00:00,2020-06-28,0,51,0,44,0
1942,224,36,2020-06-27 22:00:00,2020-06-27,0,50,0,43,0
1942,224,36,2020-06-26 22:00:00,2020-06-26,0,49,0,42,0
1942,224,36,2020-06-25 22:00:00,2020-06-25,12,48,0,41,7
1930,217,36,2020-06-24 22:00:00,2020-06-24,14,47,1,40,27
1916,190,35,2020-06-23 22:00:00,2020-06-23,24,46,1,39,21
1892,169,34,2020-06-22 22:00:00,2020-06-22,10,45,0,38,47
1882,122,34,2020-06-21 22:00:00,2020-06-21,18,44,0,37,0
1864,122,34,2020-06-20 22:00:00,2020-06-20,34,43,2,36,5
1830,117,32,2020-06-19 22:00:00,2020-06-19,17,42,1,35,28
1813,89,31,2020-06-18 22:00:00,2020-06-18,37,41,1,34,31
1776,58,30,2020-06-17 22:00:00,2020-06-17,83,40,3,33,9
1693,49,27,2020-06-16 22:00:00,2020-06-16,0,39,0,32,0
1693,49,27,2020-06-15 22:00:00,2020-06-15,0,38,0,31,0
1693,49,27,2020-06-14 22:00:00,2020-06-14,23,37,3,30,1
1670,48,24,2020-06-13 22:00:00,2020-06-13,0,36,0,29,0
1670,48,24,2020-06-12 22:00:00,2020-06-12,66,35,5,28,33
1604,15,19,2020-06-11 22:00:00,2020-06-11,0,34,0,27,0
1604,15,19,2020-06-10 22:00:00,2020-06-10,0,33,0,26,0
1604,15,19,2020-06-09 22:00:00,2020-06-09,0,32,0,25,0
1604,15,19,2020-06-08 22:00:00,2020-06-08,287,31,5,24,9
1317,6,14,2020-06-07 22:00:00,2020-06-07,323,30,4,23,0
994,6,10,2020-06-06 22:00:00,2020-06-06,0,29,0,22,0
994,6,10,2020-06-05 22:00:00,2020-06-05,0,28,0,21,0
994,6,10,2020-06-04 22:00:00,2020-06-04,0,27,0,20,0
994,6,10,2020-06-03 22:00:00,2020-06-03,0,26,0,19,0
994,6,10,2020-06-02 22:00:00,2020-06-02,0,25,0,18,0
994,6,10,2020-06-01 22:00:00,2020-06-01,0,24,0,17,0
994,6,10,2020-05-31 22:00:00,2020-05-31,0,23,0,16,0
994,6,10,2020-05-30 22:00:00,2020-05-30,0,22,0,15,0
994,6,10,2020-05-29 22:00:00,2020-05-29,0,21,0,14,0
994,6,10,2020-05-28 22:00:00,2020-05-28,188,20,2,13,0
806,6,8,2020-05-27 22:00:00,2020-05-27,0,19,0,12,0
806,6,8,2020-05-26 22:00:00,2020-05-26,151,18,0,11,0
655,6,8,2020-05-25 22:00:00,2020-05-25,0,17,0,10,0
655,6,8,2020-05-24 22:00:00,2020-05-24,92,16,2,9,0
563,6,6,2020-05-23 22:00:00,2020-05-23,82,15,2,8,2
481,4,4,2020-05-22 22:00:00,2020-05-22,191,14,0,7,0
290,4,4,2020-05-21 22:00:00,2020-05-21,0,13,0,6,0
290,4,4,2020-05-20 22:00:00,2020-05-20,0,12,0,5,0
290,4,4,2020-05-19 22:00:00,2020-05-19,0,11,0,4,0
290,4,4,2020-05-18 22:00:00,2020-05-18,54,10,0,3,0
236,4,4,2020-05-17 22:00:00,2020-05-17,0,9,0,2,0
236,4,4,2020-05-16 22:00:00,2020-05-16,5,8,3,1,1
231,3,1,2020-05-15 22:00:00,2020-05-15,28,7,1,0,1
203,2,0,2020-05-14 22:00:00,2020-05-14,9,6,0,0,0
194,2,0,2020-05-13 22:00:00,2020-05-13,38,5,0,0,0
156,2,0,2020-05-12 22:00:00,2020-05-12,0,4,0,0,0
156,2,0,2020-05-11 22:00:00,2020-05-11,36,3,0,0,0
120,2,0,2020-05-10 22:00:00,2020-05-10,0,2,0,0,0
120,2,0,2020-05-09 22:00:00,2020-05-09,46,1,0,0,2
74,0,0,2020-05-08 22:00:00,2020-05-08,16,0,0,0,0
58,0,0,2020-05-07 22:00:00,2020-05-07,6,0,0,0,0
52,0,0,2020-05-06 22:00:00,2020-05-06,0,0,0,0,0
52,0,0,2020-05-05 22:00:00,2020-05-05,6,0,0,0,0
46,0,0,2020-05-04 22:00:00,2020-05-04,0,0,0,0,0
46,0,0,2020-05-03 22:00:00,2020-05-03,1,0,0,0,0
45,0,0,2020-05-02 22:00:00,2020-05-02,10,0,0,0,0
35,0,0,2020-05-01 22:00:00,2020-05-01,0,0,0,0,0
35,0,0,2020-04-30 22:00:00,2020-04-30,1,0,0,0,0
34,0,0,2020-04-29 22:00:00,2020-04-29,28,0,0,0,0
6,0,0,2020-04-28 22:00:00,2020-04-28,0,0,0,0,0
6,0,0,2020-04-27 22:00:00,2020-04-27,0,0,0,0,0
6,0,0,2020-04-26 22:00:00,2020-04-26,1,0,0,0,0
5,0,0,2020-04-25 22:00:00,2020-04-25,0,0,0,0,0
5,0,0,2020-04-24 22:00:00,2020-04-24,1,0,0,0,0
4,0,0,2020-04-23 22:00:00,2020-04-23,0,0,0,0,0
4,0,0,2020-04-22 22:00:00,2020-04-22,0,0,0,0,0
4,0,0,2020-04-21 22:00:00,2020-04-21,0,0,0,0,0
4,0,0,2020-04-20 22:00:00,2020-04-20,0,0,0,0,0
4,0,0,2020-04-19 22:00:00,2020-04-19,0,0,0,0,0
4,0,0,2020-04-18 22:00:00,2020-04-18,0,0,0,0,0
4,0,0,2020-04-17 22:00:00,2020-04-17,0,0,0,0,0
4,0,0,2020-04-16 22:00:00,2020-04-16,0,0,0,0,0
4,0,0,2020-04-15 22:00:00,2020-04-15,0,0,0,0,0
4,0,0,2020-04-14 22:00:00,2020-04-14,0,0,0,0,0
4,0,0,2020-04-13 22:00:00,2020-04-13,0,0,0,0,0
4,0,0,2020-04-12 22:00:00,2020-04-12,0,0,0,0,0
4,0,0,2020-04-11 22:00:00,2020-04-11,1,0,0,0,0
3,0,0,2020-04-10 22:00:00,2020-04-10,1,0,0,0,0
2,0,0,2020-04-09 22:00:00,2020-04-09,0,0,0,0,0
2,0,0,2020-04-08 22:00:00,2020-04-08,1,0,0,0,0
1,0,0,2020-04-07 22:00:00,2020-04-07,0,0,0,0,0
1,0,0,2020-04-06 22:00:00,2020-04-06,0,0,0,0,0
1,0,0,2020-04-05 22:00:00,2020-04-05,1,0,0,0,0
0,0,0,2020-04-04 21:00:00,2020-04-04,0,0,0,0,0
0,0,0,2020-04-03 21:00:00,2020-04-03,0,0,0,0,0
0,0,0,2020-04-02 21:00:00,2020-04-02,0,0,0,0,0
0,0,0,2020-04-01 21:00:00,2020-04-01,0,0,0,0,0
0,0,0,2020-03-31 21:00:00,2020-03-31,0,0,0,0,0
0,0,0,2020-03-30 21:00:00,2020-03-30,0,0,0,0,0
0,0,0,2020-03-29 21:00:00,2020-03-29,0,0,0,0,0
0,0,0,2020-03-28 21:00:00,2020-03-28,0,0,0,0,0
0,0,0,2020-03-27 21:10:00,2020-03-27,0,0,0,0,0
0,0,0,2020-03-26 22:20:00,2020-03-26,0,0,0,0,0
0,0,0,2020-03-25 23:20:00,2020-03-25,0,0,0,0,0
0,0,0,2020-03-24 21:20:00,2020-03-24,0,0,0,0,0
0,0,0,2020-03-23 21:40:00,2020-03-23,0,0,0,0,0
0,0,0,2020-03-22 21:00:00,2020-03-22,0,0,0,0,0
0,0,0,2020-03-21 21:00:00,2020-03-21,0,0,0,0,0
0,0,0,2020-03-20 21:20:00,2020-03-20,0,0,0,0,0
0,0,0,2020-03-19 21:30:00,2020-03-19,0,0,0,0,0
0,0,0,2020-03-18 22:00:00,2020-03-18,0,0,0,0,0
0,0,0,2020-03-17 21:00:00,2020-03-17,0,0,0,0,0
0,0,0,2020-03-16 21:00:00,2020-03-16,0,0,0,0,0
0,0,0,2020-03-15 21:00:00,2020-03-15,0,0,0,0,0
0,0,0,2020-03-14 21:00:00,2020-03-14,0,0,0,0,0
0,0,0,2020-03-13 21:00:00,2020-03-13,0,0,0,0,0
0,0,0,2020-03-12 21:00:00,2020-03-12,0,0,0,0,0
0,0,0,2020-03-11 21:00:00,2020-03-11,0,0,0,0,0
0,0,0,2020-03-10 21:00:00,2020-03-10,0,0,0,0,0
0,0,0,2020-03-09 21:00:00,2020-03-09,0,0,0,0,0
0,0,0,2020-03-08 21:00:00,2020-03-08,0,0,0,0,0
0,0,0,2020-03-07 21:00:00,2020-03-07,0,0,0,0,0
0,0,0,2020-03-06 21:00:00,2020-03-06,0,0,0,0,0
0,0,0,2020-03-05 21:00:00,2020-03-05,0,0,0,0,0
0,0,0,2020-03-04 21:00:00,2020-03-04,0,0,0,0,0
0,0,0,2020-03-03 21:00:00,2020-03-03,0,0,0,0,0
0,0,0,2020-03-02 21:00:00,2020-03-02,0,0,0,0,0
0,0,0,2020-03-01 21:00:00,2020-03-01,0,0,0,0,0
0,0,0,2020-02-29 21:00:00,2020-02-29,0,0,0,0,0
0,0,0,2020-02-28 21:00:00,2020-02-28,0,0,0,0,0
0,0,0,2020-02-27 21:00:00,2020-02-27,0,0,0,0,0
0,0,0,2020-02-26 21:00:00,2020-02-26,0,0,0,0,0
0,0,0,2020-02-25 21:00:00,2020-02-25,0,0,0,0,0
0,0,0,2020-02-24 21:00:00,2020-02-24,0,0,0,0,0
0,0,0,2020-02-23 21:00:00,2020-02-23,0,0,0,0,0
0,0,0,2020-02-22 21:00:00,2020-02-22,0,0,0,0,0
0,0,0,2020-02-21 21:00:00,2020-02-21,0,0,0,0,0
0,0,0,2020-02-20 21:00:00,2020-02-20,0,0,0,0,0
0,0,0,2020-02-19 21:00:00,2020-02-19,0,0,0,0,0
0,0,0,2020-02-18 21:00:00,2020-02-18,0,0,0,0,0
0,0,0,2020-02-17 21:00:00,2020-02-17,0,0,0,0,0
0,0,0,2020-02-16 21:00:00,2020-02-16,0,0,0,0,0
0,0,0,2020-02-15 21:00:00,2020-02-15,0,0,0,0,0
0,0,0,2020-02-14 21:00:00,2020-02-14,0,0,0,0,0
0,0,0,2020-02-13 21:00:00,2020-02-13,0,0,0,0,0
0,0,0,2020-02-12 21:00:00,2020-02-12,0,0,0,0,0
0,0,0,2020-02-11 20:30:00,2020-02-11,0,0,0,0,0
0,0,0,2020-02-10 21:00:00,2020-02-10,0,0,0,0,0
0,0,0,2020-02-09 21:00:00,2020-02-09,0,0,0,0,0
0,0,0,2020-02-08 21:00:00,2020-02-08,0,0,0,0,0
0,0,0,2020-02-07 21:00:00,2020-02-07,0,0,0,0,0
0,0,0,2020-02-06 21:00:00,2020-02-06,0,0,0,0,0
0,0,0,2020-02-05 21:00:00,2020-02-05,0,0,0,0,0
0,0,0,2020-02-04 20:00:00,2020-02-04,0,0,0,0,0
0,0,0,2020-02-03 20:00:00,2020-02-03,0,0,0,0,0
0,0,0,2020-02-02 20:00:00,2020-02-02,0,0,0,0,0
0,0,0,2020-02-01 10:00:00,2020-02-01,0,0,0,0,0
0,0,0,2020-01-31 12:30:00,2020-01-31,0,0,0,0,0
0,0,0,2020-01-30 12:00:00,2020-01-30,0,0,0,0,0
0,0,0,2020-01-29 14:00:00,2020-01-29,0,0,0,0,0
0,0,0,2020-01-28 11:30:00,2020-01-28,0,0,0,0,0
0,0,0,2020-01-27 14:00:00,2020-01-27,0,0,0,0,0
0,0,0,2020-01-26 13:00:00,2020-01-26,0,0,0,0,0
0,0,0,2020-01-25 15:00:00,2020-01-25,0,0,0,0,0
0,0,0,2020-01-24 15:00:00,2020-01-24,0,0,0,0,0
0,0,0,2020-01-23 15:00:00,2020-01-23,0,0,0,0,0
0,0,0,2020-01-22 15:00:00,2020-01-22,0,0,0,0,0
0,0,0,2020-01-21 15:00:00,2020-01-21,0,0,0,0,0
