Confirmed,Recovered,Deaths,Date_last_updated_AEDT,date_day,New,DayElapsed,New_death,DayElapsed_death,New_recover
2151,1979,11,2020-07-09 22:00:00,2020-07-09,67,108,0,99,12
2084,1967,11,2020-07-08 22:00:00,2020-07-08,6,107,0,98,12
2078,1955,11,2020-07-07 22:00:00,2020-07-07,2,106,0,97,38
2076,1917,11,2020-07-06 22:00:00,2020-07-06,2,105,0,96,14
2074,1903,11,2020-07-05 22:00:00,2020-07-05,5,104,0,95,40
2069,1863,11,2020-07-04 22:00:00,2020-07-04,3,103,0,94,0
2066,1863,11,2020-07-03 22:00:00,2020-07-03,12,102,0,93,115
2054,1748,11,2020-07-02 22:00:00,2020-07-02,7,101,0,92,0
2047,1748,11,2020-07-01 22:00:00,2020-07-01,5,100,0,91,37
2042,1711,11,2020-06-30 22:00:00,2020-06-30,5,99,0,90,33
2037,1678,11,2020-06-29 22:00:00,2020-06-29,4,98,0,89,17
2033,1661,11,2020-06-28 22:00:00,2020-06-28,0,97,0,88,22
2033,1639,11,2020-06-27 22:00:00,2020-06-27,23,96,0,87,37
2010,1602,11,2020-06-26 22:00:00,2020-06-26,3,95,0,86,0
2007,1602,11,2020-06-25 22:00:00,2020-06-25,16,94,0,85,40
1991,1562,11,2020-06-24 22:00:00,2020-06-24,40,93,0,84,14
1951,1548,11,2020-06-23 22:00:00,2020-06-23,1,92,0,83,22
1950,1526,11,2020-06-22 22:00:00,2020-06-22,0,91,0,82,28
1950,1498,11,2020-06-21 22:00:00,2020-06-21,0,90,0,81,52
1950,1446,11,2020-06-20 22:00:00,2020-06-20,3,89,0,80,25
1947,1421,11,2020-06-19 22:00:00,2020-06-19,23,88,0,79,0
1924,1421,11,2020-06-18 22:00:00,2020-06-18,9,87,0,78,24
1915,1397,11,2020-06-17 22:00:00,2020-06-17,10,86,0,77,26
1905,1371,11,2020-06-16 22:00:00,2020-06-16,9,85,0,76,29
1896,1342,11,2020-06-15 22:00:00,2020-06-15,12,84,0,75,55
1884,1287,11,2020-06-14 22:00:00,2020-06-14,4,83,0,74,35
1880,1252,11,2020-06-13 22:00:00,2020-06-13,3,82,0,73,56
1877,1196,11,2020-06-12 22:00:00,2020-06-12,8,81,0,72,46
1869,1150,11,2020-06-11 22:00:00,2020-06-11,10,80,0,71,28
1859,1122,11,2020-06-10 22:00:00,2020-06-10,2,79,0,70,65
1857,1057,11,2020-06-09 22:00:00,2020-06-09,22,78,0,69,67
1835,990,11,2020-06-08 22:00:00,2020-06-08,21,77,0,68,49
1814,941,11,2020-06-07 22:00:00,2020-06-07,13,76,0,67,50
1801,891,11,2020-06-06 22:00:00,2020-06-06,4,75,0,66,33
1797,858,11,2020-06-05 22:00:00,2020-06-05,15,74,0,65,19
1782,839,11,2020-06-04 22:00:00,2020-06-04,99,73,0,64,16
1683,823,11,2020-06-03 22:00:00,2020-06-03,40,72,0,63,0
1643,823,11,2020-06-02 22:00:00,2020-06-02,10,71,0,62,12
1633,811,11,2020-06-01 22:00:00,2020-06-01,13,70,1,61,10
1620,801,10,2020-05-31 22:00:00,2020-05-31,59,69,0,60,20
1561,781,10,2020-05-30 22:00:00,2020-05-30,31,68,0,59,27
1530,754,10,2020-05-29 22:00:00,2020-05-29,61,67,0,58,9
1469,745,10,2020-05-28 22:00:00,2020-05-28,150,66,0,57,13
1319,732,10,2020-05-27 22:00:00,2020-05-27,120,65,0,56,20
1199,712,10,2020-05-26 22:00:00,2020-05-26,51,64,1,55,17
1148,695,9,2020-05-25 22:00:00,2020-05-25,42,63,0,54,21
1106,674,9,2020-05-24 22:00:00,2020-05-24,38,62,0,53,14
1068,660,9,2020-05-23 22:00:00,2020-05-23,13,61,0,52,40
1055,620,9,2020-05-22 22:00:00,2020-05-22,27,60,0,51,16
1028,604,9,2020-05-21 22:00:00,2020-05-21,1,59,0,50,20
1027,584,9,2020-05-20 22:00:00,2020-05-20,35,58,0,49,15
992,569,9,2020-05-19 22:00:00,2020-05-19,11,57,0,48,10
981,559,9,2020-05-18 22:00:00,2020-05-18,21,56,0,47,21
960,538,9,2020-05-17 22:00:00,2020-05-17,24,55,0,46,18
936,520,9,2020-05-16 22:00:00,2020-05-16,11,54,0,45,43
925,477,9,2020-05-15 22:00:00,2020-05-15,10,53,0,44,32
915,445,9,2020-05-14 22:00:00,2020-05-14,24,52,0,43,63
891,382,9,2020-05-13 22:00:00,2020-05-13,22,51,0,42,16
869,366,9,2020-05-12 22:00:00,2020-05-12,6,50,0,41,23
863,343,9,2020-05-11 22:00:00,2020-05-11,16,49,0,40,22
847,321,9,2020-05-10 22:00:00,2020-05-10,3,48,0,39,66
844,255,9,2020-05-09 22:00:00,2020-05-09,20,47,0,38,15
824,240,9,2020-05-08 22:00:00,2020-05-08,27,46,0,37,8
797,232,9,2020-05-07 22:00:00,2020-05-07,26,45,0,36,17
771,215,9,2020-05-06 22:00:00,2020-05-06,16,44,0,35,18
755,197,9,2020-05-05 22:00:00,2020-05-05,37,43,2,34,10
718,187,7,2020-05-04 22:00:00,2020-05-04,13,42,0,33,5
705,182,7,2020-05-03 22:00:00,2020-05-03,15,41,0,32,10
690,172,7,2020-05-02 22:00:00,2020-05-02,22,40,0,31,15
668,157,7,2020-05-01 22:00:00,2020-05-01,19,39,0,30,18
649,139,7,2020-04-30 22:00:00,2020-04-30,27,38,0,29,5
622,134,7,2020-04-29 22:00:00,2020-04-29,30,37,0,28,0
592,134,7,2020-04-28 22:00:00,2020-04-28,25,36,0,27,8
567,126,7,2020-04-27 22:00:00,2020-04-27,96,35,0,26,6
471,120,7,2020-04-26 22:00:00,2020-04-26,51,34,0,25,4
420,116,7,2020-04-25 22:00:00,2020-04-25,47,33,0,24,9
373,107,7,2020-04-24 22:00:00,2020-04-24,39,32,0,23,2
334,105,7,2020-04-23 22:00:00,2020-04-23,13,31,0,22,1
321,104,7,2020-04-22 22:00:00,2020-04-22,12,30,0,21,4
309,100,7,2020-04-21 22:00:00,2020-04-21,6,29,0,20,3
303,97,7,2020-04-20 22:00:00,2020-04-20,47,28,0,19,6
256,91,7,2020-04-19 22:00:00,2020-04-19,8,27,0,18,14
248,77,7,2020-04-18 22:00:00,2020-04-18,10,26,0,17,7
238,70,7,2020-04-17 22:00:00,2020-04-17,0,25,0,16,5
238,65,7,2020-04-16 22:00:00,2020-04-16,5,24,0,15,2
233,63,7,2020-04-15 22:00:00,2020-04-15,14,23,0,14,4
219,59,7,2020-04-14 22:00:00,2020-04-14,5,22,0,13,3
214,56,7,2020-04-13 22:00:00,2020-04-13,11,21,0,12,1
203,55,7,2020-04-12 22:00:00,2020-04-12,6,20,0,11,1
197,54,7,2020-04-11 22:00:00,2020-04-11,7,19,0,10,4
190,50,7,2020-04-10 22:00:00,2020-04-10,1,18,0,9,3
189,47,7,2020-04-09 22:00:00,2020-04-09,1,17,1,8,5
188,42,6,2020-04-08 22:00:00,2020-04-08,5,16,0,7,0
183,42,6,2020-04-07 22:00:00,2020-04-07,7,15,1,6,8
176,34,5,2020-04-06 22:00:00,2020-04-06,6,14,0,5,5
170,29,5,2020-04-05 22:00:00,2020-04-05,11,13,0,4,4
159,25,5,2020-04-04 21:00:00,2020-04-04,8,12,1,3,3
151,22,4,2020-04-03 21:00:00,2020-04-03,3,11,1,2,1
148,21,3,2020-04-02 21:00:00,2020-04-02,5,10,1,1,3
143,18,2,2020-04-01 21:00:00,2020-04-01,14,9,0,0,2
129,16,2,2020-03-31 21:00:00,2020-03-31,7,8,1,0,1
122,15,1,2020-03-30 21:00:00,2020-03-30,7,7,0,0,5
115,10,1,2020-03-29 21:00:00,2020-03-29,6,6,1,0,1
109,9,0,2020-03-28 21:00:00,2020-03-28,3,5,0,0,2
106,7,0,2020-03-27 21:10:00,2020-03-27,4,4,0,0,0
102,7,0,2020-03-26 22:20:00,2020-03-26,0,3,0,0,4
102,3,0,2020-03-25 23:20:00,2020-03-25,2,2,0,0,1
100,2,0,2020-03-24 21:20:00,2020-03-24,13,1,0,0,-1
87,3,0,2020-03-23 21:40:00,2020-03-23,10,0,0,0,0
77,3,0,2020-03-22 21:00:00,2020-03-22,4,0,0,0,0
73,3,0,2020-03-21 21:00:00,2020-03-21,7,0,0,0,0
66,3,0,2020-03-20 21:20:00,2020-03-20,10,0,0,0,0
56,3,0,2020-03-19 21:30:00,2020-03-19,6,0,0,0,0
50,3,0,2020-03-18 22:00:00,2020-03-18,21,0,0,0,1
29,2,0,2020-03-17 21:00:00,2020-03-17,8,0,0,0,1
21,1,0,2020-03-16 21:00:00,2020-03-16,10,0,0,0,0
11,1,0,2020-03-15 21:00:00,2020-03-15,3,0,0,0,0
8,1,0,2020-03-14 21:00:00,2020-03-14,5,0,0,0,0
3,1,0,2020-03-13 21:00:00,2020-03-13,1,0,0,0,0
2,1,0,2020-03-12 21:00:00,2020-03-12,0,0,0,0,0
2,1,0,2020-03-11 21:00:00,2020-03-11,1,0,0,0,0
1,1,0,2020-03-10 21:00:00,2020-03-10,0,0,0,0,0
1,1,0,2020-03-09 21:00:00,2020-03-09,0,0,0,0,0
1,1,0,2020-03-08 21:00:00,2020-03-08,0,0,0,0,0
1,1,0,2020-03-07 21:00:00,2020-03-07,0,0,0,0,0
1,1,0,2020-03-06 21:00:00,2020-03-06,0,0,0,0,0
1,1,0,2020-03-05 21:00:00,2020-03-05,0,0,0,0,0
1,1,0,2020-03-04 21:00:00,2020-03-04,0,0,0,0,0
1,1,0,2020-03-03 21:00:00,2020-03-03,0,0,0,0,0
1,1,0,2020-03-02 21:00:00,2020-03-02,0,0,0,0,0
1,1,0,2020-03-01 21:00:00,2020-03-01,0,0,0,0,0
1,1,0,2020-02-29 21:00:00,2020-02-29,0,0,0,0,0
1,1,0,2020-02-28 21:00:00,2020-02-28,0,0,0,0,0
1,1,0,2020-02-27 21:00:00,2020-02-27,0,0,0,0,0
1,1,0,2020-02-26 21:00:00,2020-02-26,0,0,0,0,0
1,1,0,2020-02-25 21:00:00,2020-02-25,0,0,0,0,0
1,1,0,2020-02-24 21:00:00,2020-02-24,0,0,0,0,0
1,1,0,2020-02-23 21:00:00,2020-02-23,0,0,0,0,0
1,1,0,2020-02-22 21:00:00,2020-02-22,0,0,0,0,0
1,1,0,2020-02-21 21:00:00,2020-02-21,0,0,0,0,0
1,1,0,2020-02-20 21:00:00,2020-02-20,0,0,0,0,0
1,1,0,2020-02-19 21:00:00,2020-02-19,0,0,0,0,0
1,1,0,2020-02-18 21:00:00,2020-02-18,0,0,0,0,0
1,1,0,2020-02-17 21:00:00,2020-02-17,0,0,0,0,0
1,1,0,2020-02-16 21:00:00,2020-02-16,0,0,0,0,0
1,1,0,2020-02-15 21:00:00,2020-02-15,0,0,0,0,0
1,1,0,2020-02-14 21:00:00,2020-02-14,0,0,0,0,0
1,1,0,2020-02-13 21:00:00,2020-02-13,0,0,0,0,0
1,1,0,2020-02-12 21:00:00,2020-02-12,0,0,0,0,0
1,1,0,2020-02-11 20:30:00,2020-02-11,0,0,0,0,0
1,1,0,2020-02-10 21:00:00,2020-02-10,0,0,0,0,0
1,1,0,2020-02-09 21:00:00,2020-02-09,0,0,0,0,0
1,1,0,2020-02-08 21:00:00,2020-02-08,0,0,0,0,0
1,1,0,2020-02-07 21:00:00,2020-02-07,0,0,0,0,0
1,1,0,2020-02-06 21:00:00,2020-02-06,0,0,0,0,0
1,1,0,2020-02-05 21:00:00,2020-02-05,0,0,0,0,0
1,1,0,2020-02-04 20:00:00,2020-02-04,0,0,0,0,1
1,0,0,2020-02-03 20:00:00,2020-02-03,0,0,0,0,0
1,0,0,2020-02-02 20:00:00,2020-02-02,0,0,0,0,0
1,0,0,2020-02-01 10:00:00,2020-02-01,0,0,0,0,0
1,0,0,2020-01-31 12:30:00,2020-01-31,0,0,0,0,0
1,0,0,2020-01-30 12:00:00,2020-01-30,0,0,0,0,0
1,0,0,2020-01-29 14:00:00,2020-01-29,0,0,0,0,0
1,0,0,2020-01-28 11:30:00,2020-01-28,1,0,0,0,0
0,0,0,2020-01-27 14:00:00,2020-01-27,0,0,0,0,0
0,0,0,2020-01-26 13:00:00,2020-01-26,0,0,0,0,0
0,0,0,2020-01-25 15:00:00,2020-01-25,0,0,0,0,0
0,0,0,2020-01-24 15:00:00,2020-01-24,0,0,0,0,0
0,0,0,2020-01-23 15:00:00,2020-01-23,0,0,0,0,0
0,0,0,2020-01-22 15:00:00,2020-01-22,0,0,0,0,0
0,0,0,2020-01-21 15:00:00,2020-01-21,0,0,0,0,0
