Confirmed,Recovered,Deaths,Date_last_updated_AEDT,date_day,New,DayElapsed,New_death,DayElapsed_death,New_recover
614,315,14,2020-07-07 22:00:00,2020-07-07,20,31,0,25,23
594,292,14,2020-07-06 22:00:00,2020-07-06,29,30,0,24,16
565,276,14,2020-07-05 22:00:00,2020-07-05,4,29,1,23,9
561,267,13,2020-07-04 22:00:00,2020-07-04,14,28,0,22,14
547,253,13,2020-07-03 22:00:00,2020-07-03,12,27,0,21,11
535,242,13,2020-07-02 22:00:00,2020-07-02,20,26,0,20,15
515,227,13,2020-07-01 22:00:00,2020-07-01,14,25,0,19,10
501,217,13,2020-06-30 22:00:00,2020-06-30,11,24,2,18,18
490,199,11,2020-06-29 22:00:00,2020-06-29,23,23,0,17,8
467,191,11,2020-06-28 22:00:00,2020-06-28,76,22,1,16,10
391,181,10,2020-06-27 22:00:00,2020-06-27,18,21,0,15,5
373,176,10,2020-06-26 22:00:00,2020-06-26,16,20,0,14,22
357,154,10,2020-06-25 22:00:00,2020-06-25,38,19,1,13,22
319,132,9,2020-06-24 22:00:00,2020-06-24,0,18,1,12,0
319,132,8,2020-06-23 22:00:00,2020-06-23,5,17,0,11,26
314,106,8,2020-06-22 22:00:00,2020-06-22,12,16,0,10,32
302,74,8,2020-06-21 22:00:00,2020-06-21,9,15,0,9,0
293,74,8,2020-06-20 22:00:00,2020-06-20,16,14,1,8,0
277,74,7,2020-06-19 22:00:00,2020-06-19,16,13,1,7,26
261,48,6,2020-06-18 22:00:00,2020-06-18,25,12,0,6,0
236,48,6,2020-06-17 22:00:00,2020-06-17,7,11,1,5,0
229,48,5,2020-06-16 22:00:00,2020-06-16,21,10,2,4,39
208,9,3,2020-06-15 22:00:00,2020-06-15,12,9,0,3,0
196,9,3,2020-06-14 22:00:00,2020-06-14,9,8,0,2,0
187,9,3,2020-06-13 22:00:00,2020-06-13,19,7,1,1,0
168,9,2,2020-06-12 22:00:00,2020-06-12,24,6,0,0,0
144,9,2,2020-06-11 22:00:00,2020-06-11,7,5,0,0,0
137,9,2,2020-06-10 22:00:00,2020-06-10,7,4,0,0,0
130,9,2,2020-06-09 22:00:00,2020-06-09,8,3,1,0,0
122,9,1,2020-06-08 22:00:00,2020-06-08,22,2,0,0,0
100,9,1,2020-06-07 22:00:00,2020-06-07,9,1,0,0,0
91,9,1,2020-06-06 22:00:00,2020-06-06,9,0,0,0,0
82,9,1,2020-06-05 22:00:00,2020-06-05,8,0,0,0,0
74,9,1,2020-06-04 22:00:00,2020-06-04,20,0,0,0,0
54,9,1,2020-06-03 22:00:00,2020-06-03,10,0,0,0,0
44,9,1,2020-06-02 22:00:00,2020-06-02,21,0,0,0,0
23,9,1,2020-06-01 22:00:00,2020-06-01,9,0,0,0,0
14,9,1,2020-05-31 22:00:00,2020-05-31,2,0,0,0,0
12,9,1,2020-05-30 22:00:00,2020-05-30,0,0,0,0,0
12,9,1,2020-05-29 22:00:00,2020-05-29,0,0,0,0,0
12,9,1,2020-05-28 22:00:00,2020-05-28,1,0,0,0,0
11,9,1,2020-05-27 22:00:00,2020-05-27,0,0,0,0,0
11,9,1,2020-05-26 22:00:00,2020-05-26,0,0,0,0,0
11,9,1,2020-05-25 22:00:00,2020-05-25,0,0,0,0,0
11,9,1,2020-05-24 22:00:00,2020-05-24,0,0,0,0,0
11,9,1,2020-05-23 22:00:00,2020-05-23,0,0,0,0,0
11,9,1,2020-05-22 22:00:00,2020-05-22,0,0,0,0,0
11,9,1,2020-05-21 22:00:00,2020-05-21,0,0,0,0,0
11,9,1,2020-05-20 22:00:00,2020-05-20,0,0,0,0,0
11,9,1,2020-05-19 22:00:00,2020-05-19,1,0,0,0,0
10,9,1,2020-05-18 22:00:00,2020-05-18,0,0,0,0,0
10,9,1,2020-05-17 22:00:00,2020-05-17,0,0,0,0,0
10,9,1,2020-05-16 22:00:00,2020-05-16,0,0,0,0,0
10,9,1,2020-05-15 22:00:00,2020-05-15,0,0,0,0,0
10,9,1,2020-05-14 22:00:00,2020-05-14,0,0,0,0,0
10,9,1,2020-05-13 22:00:00,2020-05-13,0,0,0,0,0
10,9,1,2020-05-12 22:00:00,2020-05-12,0,0,0,0,0
10,9,1,2020-05-11 22:00:00,2020-05-11,0,0,0,0,0
10,9,1,2020-05-10 22:00:00,2020-05-10,0,0,0,0,0
10,9,1,2020-05-09 22:00:00,2020-05-09,0,0,0,0,0
10,9,1,2020-05-08 22:00:00,2020-05-08,0,0,0,0,0
10,9,1,2020-05-07 22:00:00,2020-05-07,0,0,0,0,0
10,9,1,2020-05-06 22:00:00,2020-05-06,0,0,0,0,0
10,9,1,2020-05-05 22:00:00,2020-05-05,0,0,0,0,0
10,9,1,2020-05-04 22:00:00,2020-05-04,0,0,0,0,1
10,8,1,2020-05-03 22:00:00,2020-05-03,0,0,0,0,0
10,8,1,2020-05-02 22:00:00,2020-05-02,0,0,0,0,0
10,8,1,2020-05-01 22:00:00,2020-05-01,0,0,0,0,0
10,8,1,2020-04-30 22:00:00,2020-04-30,0,0,0,0,1
10,7,1,2020-04-29 22:00:00,2020-04-29,0,0,0,0,0
10,7,1,2020-04-28 22:00:00,2020-04-28,0,0,0,0,0
10,7,1,2020-04-27 22:00:00,2020-04-27,0,0,0,0,0
10,7,1,2020-04-26 22:00:00,2020-04-26,0,0,0,0,0
10,7,1,2020-04-25 22:00:00,2020-04-25,0,0,0,0,1
10,6,1,2020-04-24 22:00:00,2020-04-24,0,0,0,0,0
10,6,1,2020-04-23 22:00:00,2020-04-23,0,0,0,0,0
10,6,1,2020-04-22 22:00:00,2020-04-22,0,0,0,0,0
10,6,1,2020-04-21 22:00:00,2020-04-21,0,0,0,0,0
10,6,1,2020-04-20 22:00:00,2020-04-20,0,0,0,0,0
10,6,1,2020-04-19 22:00:00,2020-04-19,0,0,0,0,0
10,6,1,2020-04-18 22:00:00,2020-04-18,0,0,0,0,0
10,6,1,2020-04-17 22:00:00,2020-04-17,0,0,0,0,0
10,6,1,2020-04-16 22:00:00,2020-04-16,0,0,0,0,0
10,6,1,2020-04-15 22:00:00,2020-04-15,0,0,0,0,0
10,6,1,2020-04-14 22:00:00,2020-04-14,0,0,0,0,2
10,4,1,2020-04-13 22:00:00,2020-04-13,0,0,0,0,0
10,4,1,2020-04-12 22:00:00,2020-04-12,0,0,0,0,0
10,4,1,2020-04-11 22:00:00,2020-04-11,0,0,0,0,0
10,4,1,2020-04-10 22:00:00,2020-04-10,0,0,0,0,0
10,4,1,2020-04-09 22:00:00,2020-04-09,0,0,0,0,1
10,3,1,2020-04-08 22:00:00,2020-04-08,0,0,0,0,3
10,0,1,2020-04-07 22:00:00,2020-04-07,0,0,0,0,0
10,0,1,2020-04-06 22:00:00,2020-04-06,0,0,0,0,0
10,0,1,2020-04-05 22:00:00,2020-04-05,0,0,0,0,0
10,0,1,2020-04-04 21:00:00,2020-04-04,0,0,1,0,0
10,0,0,2020-04-03 21:00:00,2020-04-03,0,0,0,0,0
10,0,0,2020-04-02 21:00:00,2020-04-02,0,0,0,0,0
10,0,0,2020-04-01 21:00:00,2020-04-01,2,0,0,0,0
8,0,0,2020-03-31 21:00:00,2020-03-31,0,0,0,0,0
8,0,0,2020-03-30 21:00:00,2020-03-30,0,0,0,0,0
8,0,0,2020-03-29 21:00:00,2020-03-29,0,0,0,0,0
8,0,0,2020-03-28 21:00:00,2020-03-28,0,0,0,0,0
8,0,0,2020-03-27 21:10:00,2020-03-27,0,0,0,0,0
8,0,0,2020-03-26 22:20:00,2020-03-26,1,0,0,0,0
7,0,0,2020-03-25 23:20:00,2020-03-25,1,0,0,0,0
6,0,0,2020-03-24 21:20:00,2020-03-24,1,0,0,0,0
5,0,0,2020-03-23 21:40:00,2020-03-23,0,0,0,0,0
5,0,0,2020-03-22 21:00:00,2020-03-22,1,0,0,0,0
4,0,0,2020-03-21 21:00:00,2020-03-21,0,0,0,0,0
4,0,0,2020-03-20 21:20:00,2020-03-20,3,0,0,0,0
1,0,0,2020-03-19 21:30:00,2020-03-19,0,0,0,0,0
1,0,0,2020-03-18 22:00:00,2020-03-18,0,0,0,0,0
1,0,0,2020-03-17 21:00:00,2020-03-17,0,0,0,0,0
1,0,0,2020-03-16 21:00:00,2020-03-16,0,0,0,0,0
1,0,0,2020-03-15 21:00:00,2020-03-15,0,0,0,0,0
1,0,0,2020-03-14 21:00:00,2020-03-14,1,0,0,0,0
0,0,0,2020-03-13 21:00:00,2020-03-13,0,0,0,0,0
0,0,0,2020-03-12 21:00:00,2020-03-12,0,0,0,0,0
0,0,0,2020-03-11 21:00:00,2020-03-11,0,0,0,0,0
0,0,0,2020-03-10 21:00:00,2020-03-10,0,0,0,0,0
0,0,0,2020-03-09 21:00:00,2020-03-09,0,0,0,0,0
0,0,0,2020-03-08 21:00:00,2020-03-08,0,0,0,0,0
0,0,0,2020-03-07 21:00:00,2020-03-07,0,0,0,0,0
0,0,0,2020-03-06 21:00:00,2020-03-06,0,0,0,0,0
0,0,0,2020-03-05 21:00:00,2020-03-05,0,0,0,0,0
0,0,0,2020-03-04 21:00:00,2020-03-04,0,0,0,0,0
0,0,0,2020-03-03 21:00:00,2020-03-03,0,0,0,0,0
0,0,0,2020-03-02 21:00:00,2020-03-02,0,0,0,0,0
0,0,0,2020-03-01 21:00:00,2020-03-01,0,0,0,0,0
0,0,0,2020-02-29 21:00:00,2020-02-29,0,0,0,0,0
0,0,0,2020-02-28 21:00:00,2020-02-28,0,0,0,0,0
0,0,0,2020-02-27 21:00:00,2020-02-27,0,0,0,0,0
0,0,0,2020-02-26 21:00:00,2020-02-26,0,0,0,0,0
0,0,0,2020-02-25 21:00:00,2020-02-25,0,0,0,0,0
0,0,0,2020-02-24 21:00:00,2020-02-24,0,0,0,0,0
0,0,0,2020-02-23 21:00:00,2020-02-23,0,0,0,0,0
0,0,0,2020-02-22 21:00:00,2020-02-22,0,0,0,0,0
0,0,0,2020-02-21 21:00:00,2020-02-21,0,0,0,0,0
0,0,0,2020-02-20 21:00:00,2020-02-20,0,0,0,0,0
0,0,0,2020-02-19 21:00:00,2020-02-19,0,0,0,0,0
0,0,0,2020-02-18 21:00:00,2020-02-18,0,0,0,0,0
0,0,0,2020-02-17 21:00:00,2020-02-17,0,0,0,0,0
0,0,0,2020-02-16 21:00:00,2020-02-16,0,0,0,0,0
0,0,0,2020-02-15 21:00:00,2020-02-15,0,0,0,0,0
0,0,0,2020-02-14 21:00:00,2020-02-14,0,0,0,0,0
0,0,0,2020-02-13 21:00:00,2020-02-13,0,0,0,0,0
0,0,0,2020-02-12 21:00:00,2020-02-12,0,0,0,0,0
0,0,0,2020-02-11 20:30:00,2020-02-11,0,0,0,0,0
0,0,0,2020-02-10 21:00:00,2020-02-10,0,0,0,0,0
0,0,0,2020-02-09 21:00:00,2020-02-09,0,0,0,0,0
0,0,0,2020-02-08 21:00:00,2020-02-08,0,0,0,0,0
0,0,0,2020-02-07 21:00:00,2020-02-07,0,0,0,0,0
0,0,0,2020-02-06 21:00:00,2020-02-06,0,0,0,0,0
0,0,0,2020-02-05 21:00:00,2020-02-05,0,0,0,0,0
0,0,0,2020-02-04 20:00:00,2020-02-04,0,0,0,0,0
0,0,0,2020-02-03 20:00:00,2020-02-03,0,0,0,0,0
0,0,0,2020-02-02 20:00:00,2020-02-02,0,0,0,0,0
0,0,0,2020-02-01 10:00:00,2020-02-01,0,0,0,0,0
0,0,0,2020-01-31 12:30:00,2020-01-31,0,0,0,0,0
0,0,0,2020-01-30 12:00:00,2020-01-30,0,0,0,0,0
0,0,0,2020-01-29 14:00:00,2020-01-29,0,0,0,0,0
0,0,0,2020-01-28 11:30:00,2020-01-28,0,0,0,0,0
0,0,0,2020-01-27 14:00:00,2020-01-27,0,0,0,0,0
0,0,0,2020-01-26 13:00:00,2020-01-26,0,0,0,0,0
0,0,0,2020-01-25 15:00:00,2020-01-25,0,0,0,0,0
0,0,0,2020-01-24 15:00:00,2020-01-24,0,0,0,0,0
0,0,0,2020-01-23 15:00:00,2020-01-23,0,0,0,0,0
0,0,0,2020-01-22 15:00:00,2020-01-22,0,0,0,0,0
0,0,0,2020-01-21 15:00:00,2020-01-21,0,0,0,0,0
