Confirmed,Recovered,Deaths,Date_last_updated_AEDT,date_day,New,DayElapsed,New_death,DayElapsed_death,New_recover
73344,4971,5447,2020-07-08 22:00:00,2020-07-08,283,125,14,115,0
73061,4971,5433,2020-07-07 22:00:00,2020-07-07,1642,124,13,114,0
71419,4971,5420,2020-07-06 22:00:00,2020-07-06,0,123,0,113,0
71419,4971,5420,2020-07-05 22:00:00,2020-07-05,0,122,0,112,0
71419,4971,5420,2020-07-04 22:00:00,2020-07-04,780,121,9,111,0
70639,4971,5411,2020-07-03 22:00:00,2020-07-03,947,120,41,110,0
69692,4971,5370,2020-07-02 22:00:00,2020-07-02,1241,119,37,109,0
68451,4971,5333,2020-07-01 22:00:00,2020-07-01,784,118,23,108,0
67667,4971,5310,2020-06-30 22:00:00,2020-06-30,2530,117,30,107,0
65137,4971,5280,2020-06-29 22:00:00,2020-06-29,0,116,0,106,0
65137,4971,5280,2020-06-28 22:00:00,2020-06-28,0,115,0,105,0
65137,4971,5280,2020-06-27 22:00:00,2020-06-27,1247,114,50,104,0
63890,4971,5230,2020-06-26 22:00:00,2020-06-26,1566,113,21,103,0
62324,4971,5209,2020-06-25 22:00:00,2020-06-25,1487,112,48,102,0
60837,4971,5161,2020-06-24 22:00:00,2020-06-24,1905,111,39,101,0
58932,4971,5122,2020-06-23 22:00:00,2020-06-23,2889,110,69,100,0
56043,4971,5053,2020-06-22 22:00:00,2020-06-22,0,109,0,99,0
56043,4971,5053,2020-06-21 22:00:00,2020-06-21,0,108,0,98,0
56043,4971,5053,2020-06-20 22:00:00,2020-06-20,0,107,0,97,0
56043,4971,5053,2020-06-19 22:00:00,2020-06-19,1481,106,12,96,0
54562,4971,5041,2020-06-18 22:00:00,2020-06-18,1239,105,102,95,0
53323,4971,4939,2020-06-17 22:00:00,2020-06-17,940,104,48,94,0
52383,4971,4891,2020-06-16 22:00:00,2020-06-16,769,103,17,93,0
51614,4971,4874,2020-06-15 22:00:00,2020-06-15,683,102,0,92,0
50931,4971,4874,2020-06-14 22:00:00,2020-06-14,1247,101,20,91,0
49684,4971,4854,2020-06-13 22:00:00,2020-06-13,1396,100,40,90,0
48288,4971,4814,2020-06-12 22:00:00,2020-06-12,1474,99,19,89,0
46814,4971,4795,2020-06-11 22:00:00,2020-06-11,890,98,78,88,0
45924,4971,4717,2020-06-10 22:00:00,2020-06-10,791,97,23,87,0
45133,4971,4694,2020-06-09 22:00:00,2020-06-09,403,96,35,86,0
44730,4971,4659,2020-06-08 22:00:00,2020-06-08,843,95,3,85,0
43887,4971,4656,2020-06-07 22:00:00,2020-06-07,948,94,17,84,0
42939,4971,4639,2020-06-06 22:00:00,2020-06-06,1056,93,77,83,0
41883,4971,4562,2020-06-05 22:00:00,2020-06-05,1080,92,20,82,0
40803,4971,4542,2020-06-04 22:00:00,2020-06-04,2214,91,74,81,0
38589,4971,4468,2020-06-03 22:00:00,2020-06-03,775,90,65,80,0
37814,4971,4403,2020-06-02 22:00:00,2020-06-02,272,89,8,79,0
37542,4971,4395,2020-06-01 22:00:00,2020-06-01,429,88,0,78,0
37113,4971,4395,2020-05-31 22:00:00,2020-05-31,637,87,45,77,0
36476,4971,4350,2020-05-30 22:00:00,2020-05-30,749,86,84,76,0
35727,4971,4266,2020-05-29 22:00:00,2020-05-29,639,85,46,75,0
35088,4971,4220,2020-05-28 22:00:00,2020-05-28,648,84,95,74,0
34440,4971,4125,2020-05-27 22:00:00,2020-05-27,597,83,96,73,0
33843,4971,4029,2020-05-26 22:00:00,2020-05-26,384,82,31,72,0
33459,4971,3998,2020-05-25 22:00:00,2020-05-25,271,81,6,71,0
33188,4971,3992,2020-05-24 22:00:00,2020-05-24,379,80,67,70,0
32809,4971,3925,2020-05-23 22:00:00,2020-05-23,637,79,54,69,0
32172,4971,3871,2020-05-22 22:00:00,2020-05-22,649,78,40,68,0
31523,4971,3831,2020-05-21 22:00:00,2020-05-21,724,77,88,67,0
30799,4971,3743,2020-05-20 22:00:00,2020-05-20,422,76,45,66,0
30377,4971,3698,2020-05-19 22:00:00,2020-05-19,234,75,19,65,0
30143,4971,3679,2020-05-18 22:00:00,2020-05-18,466,74,5,64,0
29677,4971,3674,2020-05-17 22:00:00,2020-05-17,470,73,28,63,0
29207,4971,3646,2020-05-16 22:00:00,2020-05-16,625,72,117,62,0
28582,4971,3529,2020-05-15 22:00:00,2020-05-15,673,71,69,61,0
27909,4971,3460,2020-05-14 22:00:00,2020-05-14,637,70,147,60,0
27272,4971,3313,2020-05-13 22:00:00,2020-05-13,602,69,57,59,0
26670,4971,3256,2020-05-12 22:00:00,2020-05-12,348,68,31,58,0
26322,4971,3225,2020-05-11 22:00:00,2020-05-11,401,67,5,57,0
25921,4971,3220,2020-05-10 22:00:00,2020-05-10,656,66,45,56,0
25265,4971,3175,2020-05-09 22:00:00,2020-05-09,642,65,135,55,0
24623,4971,3040,2020-05-08 22:00:00,2020-05-08,705,64,99,54,897
23918,4074,2941,2020-05-07 22:00:00,2020-05-07,702,63,87,53,0
23216,4074,2854,2020-05-06 22:00:00,2020-05-06,495,62,85,52,0
22721,4074,2769,2020-05-05 22:00:00,2020-05-05,404,61,90,51,3069
22317,1005,2679,2020-05-04 22:00:00,2020-05-04,235,60,10,50,0
22082,1005,2669,2020-05-03 22:00:00,2020-05-03,562,59,16,49,0
21520,1005,2653,2020-05-02 22:00:00,2020-05-02,428,58,67,48,0
21092,1005,2586,2020-05-01 22:00:00,2020-05-01,790,57,124,47,0
20302,1005,2462,2020-04-30 22:00:00,2020-04-30,681,56,107,46,0
19621,1005,2355,2020-04-29 22:00:00,2020-04-29,695,55,81,45,0
18926,1005,2274,2020-04-28 22:00:00,2020-04-28,286,54,80,44,0
18640,1005,2194,2020-04-27 22:00:00,2020-04-27,463,53,2,43,0
18177,1005,2192,2020-04-26 22:00:00,2020-04-26,610,52,40,42,0
17567,1005,2152,2020-04-25 22:00:00,2020-04-25,812,51,131,41,455
16755,550,2021,2020-04-24 22:00:00,2020-04-24,751,50,84,40,0
16004,550,1937,2020-04-23 22:00:00,2020-04-23,682,49,172,39,0
15322,550,1765,2020-04-22 22:00:00,2020-04-22,545,48,185,38,0
14777,550,1580,2020-04-21 22:00:00,2020-04-21,392,47,40,37,0
14385,550,1540,2020-04-20 22:00:00,2020-04-20,563,46,29,36,0
13822,550,1511,2020-04-19 22:00:00,2020-04-19,606,45,111,35,0
13216,550,1400,2020-04-18 22:00:00,2020-04-18,676,44,67,34,0
12540,550,1333,2020-04-17 22:00:00,2020-04-17,613,43,130,33,169
11927,381,1203,2020-04-16 22:00:00,2020-04-16,482,42,170,32,0
11445,381,1033,2020-04-15 22:00:00,2020-04-15,497,41,114,31,0
10948,381,919,2020-04-14 22:00:00,2020-04-14,465,40,20,30,0
10483,381,899,2020-04-13 22:00:00,2020-04-13,332,39,12,29,0
10151,381,887,2020-04-12 22:00:00,2020-04-12,466,38,17,28,0
9685,381,870,2020-04-11 22:00:00,2020-04-11,544,37,77,27,176
9141,205,793,2020-04-10 22:00:00,2020-04-10,722,36,106,26,0
8419,205,687,2020-04-09 22:00:00,2020-04-09,0,35,0,25,0
8419,205,687,2020-04-08 22:00:00,2020-04-08,1213,34,210,24,0
7206,205,477,2020-04-07 22:00:00,2020-04-07,376,33,76,23,0
6830,205,401,2020-04-06 22:00:00,2020-04-06,387,32,28,22,0
6443,205,373,2020-04-05 22:00:00,2020-04-05,312,31,15,21,0
6131,205,358,2020-04-04 21:00:00,2020-04-04,563,30,50,20,102
5568,103,308,2020-04-03 21:00:00,2020-04-03,621,29,69,19,0
4947,103,239,2020-04-02 21:00:00,2020-04-02,512,28,59,18,87
4435,16,180,2020-04-01 21:00:00,2020-04-01,407,27,34,17,0
4028,16,146,2020-03-31 21:00:00,2020-03-31,328,26,36,16,0
3700,16,110,2020-03-30 21:00:00,2020-03-30,253,25,5,15,0
3447,16,105,2020-03-29 21:00:00,2020-03-29,378,24,0,14,0
3069,16,105,2020-03-28 21:00:00,2020-03-28,211,23,28,13,0
2858,16,77,2020-03-27 21:10:00,2020-03-27,304,22,13,12,0
2554,16,64,2020-03-26 22:20:00,2020-03-26,209,21,23,11,0
2345,16,41,2020-03-25 23:20:00,2020-03-25,286,20,8,10,0
2059,16,33,2020-03-24 21:20:00,2020-03-24,125,19,8,9,0
1934,16,25,2020-03-23 21:40:00,2020-03-23,164,18,5,8,0
1770,16,20,2020-03-22 21:00:00,2020-03-22,113,17,4,7,0
1657,16,16,2020-03-21 21:00:00,2020-03-21,201,16,5,6,0
1456,16,11,2020-03-20 21:20:00,2020-03-20,154,15,1,5,0
1302,16,10,2020-03-19 21:30:00,2020-03-19,106,14,2,4,15
1196,1,8,2020-03-18 22:00:00,2020-03-18,71,13,1,3,0
1125,1,7,2020-03-17 21:00:00,2020-03-17,82,12,4,2,0
1043,1,3,2020-03-16 21:00:00,2020-03-16,82,11,1,1,0
961,1,2,2020-03-15 21:00:00,2020-03-15,140,10,0,0,0
821,1,2,2020-03-14 21:00:00,2020-03-14,133,9,1,0,0
688,1,1,2020-03-13 21:00:00,2020-03-13,188,8,0,0,0
500,1,1,2020-03-12 21:00:00,2020-03-12,145,7,1,0,0
355,1,0,2020-03-11 21:00:00,2020-03-11,91,6,0,0,0
264,1,0,2020-03-10 21:00:00,2020-03-10,60,5,0,0,0
204,1,0,2020-03-09 21:00:00,2020-03-09,43,4,0,0,0
161,1,0,2020-03-08 21:00:00,2020-03-08,24,3,0,0,0
137,1,0,2020-03-07 21:00:00,2020-03-07,36,2,0,0,0
101,1,0,2020-03-06 21:00:00,2020-03-06,49,1,0,0,0
52,1,0,2020-03-05 21:00:00,2020-03-05,20,0,0,0,0
32,1,0,2020-03-04 21:00:00,2020-03-04,17,0,0,0,1
15,0,0,2020-03-03 21:00:00,2020-03-03,1,0,0,0,0
14,0,0,2020-03-02 21:00:00,2020-03-02,2,0,0,0,0
12,0,0,2020-03-01 21:00:00,2020-03-01,1,0,0,0,0
11,0,0,2020-02-29 21:00:00,2020-02-29,4,0,0,0,0
7,0,0,2020-02-28 21:00:00,2020-02-28,5,0,0,0,0
2,0,0,2020-02-27 21:00:00,2020-02-27,1,0,0,0,0
1,0,0,2020-02-26 21:00:00,2020-02-26,0,0,0,0,0
1,0,0,2020-02-25 21:00:00,2020-02-25,0,0,0,0,0
1,0,0,2020-02-24 21:00:00,2020-02-24,0,0,0,0,0
1,0,0,2020-02-23 21:00:00,2020-02-23,0,0,0,0,0
1,0,0,2020-02-22 21:00:00,2020-02-22,0,0,0,0,0
1,0,0,2020-02-21 21:00:00,2020-02-21,0,0,0,0,0
1,0,0,2020-02-20 21:00:00,2020-02-20,0,0,0,0,0
1,0,0,2020-02-19 21:00:00,2020-02-19,0,0,0,0,0
1,0,0,2020-02-18 21:00:00,2020-02-18,0,0,0,0,0
1,0,0,2020-02-17 21:00:00,2020-02-17,0,0,0,0,0
1,0,0,2020-02-16 21:00:00,2020-02-16,0,0,0,0,0
1,0,0,2020-02-15 21:00:00,2020-02-15,0,0,0,0,0
1,0,0,2020-02-14 21:00:00,2020-02-14,0,0,0,0,0
1,0,0,2020-02-13 21:00:00,2020-02-13,0,0,0,0,0
1,0,0,2020-02-12 21:00:00,2020-02-12,0,0,0,0,0
1,0,0,2020-02-11 20:30:00,2020-02-11,0,0,0,0,0
1,0,0,2020-02-10 21:00:00,2020-02-10,0,0,0,0,0
1,0,0,2020-02-09 21:00:00,2020-02-09,0,0,0,0,0
1,0,0,2020-02-08 21:00:00,2020-02-08,0,0,0,0,0
1,0,0,2020-02-07 21:00:00,2020-02-07,0,0,0,0,0
1,0,0,2020-02-06 21:00:00,2020-02-06,0,0,0,0,0
1,0,0,2020-02-05 21:00:00,2020-02-05,0,0,0,0,0
1,0,0,2020-02-04 20:00:00,2020-02-04,0,0,0,0,0
1,0,0,2020-02-03 20:00:00,2020-02-03,0,0,0,0,0
1,0,0,2020-02-02 20:00:00,2020-02-02,0,0,0,0,0
1,0,0,2020-02-01 10:00:00,2020-02-01,1,0,0,0,0
0,0,0,2020-01-31 12:30:00,2020-01-31,0,0,0,0,0
0,0,0,2020-01-30 12:00:00,2020-01-30,0,0,0,0,0
0,0,0,2020-01-29 14:00:00,2020-01-29,0,0,0,0,0
0,0,0,2020-01-28 11:30:00,2020-01-28,0,0,0,0,0
0,0,0,2020-01-27 14:00:00,2020-01-27,0,0,0,0,0
0,0,0,2020-01-26 13:00:00,2020-01-26,0,0,0,0,0
0,0,0,2020-01-25 15:00:00,2020-01-25,0,0,0,0,0
0,0,0,2020-01-24 15:00:00,2020-01-24,0,0,0,0,0
0,0,0,2020-01-23 15:00:00,2020-01-23,0,0,0,0,0
0,0,0,2020-01-22 15:00:00,2020-01-22,0,0,0,0,0
0,0,0,2020-01-21 15:00:00,2020-01-21,0,0,0,0,0
