Confirmed,Recovered,Deaths,Date_last_updated_AEDT,date_day,New,DayElapsed,New_death,DayElapsed_death,New_recover
35746,31500,1981,2020-08-04 22:00:00,2020-08-04,130,152,0,148,0
35616,31500,1981,2020-08-03 22:00:00,2020-08-03,66,151,0,147,200
35550,31300,1981,2020-08-02 22:00:00,2020-08-02,138,150,0,146,200
35412,31100,1981,2020-08-01 22:00:00,2020-08-01,180,149,1,145,0
35232,31100,1980,2020-07-31 22:00:00,2020-07-31,210,148,0,144,0
35022,31100,1980,2020-07-30 22:00:00,2020-07-30,220,147,1,143,100
34802,31000,1979,2020-07-29 22:00:00,2020-07-29,193,146,1,142,100
34609,30900,1978,2020-07-28 22:00:00,2020-07-28,132,145,0,141,200
34477,30700,1978,2020-07-27 22:00:00,2020-07-27,175,144,1,140,200
34302,30500,1977,2020-07-26 22:00:00,2020-07-26,0,143,0,139,0
34302,30500,1977,2020-07-25 22:00:00,2020-07-25,148,142,0,138,0
34154,30500,1977,2020-07-24 22:00:00,2020-07-24,154,141,5,137,0
34000,30500,1972,2020-07-23 22:00:00,2020-07-23,117,140,0,136,200
33883,30300,1972,2020-07-22 22:00:00,2020-07-22,141,139,0,135,0
33742,30300,1972,2020-07-21 22:00:00,2020-07-21,108,138,3,134,0
33634,30300,1969,2020-07-20 22:00:00,2020-07-20,43,137,0,133,400
33591,29900,1969,2020-07-19 22:00:00,2020-07-19,99,136,0,132,0
33492,29900,1969,2020-07-18 22:00:00,2020-07-18,110,135,0,131,0
33382,29900,1969,2020-07-17 22:00:00,2020-07-17,92,134,0,130,100
33290,29800,1969,2020-07-16 22:00:00,2020-07-16,142,133,1,129,0
33148,29800,1968,2020-07-15 22:00:00,2020-07-15,132,132,0,128,200
33016,29600,1968,2020-07-14 22:00:00,2020-07-14,70,131,0,127,0
32946,29600,1968,2020-07-13 22:00:00,2020-07-13,63,130,0,126,100
32883,29500,1968,2020-07-12 22:00:00,2020-07-12,85,129,2,125,100
32798,29400,1966,2020-07-11 22:00:00,2020-07-11,108,128,0,124,0
32690,29400,1966,2020-07-10 22:00:00,2020-07-10,104,127,0,123,0
32586,29400,1966,2020-07-09 22:00:00,2020-07-09,88,126,0,122,0
32498,29400,1966,2020-07-08 22:00:00,2020-07-08,129,125,0,121,100
32369,29300,1966,2020-07-07 22:00:00,2020-07-07,54,124,1,120,0
32315,29300,1965,2020-07-06 22:00:00,2020-07-06,117,123,0,119,100
32198,29200,1965,2020-07-05 22:00:00,2020-07-05,97,122,0,118,0
32101,29200,1965,2020-07-04 22:00:00,2020-07-04,0,121,0,117,0
32101,29200,1965,2020-07-03 22:00:00,2020-07-03,134,120,0,116,0
31967,29200,1965,2020-07-02 22:00:00,2020-07-02,253,119,2,115,0
31714,29200,1963,2020-07-01 22:00:00,2020-07-01,0,118,1,114,100
31714,29100,1962,2020-06-30 22:00:00,2020-06-30,62,117,0,113,0
31652,29100,1962,2020-06-29 22:00:00,2020-06-29,35,116,0,112,0
31617,29100,1962,2020-06-28 22:00:00,2020-06-28,62,115,0,111,100
31555,29000,1962,2020-06-27 22:00:00,2020-06-27,69,114,0,110,0
31486,29000,1962,2020-06-26 22:00:00,2020-06-26,58,113,4,109,0
31428,29000,1958,2020-06-25 22:00:00,2020-06-25,52,112,0,108,0
31376,29000,1958,2020-06-24 22:00:00,2020-06-24,44,111,2,107,0
31332,29000,1956,2020-06-23 22:00:00,2020-06-23,22,110,0,106,0
31310,29000,1956,2020-06-22 22:00:00,2020-06-22,18,109,0,105,100
31292,28900,1956,2020-06-21 22:00:00,2020-06-21,49,108,0,104,0
31243,28900,1956,2020-06-20 22:00:00,2020-06-20,26,107,0,103,0
31217,28900,1956,2020-06-19 22:00:00,2020-06-19,17,106,0,102,0
31200,28900,1956,2020-06-18 22:00:00,2020-06-18,17,105,0,101,0
31183,28900,1956,2020-06-17 22:00:00,2020-06-17,37,104,17,100,0
31146,28900,1939,2020-06-16 22:00:00,2020-06-16,15,103,1,99,100
31131,28800,1938,2020-06-15 22:00:00,2020-06-15,14,102,0,98,0
31117,28800,1938,2020-06-14 22:00:00,2020-06-14,23,101,0,97,0
31094,28800,1938,2020-06-13 22:00:00,2020-06-13,31,100,0,96,0
31063,28800,1938,2020-06-12 22:00:00,2020-06-12,19,99,1,95,100
31044,28700,1937,2020-06-11 22:00:00,2020-06-11,33,98,3,94,0
31011,28700,1934,2020-06-10 22:00:00,2020-06-10,23,97,11,93,0
30988,28700,1923,2020-06-09 22:00:00,2020-06-09,16,96,0,92,0
30972,28700,1923,2020-06-08 22:00:00,2020-06-08,7,95,2,91,0
30965,28700,1921,2020-06-07 22:00:00,2020-06-07,9,94,0,90,100
30956,28600,1921,2020-06-06 22:00:00,2020-06-06,20,93,0,89,0
30936,28600,1921,2020-06-05 22:00:00,2020-06-05,23,92,0,88,0
30913,28600,1921,2020-06-04 22:00:00,2020-06-04,20,91,1,87,0
30893,28600,1920,2020-06-03 22:00:00,2020-06-03,19,90,0,86,100
30874,28500,1920,2020-06-02 22:00:00,2020-06-02,3,89,0,85,0
30871,28500,1920,2020-06-01 22:00:00,2020-06-01,9,88,0,84,100
30862,28400,1920,2020-05-31 22:00:00,2020-05-31,17,87,1,83,0
30845,28400,1919,2020-05-30 22:00:00,2020-05-30,49,86,0,82,100
30796,28300,1919,2020-05-29 22:00:00,2020-05-29,0,85,2,81,0
30796,28300,1917,2020-05-28 22:00:00,2020-05-28,20,84,0,80,100
30776,28200,1917,2020-05-27 22:00:00,2020-05-27,15,83,4,79,0
30761,28200,1913,2020-05-26 22:00:00,2020-05-26,15,82,6,78,100
30746,28100,1907,2020-05-25 22:00:00,2020-05-25,10,81,2,77,100
30736,28000,1905,2020-05-24 22:00:00,2020-05-24,11,80,1,76,100
30725,27900,1904,2020-05-23 22:00:00,2020-05-23,31,79,6,75,0
30694,27900,1898,2020-05-22 22:00:00,2020-05-22,0,78,5,74,100
30694,27800,1893,2020-05-21 22:00:00,2020-05-21,36,77,1,73,100
30658,27700,1892,2020-05-20 22:00:00,2020-05-20,40,76,6,72,100
30618,27600,1886,2020-05-19 22:00:00,2020-05-19,21,75,5,71,100
30597,27500,1881,2020-05-18 22:00:00,2020-05-18,10,74,2,70,100
30587,27400,1879,2020-05-17 22:00:00,2020-05-17,73,73,1,69,300
30514,27100,1878,2020-05-16 22:00:00,2020-05-16,0,72,4,68,0
30514,27100,1874,2020-05-15 22:00:00,2020-05-15,51,71,4,67,0
30463,27100,1870,2020-05-14 22:00:00,2020-05-14,50,70,3,66,300
30413,26800,1867,2020-05-13 22:00:00,2020-05-13,33,69,22,65,0
30380,26800,1845,2020-05-12 22:00:00,2020-05-12,36,68,11,64,200
30344,26600,1834,2020-05-11 22:00:00,2020-05-11,39,67,4,63,200
30305,26400,1830,2020-05-10 22:00:00,2020-05-10,54,66,7,62,300
30251,26100,1823,2020-05-09 22:00:00,2020-05-09,44,65,13,61,200
30207,25900,1810,2020-05-08 22:00:00,2020-05-08,81,64,5,60,200
30126,25700,1805,2020-05-07 22:00:00,2020-05-07,117,63,10,59,300
30009,25400,1795,2020-05-06 22:00:00,2020-05-06,0,62,11,58,200
30009,25200,1784,2020-05-05 22:00:00,2020-05-05,28,61,22,57,700
29981,24500,1762,2020-05-04 22:00:00,2020-05-04,76,60,0,56,300
29905,24200,1762,2020-05-03 22:00:00,2020-05-03,88,59,8,55,300
29817,23900,1754,2020-05-02 22:00:00,2020-05-02,112,58,17,54,500
29705,23400,1737,2020-05-01 22:00:00,2020-05-01,119,57,21,53,300
29586,23100,1716,2020-04-30 22:00:00,2020-04-30,179,56,17,52,500
29407,22600,1699,2020-04-29 22:00:00,2020-04-29,143,55,22,51,400
29264,22200,1677,2020-04-28 22:00:00,2020-04-28,203,54,37,50,400
29061,21800,1640,2020-04-27 22:00:00,2020-04-27,167,53,33,49,500
28894,21300,1607,2020-04-26 22:00:00,2020-04-26,0,52,14,48,300
28894,21000,1593,2020-04-25 22:00:00,2020-04-25,217,51,42,47,400
28677,20600,1551,2020-04-24 22:00:00,2020-04-24,181,50,42,46,700
28496,19900,1509,2020-04-23 22:00:00,2020-04-23,228,49,31,45,500
28268,19400,1478,2020-04-22 22:00:00,2020-04-22,324,48,42,44,800
27944,18600,1436,2020-04-21 22:00:00,2020-04-21,0,47,30,43,800
27944,17800,1406,2020-04-20 22:00:00,2020-04-20,540,46,38,42,700
27404,17100,1368,2020-04-19 22:00:00,2020-04-19,0,45,24,41,700
27404,16400,1344,2020-04-18 22:00:00,2020-04-18,326,44,56,40,500
27078,15900,1288,2020-04-17 22:00:00,2020-04-17,719,43,34,39,500
26359,15400,1254,2020-04-16 22:00:00,2020-04-16,336,42,64,38,700
26023,14700,1190,2020-04-15 22:00:00,2020-04-15,216,41,35,37,1000
25807,13700,1155,2020-04-14 22:00:00,2020-04-14,304,40,38,36,1000
25503,12700,1117,2020-04-13 22:00:00,2020-04-13,203,39,81,35,600
25300,12100,1036,2020-04-12 22:00:00,2020-04-12,400,38,33,34,1000
24900,11100,1003,2020-04-11 22:00:00,2020-04-11,728,37,45,33,500
24172,10600,958,2020-04-10 22:00:00,2020-04-10,658,36,45,32,800
23514,9800,913,2020-04-09 22:00:00,2020-04-09,725,35,55,31,1096
22789,8704,858,2020-04-08 22:00:00,2020-04-08,547,34,71,30,648
22242,8056,787,2020-04-07 22:00:00,2020-04-07,960,33,53,29,758
21282,7298,734,2020-04-06 22:00:00,2020-04-06,182,32,68,28,883
21100,6415,666,2020-04-05 22:00:00,2020-04-05,1398,31,62,27,1569
19702,4846,604,2020-04-04 21:00:00,2020-04-04,596,30,39,26,0
19106,4846,565,2020-04-03 21:00:00,2020-04-03,989,29,60,25,833
18117,4013,505,2020-04-02 21:00:00,2020-04-02,1512,28,72,24,1046
16605,2967,433,2020-04-01 21:00:00,2020-04-01,683,27,74,23,1144
15922,1823,359,2020-03-31 21:00:00,2020-03-31,853,26,47,22,0
15069,1823,312,2020-03-30 21:00:00,2020-03-30,717,25,30,21,228
14352,1595,282,2020-03-29 21:00:00,2020-03-29,1126,24,42,20,65
13226,1530,240,2020-03-28 21:00:00,2020-03-28,1275,23,43,19,633
11951,897,197,2020-03-27 21:10:00,2020-03-27,516,22,32,18,766
11435,131,165,2020-03-26 22:20:00,2020-03-26,979,21,20,17,0
10456,131,145,2020-03-25 23:20:00,2020-03-25,1339,20,23,16,0
9117,131,122,2020-03-24 21:20:00,2020-03-24,883,19,15,15,0
8234,131,107,2020-03-23 21:40:00,2020-03-23,1371,18,27,14,0
6863,131,80,2020-03-22 21:00:00,2020-03-22,1247,17,23,13,116
5616,15,57,2020-03-21 21:00:00,2020-03-21,1394,16,14,12,0
4222,15,43,2020-03-20 21:20:00,2020-03-20,1002,15,7,11,0
3220,15,36,2020-03-19 21:30:00,2020-03-19,478,14,9,10,0
2742,15,27,2020-03-18 22:00:00,2020-03-18,388,13,6,9,11
2354,4,21,2020-03-17 21:00:00,2020-03-17,137,12,7,8,0
2217,4,14,2020-03-16 21:00:00,2020-03-16,841,11,0,7,0
1376,4,14,2020-03-15 21:00:00,2020-03-15,1,10,1,6,0
1375,4,13,2020-03-14 21:00:00,2020-03-14,507,9,6,5,0
868,4,7,2020-03-13 21:00:00,2020-03-13,216,8,3,4,0
652,4,4,2020-03-12 21:00:00,2020-03-12,136,7,1,3,1
516,3,3,2020-03-11 21:00:00,2020-03-11,142,6,0,2,0
374,3,3,2020-03-10 21:00:00,2020-03-10,42,5,1,1,0
332,3,2,2020-03-09 21:00:00,2020-03-09,64,4,1,0,0
268,3,1,2020-03-08 21:00:00,2020-03-08,52,3,0,0,0
216,3,1,2020-03-07 21:00:00,2020-03-07,84,2,0,0,0
132,3,1,2020-03-06 21:00:00,2020-03-06,39,1,0,0,0
93,3,1,2020-03-05 21:00:00,2020-03-05,32,0,1,0,1
61,2,0,2020-03-04 21:00:00,2020-03-04,16,0,0,0,1
45,1,0,2020-03-03 21:00:00,2020-03-03,21,0,0,0,0
24,1,0,2020-03-02 21:00:00,2020-03-02,5,0,0,0,1
19,0,0,2020-03-01 21:00:00,2020-03-01,4,0,0,0,0
15,0,0,2020-02-29 21:00:00,2020-02-29,7,0,0,0,0
8,0,0,2020-02-28 21:00:00,2020-02-28,4,0,0,0,0
4,0,0,2020-02-27 21:00:00,2020-02-27,3,0,0,0,0
1,0,0,2020-02-26 21:00:00,2020-02-26,1,0,0,0,0
0,0,0,2020-02-25 21:00:00,2020-02-25,0,0,0,0,0
0,0,0,2020-02-24 21:00:00,2020-02-24,0,0,0,0,0
0,0,0,2020-02-23 21:00:00,2020-02-23,0,0,0,0,0
0,0,0,2020-02-22 21:00:00,2020-02-22,0,0,0,0,0
0,0,0,2020-02-21 21:00:00,2020-02-21,0,0,0,0,0
0,0,0,2020-02-20 21:00:00,2020-02-20,0,0,0,0,0
0,0,0,2020-02-19 21:00:00,2020-02-19,0,0,0,0,0
0,0,0,2020-02-18 21:00:00,2020-02-18,0,0,0,0,0
0,0,0,2020-02-17 21:00:00,2020-02-17,0,0,0,0,0
0,0,0,2020-02-16 21:00:00,2020-02-16,0,0,0,0,0
0,0,0,2020-02-15 21:00:00,2020-02-15,0,0,0,0,0
0,0,0,2020-02-14 21:00:00,2020-02-14,0,0,0,0,0
0,0,0,2020-02-13 21:00:00,2020-02-13,0,0,0,0,0
0,0,0,2020-02-12 21:00:00,2020-02-12,0,0,0,0,0
0,0,0,2020-02-11 20:30:00,2020-02-11,0,0,0,0,0
0,0,0,2020-02-10 21:00:00,2020-02-10,0,0,0,0,0
0,0,0,2020-02-09 21:00:00,2020-02-09,0,0,0,0,0
0,0,0,2020-02-08 21:00:00,2020-02-08,0,0,0,0,0
0,0,0,2020-02-07 21:00:00,2020-02-07,0,0,0,0,0
0,0,0,2020-02-06 21:00:00,2020-02-06,0,0,0,0,0
0,0,0,2020-02-05 21:00:00,2020-02-05,0,0,0,0,0
0,0,0,2020-02-04 20:00:00,2020-02-04,0,0,0,0,0
0,0,0,2020-02-03 20:00:00,2020-02-03,0,0,0,0,0
0,0,0,2020-02-02 20:00:00,2020-02-02,0,0,0,0,0
0,0,0,2020-02-01 10:00:00,2020-02-01,0,0,0,0,0
0,0,0,2020-01-31 12:30:00,2020-01-31,0,0,0,0,0
0,0,0,2020-01-30 12:00:00,2020-01-30,0,0,0,0,0
0,0,0,2020-01-29 14:00:00,2020-01-29,0,0,0,0,0
0,0,0,2020-01-28 11:30:00,2020-01-28,0,0,0,0,0
0,0,0,2020-01-27 14:00:00,2020-01-27,0,0,0,0,0
0,0,0,2020-01-26 13:00:00,2020-01-26,0,0,0,0,0
0,0,0,2020-01-25 15:00:00,2020-01-25,0,0,0,0,0
0,0,0,2020-01-24 15:00:00,2020-01-24,0,0,0,0,0
0,0,0,2020-01-23 15:00:00,2020-01-23,0,0,0,0,0
0,0,0,2020-01-22 15:00:00,2020-01-22,0,0,0,0,0
0,0,0,2020-01-21 15:00:00,2020-01-21,0,0,0,0,0
