Confirmed,Recovered,Deaths,Date_last_updated_AEDT,date_day,New,DayElapsed,New_death,DayElapsed_death,New_recover
476,443,7,2020-08-05 22:00:00,2020-08-05,0,141,0,129,2
476,441,7,2020-08-04 22:00:00,2020-08-04,1,140,0,128,0
475,441,7,2020-08-03 22:00:00,2020-08-03,0,139,0,127,0
475,441,7,2020-08-02 22:00:00,2020-08-02,1,138,0,126,0
474,441,7,2020-08-01 22:00:00,2020-08-01,7,137,0,125,0
467,441,7,2020-07-31 22:00:00,2020-07-31,0,136,0,124,0
467,441,7,2020-07-30 22:00:00,2020-07-30,0,135,0,123,0
467,441,7,2020-07-29 22:00:00,2020-07-29,0,134,0,122,1
467,440,7,2020-07-28 22:00:00,2020-07-28,5,133,0,121,0
462,440,7,2020-07-27 22:00:00,2020-07-27,4,132,0,120,0
458,440,7,2020-07-26 22:00:00,2020-07-26,0,131,0,119,0
458,440,7,2020-07-25 22:00:00,2020-07-25,0,130,0,118,0
458,440,7,2020-07-24 22:00:00,2020-07-24,3,129,0,117,0
455,440,7,2020-07-23 22:00:00,2020-07-23,0,128,0,116,0
455,440,7,2020-07-22 22:00:00,2020-07-22,0,127,0,115,0
455,440,7,2020-07-21 22:00:00,2020-07-21,0,126,0,114,0
455,440,7,2020-07-20 22:00:00,2020-07-20,0,125,0,113,0
455,440,7,2020-07-19 22:00:00,2020-07-19,1,124,0,112,0
454,440,7,2020-07-18 22:00:00,2020-07-18,0,123,0,111,0
454,440,7,2020-07-17 22:00:00,2020-07-17,2,122,0,110,0
452,440,7,2020-07-16 22:00:00,2020-07-16,1,121,0,109,0
451,440,7,2020-07-15 22:00:00,2020-07-15,0,120,0,108,0
451,440,7,2020-07-14 22:00:00,2020-07-14,0,119,0,107,0
451,440,7,2020-07-13 22:00:00,2020-07-13,0,118,0,106,2
451,438,7,2020-07-12 22:00:00,2020-07-12,0,117,0,105,0
451,438,7,2020-07-11 22:00:00,2020-07-11,0,116,0,104,0
451,438,7,2020-07-10 22:00:00,2020-07-10,2,115,0,103,0
449,438,7,2020-07-09 22:00:00,2020-07-09,0,114,0,102,0
449,438,7,2020-07-08 22:00:00,2020-07-08,0,113,0,101,0
449,438,7,2020-07-07 22:00:00,2020-07-07,0,112,0,100,0
449,438,7,2020-07-06 22:00:00,2020-07-06,0,111,0,99,0
449,438,7,2020-07-05 22:00:00,2020-07-05,0,110,0,98,0
449,438,7,2020-07-04 22:00:00,2020-07-04,0,109,0,97,0
449,438,7,2020-07-03 22:00:00,2020-07-03,1,108,0,96,0
448,438,7,2020-07-02 22:00:00,2020-07-02,1,107,0,95,0
447,438,7,2020-07-01 22:00:00,2020-07-01,0,106,0,94,1
447,437,7,2020-06-30 22:00:00,2020-06-30,0,105,0,93,2
447,435,7,2020-06-29 22:00:00,2020-06-29,0,104,0,92,0
447,435,7,2020-06-28 22:00:00,2020-06-28,0,103,0,91,0
447,435,7,2020-06-27 22:00:00,2020-06-27,0,102,0,90,0
447,435,7,2020-06-26 22:00:00,2020-06-26,0,101,0,89,0
447,435,7,2020-06-25 22:00:00,2020-06-25,1,100,0,88,0
446,435,7,2020-06-24 22:00:00,2020-06-24,0,99,0,87,0
446,435,7,2020-06-23 22:00:00,2020-06-23,0,98,0,86,1
446,434,7,2020-06-22 22:00:00,2020-06-22,0,97,0,85,0
446,434,7,2020-06-21 22:00:00,2020-06-21,0,96,0,84,0
446,434,7,2020-06-20 22:00:00,2020-06-20,0,95,0,83,0
446,434,7,2020-06-19 22:00:00,2020-06-19,0,94,0,82,0
446,434,7,2020-06-18 22:00:00,2020-06-18,1,93,0,81,0
445,434,7,2020-06-17 22:00:00,2020-06-17,0,92,0,80,1
445,433,7,2020-06-16 22:00:00,2020-06-16,0,91,0,79,0
445,433,7,2020-06-15 22:00:00,2020-06-15,2,90,0,78,2
443,431,7,2020-06-14 22:00:00,2020-06-14,0,89,0,77,0
443,431,7,2020-06-13 22:00:00,2020-06-13,0,88,0,76,0
443,431,7,2020-06-12 22:00:00,2020-06-12,0,87,0,75,0
443,431,7,2020-06-11 22:00:00,2020-06-11,0,86,0,74,0
443,431,7,2020-06-10 22:00:00,2020-06-10,0,85,0,73,1
443,430,7,2020-06-09 22:00:00,2020-06-09,0,84,0,72,0
443,430,7,2020-06-08 22:00:00,2020-06-08,0,83,0,71,0
443,430,7,2020-06-07 22:00:00,2020-06-07,0,82,0,70,1
443,429,7,2020-06-06 22:00:00,2020-06-06,0,81,0,69,0
443,429,7,2020-06-05 22:00:00,2020-06-05,0,80,0,68,1
443,428,7,2020-06-04 22:00:00,2020-06-04,0,79,0,67,0
443,428,7,2020-06-03 22:00:00,2020-06-03,0,78,0,66,1
443,427,7,2020-06-02 22:00:00,2020-06-02,0,77,0,65,0
443,427,7,2020-06-01 22:00:00,2020-06-01,1,76,0,64,4
442,423,7,2020-05-31 22:00:00,2020-05-31,0,75,0,63,2
442,421,7,2020-05-30 22:00:00,2020-05-30,0,74,0,62,1
442,420,7,2020-05-29 22:00:00,2020-05-29,1,73,0,61,0
441,420,7,2020-05-28 22:00:00,2020-05-28,0,72,0,60,1
441,419,7,2020-05-27 22:00:00,2020-05-27,0,71,0,59,3
441,416,7,2020-05-26 22:00:00,2020-05-26,0,70,0,58,1
441,415,7,2020-05-25 22:00:00,2020-05-25,0,69,0,57,1
441,414,7,2020-05-24 22:00:00,2020-05-24,0,68,0,56,3
441,411,7,2020-05-23 22:00:00,2020-05-23,0,67,0,55,3
441,408,7,2020-05-22 22:00:00,2020-05-22,0,66,0,54,1
441,407,7,2020-05-21 22:00:00,2020-05-21,1,65,0,53,5
440,402,7,2020-05-20 22:00:00,2020-05-20,0,64,0,52,1
440,401,7,2020-05-19 22:00:00,2020-05-19,0,63,0,51,3
440,398,7,2020-05-18 22:00:00,2020-05-18,0,62,0,50,3
440,395,7,2020-05-17 22:00:00,2020-05-17,0,61,0,49,6
440,389,7,2020-05-16 22:00:00,2020-05-16,0,60,0,48,2
440,387,7,2020-05-15 22:00:00,2020-05-15,0,59,0,47,4
440,383,7,2020-05-14 22:00:00,2020-05-14,0,58,0,46,8
440,375,7,2020-05-13 22:00:00,2020-05-13,0,57,0,45,3
440,372,7,2020-05-12 22:00:00,2020-05-12,0,56,0,44,4
440,368,7,2020-05-11 22:00:00,2020-05-11,0,55,1,43,2
440,366,6,2020-05-10 22:00:00,2020-05-10,0,54,0,42,5
440,361,6,2020-05-09 22:00:00,2020-05-09,0,53,0,41,6
440,355,6,2020-05-08 22:00:00,2020-05-08,0,52,0,40,8
440,347,6,2020-05-07 22:00:00,2020-05-07,1,51,0,39,8
439,339,6,2020-05-06 22:00:00,2020-05-06,1,50,0,38,5
438,334,6,2020-05-05 22:00:00,2020-05-05,0,49,0,37,0
438,334,6,2020-05-04 22:00:00,2020-05-04,6,48,0,36,2
432,332,6,2020-05-03 22:00:00,2020-05-03,0,47,0,35,8
432,324,6,2020-05-02 22:00:00,2020-05-02,3,46,0,34,0
429,324,6,2020-05-01 22:00:00,2020-05-01,0,45,0,33,2
429,322,6,2020-04-30 22:00:00,2020-04-30,0,44,0,32,11
429,311,6,2020-04-29 22:00:00,2020-04-29,0,43,0,31,4
429,307,6,2020-04-28 22:00:00,2020-04-28,0,42,0,30,17
429,290,6,2020-04-27 22:00:00,2020-04-27,0,41,0,29,9
429,281,6,2020-04-26 22:00:00,2020-04-26,0,40,0,28,6
429,275,6,2020-04-25 22:00:00,2020-04-25,1,39,0,27,11
428,264,6,2020-04-24 22:00:00,2020-04-24,1,38,0,26,11
427,253,6,2020-04-23 22:00:00,2020-04-23,1,37,0,25,17
426,236,6,2020-04-22 22:00:00,2020-04-22,1,36,0,24,19
425,217,6,2020-04-21 22:00:00,2020-04-21,3,35,0,23,14
422,203,6,2020-04-20 22:00:00,2020-04-20,2,34,0,22,14
420,189,6,2020-04-19 22:00:00,2020-04-19,22,33,0,21,11
398,178,6,2020-04-18 22:00:00,2020-04-18,3,32,0,20,12
395,166,6,2020-04-17 22:00:00,2020-04-17,0,31,0,19,11
395,155,6,2020-04-16 22:00:00,2020-04-16,0,30,0,18,18
395,137,6,2020-04-15 22:00:00,2020-04-15,2,29,0,17,13
393,124,6,2020-04-14 22:00:00,2020-04-14,0,28,0,16,10
393,114,6,2020-04-13 22:00:00,2020-04-13,5,27,0,15,5
388,109,6,2020-04-12 22:00:00,2020-04-12,3,26,0,14,10
385,99,6,2020-04-11 22:00:00,2020-04-11,3,25,0,13,8
382,91,6,2020-04-10 22:00:00,2020-04-10,2,24,1,12,11
380,80,5,2020-04-09 22:00:00,2020-04-09,1,23,0,11,13
379,67,5,2020-04-08 22:00:00,2020-04-08,3,22,0,10,6
376,61,5,2020-04-07 22:00:00,2020-04-07,3,21,0,9,4
373,57,5,2020-04-06 22:00:00,2020-04-06,10,20,0,8,3
363,54,5,2020-04-05 22:00:00,2020-04-05,8,19,0,7,4
355,50,5,2020-04-04 21:00:00,2020-04-04,7,18,0,6,0
348,50,5,2020-04-03 21:00:00,2020-04-03,9,17,0,5,0
339,50,5,2020-04-02 21:00:00,2020-04-02,10,16,0,4,5
329,45,5,2020-04-01 21:00:00,2020-04-01,7,15,0,3,6
322,39,5,2020-03-31 21:00:00,2020-03-31,16,14,0,2,0
306,39,5,2020-03-30 21:00:00,2020-03-30,8,13,3,1,9
298,30,2,2020-03-29 21:00:00,2020-03-29,15,12,0,0,0
283,30,2,2020-03-28 21:00:00,2020-03-28,16,11,0,0,0
267,30,2,2020-03-27 21:10:00,2020-03-27,15,10,0,0,1
252,29,2,2020-03-26 22:20:00,2020-03-26,17,9,0,0,0
235,29,2,2020-03-25 23:20:00,2020-03-25,20,8,0,0,0
215,29,2,2020-03-24 21:20:00,2020-03-24,20,7,0,0,1
195,28,2,2020-03-23 21:40:00,2020-03-23,42,6,0,0,0
153,28,2,2020-03-22 21:00:00,2020-03-22,0,5,0,0,0
153,28,2,2020-03-21 21:00:00,2020-03-21,18,4,0,0,0
135,28,2,2020-03-20 21:20:00,2020-03-20,27,3,1,0,2
108,26,1,2020-03-19 21:30:00,2020-03-19,8,2,0,0,6
100,20,1,2020-03-18 22:00:00,2020-03-18,23,1,0,0,0
77,20,1,2020-03-17 21:00:00,2020-03-17,18,0,0,0,0
59,20,1,2020-03-16 21:00:00,2020-03-16,0,0,0,0,0
59,20,1,2020-03-15 21:00:00,2020-03-15,6,0,0,0,0
53,20,1,2020-03-14 21:00:00,2020-03-14,3,0,0,0,0
50,20,1,2020-03-13 21:00:00,2020-03-13,1,0,0,0,0
49,20,1,2020-03-12 21:00:00,2020-03-12,1,0,0,0,3
48,17,1,2020-03-11 21:00:00,2020-03-11,3,0,0,0,2
45,15,1,2020-03-10 21:00:00,2020-03-10,0,0,0,0,0
45,15,1,2020-03-09 21:00:00,2020-03-09,0,0,0,0,0
45,15,1,2020-03-08 21:00:00,2020-03-08,0,0,0,0,0
45,15,1,2020-03-07 21:00:00,2020-03-07,1,0,0,0,3
44,12,1,2020-03-06 21:00:00,2020-03-06,2,0,0,0,0
42,12,1,2020-03-05 21:00:00,2020-03-05,0,0,0,0,0
42,12,1,2020-03-04 21:00:00,2020-03-04,0,0,0,0,0
42,12,1,2020-03-03 21:00:00,2020-03-03,1,0,0,0,0
41,12,1,2020-03-02 21:00:00,2020-03-02,1,0,0,0,3
40,9,1,2020-03-01 21:00:00,2020-03-01,1,0,0,0,0
39,9,1,2020-02-29 21:00:00,2020-02-29,5,0,0,0,3
34,6,1,2020-02-28 21:00:00,2020-02-28,2,0,0,0,1
32,5,1,2020-02-27 21:00:00,2020-02-27,0,0,0,0,0
32,5,1,2020-02-26 21:00:00,2020-02-26,2,0,0,0,0
30,5,1,2020-02-25 21:00:00,2020-02-25,0,0,0,0,0
30,5,1,2020-02-24 21:00:00,2020-02-24,2,0,0,0,3
28,2,1,2020-02-23 21:00:00,2020-02-23,2,0,0,0,0
26,2,1,2020-02-22 21:00:00,2020-02-22,0,0,0,0,0
26,2,1,2020-02-21 21:00:00,2020-02-21,2,0,0,0,0
24,2,1,2020-02-20 21:00:00,2020-02-20,1,0,0,0,0
23,2,1,2020-02-19 21:00:00,2020-02-19,1,0,0,0,0
22,2,1,2020-02-18 21:00:00,2020-02-18,2,0,0,0,0
20,2,1,2020-02-17 21:00:00,2020-02-17,2,0,1,0,0
18,2,0,2020-02-16 21:00:00,2020-02-16,0,0,0,0,0
18,2,0,2020-02-15 21:00:00,2020-02-15,0,0,0,0,0
18,2,0,2020-02-14 21:00:00,2020-02-14,0,0,0,0,1
18,1,0,2020-02-13 21:00:00,2020-02-13,0,0,0,0,0
18,1,0,2020-02-12 21:00:00,2020-02-12,0,0,0,0,0
18,1,0,2020-02-11 20:30:00,2020-02-11,0,0,0,0,0
18,1,0,2020-02-10 21:00:00,2020-02-10,0,0,0,0,0
18,1,0,2020-02-09 21:00:00,2020-02-09,1,0,0,0,0
17,1,0,2020-02-08 21:00:00,2020-02-08,1,0,0,0,0
16,1,0,2020-02-07 21:00:00,2020-02-07,3,0,0,0,1
13,0,0,2020-02-06 21:00:00,2020-02-06,2,0,0,0,0
11,0,0,2020-02-05 21:00:00,2020-02-05,1,0,0,0,0
10,0,0,2020-02-04 20:00:00,2020-02-04,0,0,0,0,0
10,0,0,2020-02-03 20:00:00,2020-02-03,0,0,0,0,0
10,0,0,2020-02-02 20:00:00,2020-02-02,0,0,0,0,0
10,0,0,2020-02-01 10:00:00,2020-02-01,1,0,0,0,0
9,0,0,2020-01-31 12:30:00,2020-01-31,1,0,0,0,0
8,0,0,2020-01-30 12:00:00,2020-01-30,0,0,0,0,0
8,0,0,2020-01-29 14:00:00,2020-01-29,3,0,0,0,0
5,0,0,2020-01-28 11:30:00,2020-01-28,1,0,0,0,0
4,0,0,2020-01-27 14:00:00,2020-01-27,1,0,0,0,0
3,0,0,2020-01-26 13:00:00,2020-01-26,0,0,0,0,0
3,0,0,2020-01-25 15:00:00,2020-01-25,2,0,0,0,0
1,0,0,2020-01-24 15:00:00,2020-01-24,0,0,0,0,0
1,0,0,2020-01-23 15:00:00,2020-01-23,1,0,0,0,0
0,0,0,2020-01-22 15:00:00,2020-01-22,0,0,0,0,0
0,0,0,2020-01-21 15:00:00,2020-01-21,0,0,0,0,0
