Confirmed,Recovered,Deaths,Date_last_updated_AEDT,date_day,New,DayElapsed,New_death,DayElapsed_death,New_recover
373194,203826,4636,2020-07-24 22:00:00,2020-07-24,9485,129,183,128,8511
363709,195315,4453,2020-07-23 22:00:00,2020-07-23,10576,128,169,127,8151
353133,187164,4284,2020-07-22 22:00:00,2020-07-22,9350,127,178,126,8229
343783,178935,4106,2020-07-21 22:00:00,2020-07-21,8526,126,94,125,5714
335257,173221,4012,2020-07-20 22:00:00,2020-07-20,8151,125,73,124,2810
327106,170411,3939,2020-07-19 22:00:00,2020-07-19,9338,124,119,123,5711
317768,164700,3820,2020-07-18 22:00:00,2020-07-18,11914,123,163,122,8763
305854,155937,3657,2020-07-17 22:00:00,2020-07-17,14573,122,147,121,5746
291281,150191,3510,2020-07-16 22:00:00,2020-07-16,11704,121,148,120,7784
279577,142407,3362,2020-07-15 22:00:00,2020-07-15,9799,120,86,119,4247
269778,138160,3276,2020-07-14 22:00:00,2020-07-14,7016,119,60,118,5529
262762,132631,3216,2020-07-13 22:00:00,2020-07-13,7126,118,42,117,4727
255636,127904,3174,2020-07-12 22:00:00,2020-07-12,10880,117,112,116,4847
244756,123057,3062,2020-07-11 22:00:00,2020-07-11,8215,116,56,115,4709
236541,118348,3006,2020-07-10 22:00:00,2020-07-10,11612,115,131,114,4955
224929,113393,2875,2020-07-09 22:00:00,2020-07-09,8889,114,96,113,4908
216040,108485,2779,2020-07-08 22:00:00,2020-07-08,10398,113,102,112,4703
205642,103782,2677,2020-07-07 22:00:00,2020-07-07,10710,112,49,111,2939
194932,100843,2628,2020-07-06 22:00:00,2020-07-06,2779,111,21,110,3413
192153,97430,2607,2020-07-05 22:00:00,2020-07-05,6562,110,15,109,3834
185591,93596,2592,2020-07-04 22:00:00,2020-07-04,6454,109,50,108,2863
179137,90733,2542,2020-07-03 22:00:00,2020-07-03,6651,108,39,107,1621
172486,89112,2503,2020-07-02 22:00:00,2020-07-02,9426,107,48,106,4102
163060,85010,2455,2020-07-01 22:00:00,2020-07-01,6354,106,49,105,3593
156706,81417,2406,2020-06-30 22:00:00,2020-06-30,6554,105,4,104,1443
150152,79974,2402,2020-06-29 22:00:00,2020-06-29,4258,104,14,103,1555
145894,78419,2388,2020-06-28 22:00:00,2020-06-28,5721,103,33,102,2137
140173,76282,2355,2020-06-27 22:00:00,2020-06-27,5615,102,38,101,1756
134558,74526,2317,2020-06-26 22:00:00,2020-06-26,6426,101,47,100,1572
128132,72954,2270,2020-06-25 22:00:00,2020-06-25,5200,100,34,99,2240
122932,70714,2236,2020-06-24 22:00:00,2020-06-24,5142,99,29,98,1540
117790,69174,2207,2020-06-23 22:00:00,2020-06-23,4846,98,16,97,675
112944,68499,2191,2020-06-22 22:00:00,2020-06-22,3363,97,8,96,1403
109581,67096,2183,2020-06-21 22:00:00,2020-06-21,4093,96,24,95,1767
105488,65329,2159,2020-06-20 22:00:00,2020-06-20,4229,95,30,94,1517
101259,63812,2129,2020-06-19 22:00:00,2020-06-19,3560,94,40,93,1293
97699,62519,2089,2020-06-18 22:00:00,2020-06-18,4130,93,40,92,1838
93569,60681,2049,2020-06-17 22:00:00,2020-06-17,3358,92,48,91,1570
90211,59111,2001,2020-06-16 22:00:00,2020-06-16,1688,91,17,90,770
88523,58341,1984,2020-06-15 22:00:00,2020-06-15,1608,90,13,89,1806
86915,56535,1971,2020-06-14 22:00:00,2020-06-14,1988,89,15,88,1208
84927,55327,1956,2020-06-13 22:00:00,2020-06-13,2269,88,26,87,1231
82658,54096,1930,2020-06-12 22:00:00,2020-06-12,1881,87,25,86,1543
80777,52553,1905,2020-06-11 22:00:00,2020-06-11,2647,86,38,85,1413
78130,51140,1867,2020-06-10 22:00:00,2020-06-10,1667,85,19,84,701
76463,50439,1848,2020-06-09 22:00:00,2020-06-09,1055,84,7,83,648
75408,49791,1841,2020-06-08 22:00:00,2020-06-08,938,83,8,82,750
74470,49041,1833,2020-06-07 22:00:00,2020-06-07,1922,82,21,81,0
72548,49041,1812,2020-06-06 22:00:00,2020-06-06,1993,81,36,80,2242
70555,46799,1776,2020-06-05 22:00:00,2020-06-05,1678,80,32,79,941
68877,45858,1744,2020-06-04 22:00:00,2020-06-04,1567,79,28,78,1341
67310,44517,1716,2020-06-03 22:00:00,2020-06-03,1717,78,33,77,1179
65593,43338,1683,2020-06-02 22:00:00,2020-06-02,941,77,8,76,915
64652,42423,1675,2020-06-01 22:00:00,2020-06-01,1758,76,18,75,772
62894,41651,1657,2020-05-31 22:00:00,2020-05-31,1264,75,22,74,1583
61630,40068,1635,2020-05-30 22:00:00,2020-05-30,1214,74,24,73,1155
60416,38913,1611,2020-05-29 22:00:00,2020-05-29,1874,73,30,72,1287
58542,37626,1581,2020-05-28 22:00:00,2020-05-28,1312,72,35,71,1251
57230,36375,1546,2020-05-27 22:00:00,2020-05-27,821,71,13,70,1083
56409,35292,1533,2020-05-26 22:00:00,2020-05-26,524,70,5,69,1907
55885,33385,1528,2020-05-25 22:00:00,2020-05-25,1109,69,50,68,0
54776,33385,1478,2020-05-24 22:00:00,2020-05-24,1237,68,8,67,1108
53539,32277,1470,2020-05-23 22:00:00,2020-05-23,486,67,10,66,1054
53053,31223,1460,2020-05-22 22:00:00,2020-05-22,1380,66,34,65,882
51673,30341,1426,2020-05-21 22:00:00,2020-05-21,1121,65,38,64,969
50552,29372,1388,2020-05-20 22:00:00,2020-05-20,1337,64,36,63,987
49215,28385,1352,2020-05-19 22:00:00,2020-05-19,819,63,9,62,452
48396,27933,1343,2020-05-18 22:00:00,2020-05-18,944,62,25,61,1681
47452,26252,1318,2020-05-17 22:00:00,2020-05-17,1587,61,34,60,741
45865,25511,1284,2020-05-16 22:00:00,2020-05-16,1380,60,49,59,911
44485,24600,1235,2020-05-15 22:00:00,2020-05-15,1465,59,63,58,1059
43020,23541,1172,2020-05-14 22:00:00,2020-05-14,1287,58,21,57,842
41733,22699,1151,2020-05-13 22:00:00,2020-05-13,1143,57,33,56,893
40590,21806,1118,2020-05-12 22:00:00,2020-05-12,1332,56,24,55,784
39258,21022,1094,2020-05-11 22:00:00,2020-05-11,864,55,28,54,847
38394,20175,1066,2020-05-10 22:00:00,2020-05-10,1148,54,41,53,5138
37246,15037,1025,2020-05-09 22:00:00,2020-05-09,1199,53,40,52,171
36047,14866,985,2020-05-08 22:00:00,2020-05-08,1119,52,31,51,318
34928,14548,954,2020-05-07 22:00:00,2020-05-07,1016,51,29,50,143
33912,14405,925,2020-05-06 22:00:00,2020-05-06,1100,50,23,49,89
32812,14316,902,2020-05-05 22:00:00,2020-05-05,814,49,24,48,93
31998,14223,878,2020-05-04 22:00:00,2020-05-04,858,48,13,47,94
31140,14129,865,2020-05-03 22:00:00,2020-05-03,1203,47,24,46,289
29937,13840,841,2020-05-02 22:00:00,2020-05-02,1209,46,29,45,380
28728,13460,812,2020-05-01 22:00:00,2020-05-01,1338,45,53,44,715
27390,12745,759,2020-04-30 22:00:00,2020-04-30,1033,44,40,43,3060
26357,9685,719,2020-04-29 22:00:00,2020-04-29,1036,43,53,42,458
25321,9227,666,2020-04-28 22:00:00,2020-04-28,353,42,15,41,0
24968,9227,651,2020-04-27 22:00:00,2020-04-27,811,41,13,40,9
24157,9218,638,2020-04-26 22:00:00,2020-04-26,515,40,14,39,2
23642,9216,624,2020-04-25 22:00:00,2020-04-25,992,39,20,38,1191
22650,8025,604,2020-04-24 22:00:00,2020-04-24,876,38,35,37,666
21774,7359,569,2020-04-23 22:00:00,2020-04-23,799,37,24,36,915
20975,6444,545,2020-04-22 22:00:00,2020-04-22,888,36,25,35,737
20087,5707,520,2020-04-21 22:00:00,2020-04-21,677,35,20,34,173
19410,5534,500,2020-04-20 22:00:00,2020-04-20,505,34,17,33,728
18905,4806,483,2020-04-19 22:00:00,2020-04-19,827,33,24,32,604
18078,4202,459,2020-04-18 22:00:00,2020-04-18,815,32,30,31,525
17263,3677,429,2020-04-17 22:00:00,2020-04-17,974,31,38,30,527
16289,3150,391,2020-04-16 22:00:00,2020-04-16,946,30,29,29,473
15343,2677,362,2020-04-15 22:00:00,2020-04-15,838,29,45,28,273
14505,2404,317,2020-04-14 22:00:00,2020-04-14,619,28,21,27,336
13886,2068,296,2020-04-13 22:00:00,2020-04-13,532,27,23,26,180
13354,1888,273,2020-04-12 22:00:00,2020-04-12,957,26,25,25,179
12397,1709,248,2020-04-11 22:00:00,2020-04-11,914,25,25,24,344
11483,1365,223,2020-04-10 22:00:00,2020-04-10,1406,24,30,23,171
10077,1194,193,2020-04-09 22:00:00,2020-04-09,873,23,17,22,218
9204,976,176,2020-04-08 22:00:00,2020-04-08,1047,22,23,21,213
8157,763,153,2020-04-07 22:00:00,2020-04-07,863,21,13,20,79
7294,684,140,2020-04-06 22:00:00,2020-04-06,422,20,18,19,44
6872,640,122,2020-04-05 22:00:00,2020-04-05,842,19,18,18,112
6030,528,104,2020-04-04 21:00:00,2020-04-04,777,18,18,17,151
5253,377,86,2020-04-03 21:00:00,2020-04-03,646,17,18,16,123
4607,254,68,2020-04-02 21:00:00,2020-04-02,682,16,10,15,254
3925,0,58,2020-04-01 21:00:00,2020-04-01,579,15,10,14,0
3346,0,48,2020-03-31 21:00:00,2020-03-31,520,14,11,13,0
2826,0,37,2020-03-30 21:00:00,2020-03-30,292,13,3,12,0
2534,0,34,2020-03-29 21:00:00,2020-03-29,525,12,8,11,0
2009,0,26,2020-03-28 21:00:00,2020-03-28,351,11,2,10,0
1658,0,24,2020-03-27 21:10:00,2020-03-27,311,10,7,9,0
1347,0,17,2020-03-26 22:20:00,2020-03-26,320,9,4,8,0
1027,0,13,2020-03-25 23:20:00,2020-03-25,224,8,4,7,0
803,0,9,2020-03-24 21:20:00,2020-03-24,135,7,1,6,0
668,0,8,2020-03-23 21:40:00,2020-03-23,111,6,3,5,0
557,0,5,2020-03-22 21:00:00,2020-03-22,127,5,0,4,0
430,0,5,2020-03-21 21:00:00,2020-03-21,109,4,0,3,0
321,0,5,2020-03-20 21:20:00,2020-03-20,98,3,2,2,0
223,0,3,2020-03-19 21:30:00,2020-03-19,91,2,1,1,0
132,0,2,2020-03-18 22:00:00,2020-03-18,37,1,1,0,0
95,0,1,2020-03-17 21:00:00,2020-03-17,19,0,1,0,0
76,0,0,2020-03-16 21:00:00,2020-03-16,13,0,0,0,0
63,0,0,2020-03-15 21:00:00,2020-03-15,14,0,0,0,0
49,0,0,2020-03-14 21:00:00,2020-03-14,17,0,0,0,0
32,0,0,2020-03-13 21:00:00,2020-03-13,9,0,0,0,0
23,0,0,2020-03-12 21:00:00,2020-03-12,2,0,0,0,0
21,0,0,2020-03-11 21:00:00,2020-03-11,8,0,0,0,0
13,0,0,2020-03-10 21:00:00,2020-03-10,0,0,0,0,0
13,0,0,2020-03-09 21:00:00,2020-03-09,0,0,0,0,0
13,0,0,2020-03-08 21:00:00,2020-03-08,0,0,0,0,0
13,0,0,2020-03-07 21:00:00,2020-03-07,6,0,0,0,0
7,0,0,2020-03-06 21:00:00,2020-03-06,2,0,0,0,0
5,0,0,2020-03-05 21:00:00,2020-03-05,1,0,0,0,0
4,0,0,2020-03-04 21:00:00,2020-03-04,0,0,0,0,0
4,0,0,2020-03-03 21:00:00,2020-03-03,3,0,0,0,0
1,0,0,2020-03-02 21:00:00,2020-03-02,0,0,0,0,0
1,0,0,2020-03-01 21:00:00,2020-03-01,0,0,0,0,0
1,0,0,2020-02-29 21:00:00,2020-02-29,0,0,0,0,0
1,0,0,2020-02-28 21:00:00,2020-02-28,0,0,0,0,0
1,0,0,2020-02-27 21:00:00,2020-02-27,0,0,0,0,0
1,0,0,2020-02-26 21:00:00,2020-02-26,0,0,0,0,0
1,0,0,2020-02-25 21:00:00,2020-02-25,0,0,0,0,0
1,0,0,2020-02-24 21:00:00,2020-02-24,0,0,0,0,0
1,0,0,2020-02-23 21:00:00,2020-02-23,0,0,0,0,0
1,0,0,2020-02-22 21:00:00,2020-02-22,0,0,0,0,0
1,0,0,2020-02-21 21:00:00,2020-02-21,0,0,0,0,0
1,0,0,2020-02-20 21:00:00,2020-02-20,0,0,0,0,0
1,0,0,2020-02-19 21:00:00,2020-02-19,0,0,0,0,0
1,0,0,2020-02-18 21:00:00,2020-02-18,0,0,0,0,0
1,0,0,2020-02-17 21:00:00,2020-02-17,0,0,0,0,0
1,0,0,2020-02-16 21:00:00,2020-02-16,0,0,0,0,0
1,0,0,2020-02-15 21:00:00,2020-02-15,0,0,0,0,0
1,0,0,2020-02-14 21:00:00,2020-02-14,1,0,0,0,0
0,0,0,2020-02-13 21:00:00,2020-02-13,0,0,0,0,0
0,0,0,2020-02-12 21:00:00,2020-02-12,0,0,0,0,0
0,0,0,2020-02-11 20:30:00,2020-02-11,0,0,0,0,0
0,0,0,2020-02-10 21:00:00,2020-02-10,0,0,0,0,0
0,0,0,2020-02-09 21:00:00,2020-02-09,0,0,0,0,0
0,0,0,2020-02-08 21:00:00,2020-02-08,0,0,0,0,0
0,0,0,2020-02-07 21:00:00,2020-02-07,0,0,0,0,0
0,0,0,2020-02-06 21:00:00,2020-02-06,0,0,0,0,0
0,0,0,2020-02-05 21:00:00,2020-02-05,0,0,0,0,0
0,0,0,2020-02-04 20:00:00,2020-02-04,0,0,0,0,0
0,0,0,2020-02-03 20:00:00,2020-02-03,0,0,0,0,0
0,0,0,2020-02-02 20:00:00,2020-02-02,0,0,0,0,0
0,0,0,2020-02-01 10:00:00,2020-02-01,0,0,0,0,0
0,0,0,2020-01-31 12:30:00,2020-01-31,0,0,0,0,0
0,0,0,2020-01-30 12:00:00,2020-01-30,0,0,0,0,0
0,0,0,2020-01-29 14:00:00,2020-01-29,0,0,0,0,0
0,0,0,2020-01-28 11:30:00,2020-01-28,0,0,0,0,0
0,0,0,2020-01-27 14:00:00,2020-01-27,0,0,0,0,0
0,0,0,2020-01-26 13:00:00,2020-01-26,0,0,0,0,0
0,0,0,2020-01-25 15:00:00,2020-01-25,0,0,0,0,0
0,0,0,2020-01-24 15:00:00,2020-01-24,0,0,0,0,0
0,0,0,2020-01-23 15:00:00,2020-01-23,0,0,0,0,0
0,0,0,2020-01-22 15:00:00,2020-01-22,0,0,0,0,0
0,0,0,2020-01-21 15:00:00,2020-01-21,0,0,0,0,0
