Confirmed,Recovered,Deaths,Date_last_updated_AEDT,date_day,New,DayElapsed,New_death,DayElapsed_death,New_recover
203,195,3,2020-07-15 22:00:00,2020-07-15,0,156,0,154,0
203,195,3,2020-07-14 22:00:00,2020-07-14,0,155,0,153,0
203,195,3,2020-07-13 22:00:00,2020-07-13,0,154,0,152,0
203,195,3,2020-07-12 22:00:00,2020-07-12,4,153,0,151,0
199,195,3,2020-07-11 22:00:00,2020-07-11,0,152,0,150,0
199,195,3,2020-07-10 22:00:00,2020-07-10,0,151,0,149,0
199,195,3,2020-07-09 22:00:00,2020-07-09,0,150,0,148,1
199,194,3,2020-07-08 22:00:00,2020-07-08,0,149,0,147,0
199,194,3,2020-07-07 22:00:00,2020-07-07,0,148,0,146,0
199,194,3,2020-07-06 22:00:00,2020-07-06,0,147,0,145,0
199,194,3,2020-07-05 22:00:00,2020-07-05,0,146,0,144,0
199,194,3,2020-07-04 22:00:00,2020-07-04,1,145,0,143,0
198,194,3,2020-07-03 22:00:00,2020-07-03,0,144,0,142,0
198,194,3,2020-07-02 22:00:00,2020-07-02,0,143,0,141,0
198,194,3,2020-07-01 22:00:00,2020-07-01,0,142,0,140,0
198,194,3,2020-06-30 22:00:00,2020-06-30,0,141,0,139,0
198,194,3,2020-06-29 22:00:00,2020-06-29,0,140,0,138,1
198,193,3,2020-06-28 22:00:00,2020-06-28,0,139,0,137,0
198,193,3,2020-06-27 22:00:00,2020-06-27,0,138,0,136,0
198,193,3,2020-06-26 22:00:00,2020-06-26,0,137,0,135,1
198,192,3,2020-06-25 22:00:00,2020-06-25,0,136,0,134,0
198,192,3,2020-06-24 22:00:00,2020-06-24,0,135,0,133,0
198,192,3,2020-06-23 22:00:00,2020-06-23,0,134,0,132,1
198,191,3,2020-06-22 22:00:00,2020-06-22,1,133,0,131,0
197,191,3,2020-06-21 22:00:00,2020-06-21,0,132,0,130,0
197,191,3,2020-06-20 22:00:00,2020-06-20,0,131,0,129,0
197,191,3,2020-06-19 22:00:00,2020-06-19,0,130,0,128,0
197,191,3,2020-06-18 22:00:00,2020-06-18,1,129,0,127,2
196,189,3,2020-06-17 22:00:00,2020-06-17,0,128,0,126,0
196,189,3,2020-06-16 22:00:00,2020-06-16,0,127,0,125,0
196,189,3,2020-06-15 22:00:00,2020-06-15,0,126,0,124,0
196,189,3,2020-06-14 22:00:00,2020-06-14,0,125,0,123,0
196,189,3,2020-06-13 22:00:00,2020-06-13,0,124,0,122,0
196,189,3,2020-06-12 22:00:00,2020-06-12,1,123,0,121,0
195,189,3,2020-06-11 22:00:00,2020-06-11,1,122,0,120,0
194,189,3,2020-06-10 22:00:00,2020-06-10,1,121,0,119,0
193,189,3,2020-06-09 22:00:00,2020-06-09,0,120,0,118,0
193,189,3,2020-06-08 22:00:00,2020-06-08,0,119,0,117,0
193,189,3,2020-06-07 22:00:00,2020-06-07,1,118,0,116,0
192,189,3,2020-06-06 22:00:00,2020-06-06,0,117,0,115,0
192,189,3,2020-06-05 22:00:00,2020-06-05,0,116,0,114,1
192,188,3,2020-06-04 22:00:00,2020-06-04,0,115,0,113,0
192,188,3,2020-06-03 22:00:00,2020-06-03,0,114,0,112,0
192,188,3,2020-06-02 22:00:00,2020-06-02,0,113,0,111,0
192,188,3,2020-06-01 22:00:00,2020-06-01,0,112,0,110,0
192,188,3,2020-05-31 22:00:00,2020-05-31,0,111,0,109,0
192,188,3,2020-05-30 22:00:00,2020-05-30,0,110,0,108,0
192,188,3,2020-05-29 22:00:00,2020-05-29,0,109,0,107,0
192,188,3,2020-05-28 22:00:00,2020-05-28,0,108,0,106,0
192,188,3,2020-05-27 22:00:00,2020-05-27,0,107,0,105,0
192,188,3,2020-05-26 22:00:00,2020-05-26,0,106,0,104,0
192,188,3,2020-05-25 22:00:00,2020-05-25,0,105,0,103,1
192,187,3,2020-05-24 22:00:00,2020-05-24,0,104,0,102,0
192,187,3,2020-05-23 22:00:00,2020-05-23,0,103,0,101,0
192,187,3,2020-05-22 22:00:00,2020-05-22,0,102,0,100,0
192,187,3,2020-05-21 22:00:00,2020-05-21,0,101,0,99,0
192,187,3,2020-05-20 22:00:00,2020-05-20,0,100,0,98,0
192,187,3,2020-05-19 22:00:00,2020-05-19,0,99,0,97,0
192,187,3,2020-05-18 22:00:00,2020-05-18,0,98,0,96,0
192,187,3,2020-05-17 22:00:00,2020-05-17,1,97,0,95,0
191,187,3,2020-05-16 22:00:00,2020-05-16,0,96,0,94,0
191,187,3,2020-05-15 22:00:00,2020-05-15,0,95,0,93,0
191,187,3,2020-05-14 22:00:00,2020-05-14,0,94,0,92,1
191,186,3,2020-05-13 22:00:00,2020-05-13,0,93,0,91,0
191,186,3,2020-05-12 22:00:00,2020-05-12,0,92,0,90,0
191,186,3,2020-05-11 22:00:00,2020-05-11,0,91,0,89,0
191,186,3,2020-05-10 22:00:00,2020-05-10,0,90,0,88,0
191,186,3,2020-05-09 22:00:00,2020-05-09,0,89,0,87,0
191,186,3,2020-05-08 22:00:00,2020-05-08,1,88,0,86,0
190,186,3,2020-05-07 22:00:00,2020-05-07,0,87,0,85,0
190,186,3,2020-05-06 22:00:00,2020-05-06,0,86,0,84,0
190,186,3,2020-05-05 22:00:00,2020-05-05,0,85,0,83,0
190,186,3,2020-05-04 22:00:00,2020-05-04,0,84,0,82,0
190,186,3,2020-05-03 22:00:00,2020-05-03,0,83,0,81,1
190,185,3,2020-05-02 22:00:00,2020-05-02,0,82,0,80,1
190,184,3,2020-05-01 22:00:00,2020-05-01,0,81,0,79,1
190,183,3,2020-04-30 22:00:00,2020-04-30,0,80,0,78,0
190,183,3,2020-04-29 22:00:00,2020-04-29,0,79,0,77,1
190,182,3,2020-04-28 22:00:00,2020-04-28,0,78,0,76,0
190,182,3,2020-04-27 22:00:00,2020-04-27,0,77,0,75,1
190,181,3,2020-04-26 22:00:00,2020-04-26,0,76,0,74,0
190,181,3,2020-04-25 22:00:00,2020-04-25,1,75,0,73,2
189,179,3,2020-04-24 22:00:00,2020-04-24,0,74,0,72,1
189,178,3,2020-04-23 22:00:00,2020-04-23,0,73,0,71,2
189,176,3,2020-04-22 22:00:00,2020-04-22,0,72,0,70,2
189,174,3,2020-04-21 22:00:00,2020-04-21,0,71,0,69,0
189,174,3,2020-04-20 22:00:00,2020-04-20,0,70,0,68,1
189,173,3,2020-04-19 22:00:00,2020-04-19,0,69,0,67,0
189,173,3,2020-04-18 22:00:00,2020-04-18,3,68,0,66,1
186,172,3,2020-04-17 22:00:00,2020-04-17,1,67,0,65,1
185,171,3,2020-04-16 22:00:00,2020-04-16,0,66,0,64,3
185,168,3,2020-04-15 22:00:00,2020-04-15,0,65,0,63,4
185,164,3,2020-04-14 22:00:00,2020-04-14,1,64,0,62,3
184,161,3,2020-04-13 22:00:00,2020-04-13,1,63,0,61,0
183,161,3,2020-04-12 22:00:00,2020-04-12,0,62,0,60,3
183,158,3,2020-04-11 22:00:00,2020-04-11,1,61,0,59,4
182,154,3,2020-04-10 22:00:00,2020-04-10,1,60,0,58,2
181,152,3,2020-04-09 22:00:00,2020-04-09,1,59,0,57,0
180,152,3,2020-04-08 22:00:00,2020-04-08,0,58,0,56,1
180,151,3,2020-04-07 22:00:00,2020-04-07,0,57,0,55,7
180,144,3,2020-04-06 22:00:00,2020-04-06,0,56,0,54,0
180,144,3,2020-04-05 22:00:00,2020-04-05,0,55,0,53,4
180,140,3,2020-04-04 21:00:00,2020-04-04,1,54,0,52,0
179,140,3,2020-04-03 21:00:00,2020-04-03,3,53,0,51,5
176,135,3,2020-04-02 21:00:00,2020-04-02,2,52,0,50,0
174,135,3,2020-04-01 21:00:00,2020-04-01,0,51,0,49,2
174,133,3,2020-03-31 21:00:00,2020-03-31,0,50,0,48,0
174,133,3,2020-03-30 21:00:00,2020-03-30,8,49,0,47,0
166,133,3,2020-03-29 21:00:00,2020-03-29,5,48,0,46,0
161,133,3,2020-03-28 21:00:00,2020-03-28,9,47,0,45,0
152,133,3,2020-03-27 21:10:00,2020-03-27,5,46,0,44,0
147,133,3,2020-03-26 22:20:00,2020-03-26,2,45,0,43,0
145,133,3,2020-03-25 23:20:00,2020-03-25,3,44,0,42,0
142,133,3,2020-03-24 21:20:00,2020-03-24,1,43,0,41,0
141,133,3,2020-03-23 21:40:00,2020-03-23,4,42,0,40,0
137,133,3,2020-03-22 21:00:00,2020-03-22,0,41,0,39,0
137,133,3,2020-03-21 21:00:00,2020-03-21,0,40,0,38,0
137,133,3,2020-03-20 21:20:00,2020-03-20,1,39,0,37,0
136,133,3,2020-03-19 21:30:00,2020-03-19,0,38,0,36,0
136,133,3,2020-03-18 22:00:00,2020-03-18,0,37,0,35,0
136,133,3,2020-03-17 21:00:00,2020-03-17,0,36,0,34,0
136,133,3,2020-03-16 21:00:00,2020-03-16,0,35,0,33,0
136,133,3,2020-03-15 21:00:00,2020-03-15,0,34,0,32,1
136,132,3,2020-03-14 21:00:00,2020-03-14,0,33,0,31,0
136,132,3,2020-03-13 21:00:00,2020-03-13,0,32,0,30,0
136,132,3,2020-03-12 21:00:00,2020-03-12,0,31,0,29,1
136,131,3,2020-03-11 21:00:00,2020-03-11,0,30,0,28,0
136,131,3,2020-03-10 21:00:00,2020-03-10,0,29,0,27,1
136,130,3,2020-03-09 21:00:00,2020-03-09,0,28,0,26,2
136,128,3,2020-03-08 21:00:00,2020-03-08,0,27,0,25,0
136,128,3,2020-03-07 21:00:00,2020-03-07,0,26,0,24,0
136,128,3,2020-03-06 21:00:00,2020-03-06,0,25,0,23,0
136,128,3,2020-03-05 21:00:00,2020-03-05,0,24,0,22,4
136,124,3,2020-03-04 21:00:00,2020-03-04,0,23,0,21,6
136,118,3,2020-03-03 21:00:00,2020-03-03,0,22,0,20,7
136,111,3,2020-03-02 21:00:00,2020-03-02,0,21,0,19,2
136,109,3,2020-03-01 21:00:00,2020-03-01,0,20,0,18,4
136,105,3,2020-02-29 21:00:00,2020-02-29,0,19,0,17,3
136,102,3,2020-02-28 21:00:00,2020-02-28,1,18,0,16,6
135,96,3,2020-02-27 21:00:00,2020-02-27,0,17,0,15,5
135,91,3,2020-02-26 21:00:00,2020-02-26,0,16,0,14,4
135,87,3,2020-02-25 21:00:00,2020-02-25,0,15,0,13,6
135,81,3,2020-02-24 21:00:00,2020-02-24,0,14,0,12,6
135,75,3,2020-02-23 21:00:00,2020-02-23,0,13,0,11,11
135,64,3,2020-02-22 21:00:00,2020-02-22,3,12,0,10,5
132,59,3,2020-02-21 21:00:00,2020-02-21,2,11,0,9,5
130,54,3,2020-02-20 21:00:00,2020-02-20,2,10,0,8,6
128,48,3,2020-02-19 21:00:00,2020-02-19,1,9,0,7,2
127,46,3,2020-02-18 21:00:00,2020-02-18,2,8,0,6,1
125,45,3,2020-02-17 21:00:00,2020-02-17,1,7,0,5,8
124,37,3,2020-02-16 21:00:00,2020-02-16,3,6,0,4,4
121,33,3,2020-02-15 21:00:00,2020-02-15,1,5,0,3,12
120,21,3,2020-02-14 21:00:00,2020-02-14,3,4,0,2,10
117,11,3,2020-02-13 21:00:00,2020-02-13,7,3,1,1,1
110,10,2,2020-02-12 21:00:00,2020-02-12,6,2,0,0,0
104,10,2,2020-02-11 20:30:00,2020-02-11,10,1,1,0,6
94,4,1,2020-02-10 21:00:00,2020-02-10,4,0,0,0,0
90,4,1,2020-02-09 21:00:00,2020-02-09,2,0,0,0,0
88,4,1,2020-02-08 21:00:00,2020-02-08,7,0,0,0,2
81,2,1,2020-02-07 21:00:00,2020-02-07,3,0,0,0,0
78,2,1,2020-02-06 21:00:00,2020-02-06,9,0,0,0,0
69,2,1,2020-02-05 21:00:00,2020-02-05,3,0,1,0,1
66,1,0,2020-02-04 20:00:00,2020-02-04,10,0,0,0,0
56,1,0,2020-02-03 20:00:00,2020-02-03,8,0,0,0,0
48,1,0,2020-02-02 20:00:00,2020-02-02,16,0,0,0,1
32,0,0,2020-02-01 10:00:00,2020-02-01,0,0,0,0,0
32,0,0,2020-01-31 12:30:00,2020-01-31,5,0,0,0,0
27,0,0,2020-01-30 12:00:00,2020-01-30,2,0,0,0,0
25,0,0,2020-01-29 14:00:00,2020-01-29,2,0,0,0,0
23,0,0,2020-01-28 11:30:00,2020-01-28,9,0,0,0,0
14,0,0,2020-01-27 14:00:00,2020-01-27,1,0,0,0,0
13,0,0,2020-01-26 13:00:00,2020-01-26,5,0,0,0,0
8,0,0,2020-01-25 15:00:00,2020-01-25,3,0,0,0,0
5,0,0,2020-01-24 15:00:00,2020-01-24,1,0,0,0,0
4,0,0,2020-01-23 15:00:00,2020-01-23,0,0,0,0,0
4,0,0,2020-01-22 15:00:00,2020-01-22,2,0,0,0,0
2,0,0,2020-01-21 15:00:00,2020-01-21,0,0,0,0,0
