Confirmed,Recovered,Deaths,Date_last_updated_AEDT,date_day,New,DayElapsed,New_death,DayElapsed_death,New_recover
710,494,15,2020-07-11 22:00:00,2020-07-11,6,73,0,99,11
704,483,15,2020-07-10 22:00:00,2020-07-10,9,72,0,98,8
695,475,15,2020-07-09 22:00:00,2020-07-09,6,71,0,97,8
689,467,15,2020-07-08 22:00:00,2020-07-08,9,70,0,96,17
680,450,15,2020-07-07 22:00:00,2020-07-07,0,69,0,95,3
680,447,15,2020-07-06 22:00:00,2020-07-06,4,68,0,94,15
676,432,15,2020-07-05 22:00:00,2020-07-05,5,67,1,93,8
671,424,14,2020-07-04 22:00:00,2020-07-04,4,66,0,92,0
667,424,14,2020-07-03 22:00:00,2020-07-03,6,65,0,91,10
661,414,14,2020-07-02 22:00:00,2020-07-02,11,64,0,90,12
650,402,14,2020-07-01 22:00:00,2020-07-01,7,63,0,89,1
643,401,14,2020-06-30 22:00:00,2020-06-30,1,62,0,88,0
642,401,14,2020-06-29 22:00:00,2020-06-29,27,61,0,87,5
615,396,14,2020-06-28 22:00:00,2020-06-28,24,60,0,86,1
591,395,14,2020-06-27 22:00:00,2020-06-27,3,59,0,85,1
588,394,14,2020-06-26 22:00:00,2020-06-26,5,58,0,84,2
583,392,14,2020-06-25 22:00:00,2020-06-25,7,57,1,83,8
576,384,13,2020-06-24 22:00:00,2020-06-24,7,56,0,82,4
569,380,13,2020-06-23 22:00:00,2020-06-23,0,55,0,81,5
569,375,13,2020-06-22 22:00:00,2020-06-22,8,54,0,80,9
561,366,13,2020-06-21 22:00:00,2020-06-21,6,53,0,79,5
555,361,13,2020-06-20 22:00:00,2020-06-20,8,52,0,78,8
547,353,13,2020-06-19 22:00:00,2020-06-19,3,51,0,77,0
544,353,13,2020-06-18 22:00:00,2020-06-18,7,50,0,76,9
537,344,13,2020-06-17 22:00:00,2020-06-17,5,49,0,75,36
532,308,13,2020-06-16 22:00:00,2020-06-16,1,48,0,74,9
531,299,13,2020-06-15 22:00:00,2020-06-15,1,47,0,73,8
530,291,13,2020-06-14 22:00:00,2020-06-14,5,46,0,72,12
525,279,13,2020-06-13 22:00:00,2020-06-13,1,45,0,71,8
524,271,13,2020-06-12 22:00:00,2020-06-12,2,44,0,70,6
522,265,13,2020-06-11 22:00:00,2020-06-11,21,43,0,69,5
501,260,13,2020-06-10 22:00:00,2020-06-10,4,42,0,68,9
497,251,13,2020-06-09 22:00:00,2020-06-09,2,41,0,67,3
495,248,13,2020-06-08 22:00:00,2020-06-08,8,40,0,66,8
487,240,13,2020-06-07 22:00:00,2020-06-07,2,39,0,65,0
485,240,13,2020-06-06 22:00:00,2020-06-06,20,38,0,64,1
465,239,13,2020-06-05 22:00:00,2020-06-05,13,37,0,63,3
452,236,13,2020-06-04 22:00:00,2020-06-04,7,36,0,62,6
445,230,13,2020-06-03 22:00:00,2020-06-03,2,35,0,61,15
443,215,13,2020-06-02 22:00:00,2020-06-02,1,34,0,60,4
442,211,13,2020-06-01 22:00:00,2020-06-01,9,33,0,59,5
433,206,13,2020-05-31 22:00:00,2020-05-31,5,32,0,58,4
428,202,13,2020-05-30 22:00:00,2020-05-30,6,31,0,57,5
422,197,13,2020-05-29 22:00:00,2020-05-29,27,30,0,56,14
395,183,13,2020-05-28 22:00:00,2020-05-28,4,29,0,55,6
391,177,13,2020-05-27 22:00:00,2020-05-27,5,28,0,54,16
386,161,13,2020-05-26 22:00:00,2020-05-26,5,27,1,53,20
381,141,12,2020-05-25 22:00:00,2020-05-25,8,26,0,52,8
373,133,12,2020-05-24 22:00:00,2020-05-24,10,25,0,51,12
363,121,12,2020-05-23 22:00:00,2020-05-23,9,24,0,50,3
354,118,12,2020-05-22 22:00:00,2020-05-22,14,23,0,49,8
340,110,12,2020-05-21 22:00:00,2020-05-21,2,22,0,48,3
338,107,12,2020-05-20 22:00:00,2020-05-20,8,21,0,47,1
330,106,12,2020-05-19 22:00:00,2020-05-19,29,20,1,46,2
301,104,11,2020-05-18 22:00:00,2020-05-18,3,19,0,45,5
298,99,11,2020-05-17 22:00:00,2020-05-17,35,18,0,44,3
263,96,11,2020-05-16 22:00:00,2020-05-16,25,17,0,43,0
238,96,11,2020-05-15 22:00:00,2020-05-15,19,16,0,42,0
219,96,11,2020-05-14 22:00:00,2020-05-14,20,15,0,41,4
199,92,11,2020-05-13 22:00:00,2020-05-13,18,14,0,40,3
181,89,11,2020-05-12 22:00:00,2020-05-12,7,13,0,39,0
174,89,11,2020-05-11 22:00:00,2020-05-11,21,12,1,38,2
153,87,10,2020-05-10 22:00:00,2020-05-10,8,11,0,37,2
145,85,10,2020-05-09 22:00:00,2020-05-09,10,10,1,36,0
135,85,9,2020-05-08 22:00:00,2020-05-08,7,9,0,35,8
128,77,9,2020-05-07 22:00:00,2020-05-07,0,8,0,34,3
128,74,9,2020-05-06 22:00:00,2020-05-06,2,7,0,33,0
126,74,9,2020-05-05 22:00:00,2020-05-05,2,6,0,32,7
124,67,9,2020-05-04 22:00:00,2020-05-04,1,5,0,31,1
123,66,9,2020-05-03 22:00:00,2020-05-03,0,4,0,30,0
123,66,9,2020-05-02 22:00:00,2020-05-02,7,3,0,29,1
116,65,9,2020-05-01 22:00:00,2020-05-01,7,2,2,28,1
109,64,7,2020-04-30 22:00:00,2020-04-30,10,1,1,27,1
99,63,6,2020-04-29 22:00:00,2020-04-29,0,0,0,26,1
99,62,6,2020-04-28 22:00:00,2020-04-28,1,0,0,25,0
98,62,6,2020-04-27 22:00:00,2020-04-27,2,0,0,24,0
96,62,6,2020-04-26 22:00:00,2020-04-26,6,0,0,23,3
90,59,6,2020-04-25 22:00:00,2020-04-25,2,0,0,22,0
88,59,6,2020-04-24 22:00:00,2020-04-24,0,0,0,21,3
88,56,6,2020-04-23 22:00:00,2020-04-23,2,0,0,20,0
86,56,6,2020-04-22 22:00:00,2020-04-22,2,0,0,19,3
84,53,6,2020-04-21 22:00:00,2020-04-21,0,0,1,18,1
84,52,5,2020-04-20 22:00:00,2020-04-20,0,0,0,17,3
84,49,5,2020-04-19 22:00:00,2020-04-19,1,0,0,16,1
83,48,5,2020-04-18 22:00:00,2020-04-18,0,0,0,15,0
83,48,5,2020-04-17 22:00:00,2020-04-17,2,0,2,14,13
81,35,3,2020-04-16 22:00:00,2020-04-16,4,0,0,13,3
77,32,3,2020-04-15 22:00:00,2020-04-15,0,0,0,12,3
77,29,3,2020-04-14 22:00:00,2020-04-14,1,0,0,11,0
76,29,3,2020-04-13 22:00:00,2020-04-13,0,0,0,10,4
76,25,3,2020-04-12 22:00:00,2020-04-12,0,0,0,9,0
76,25,3,2020-04-11 22:00:00,2020-04-11,0,0,0,8,0
76,25,3,2020-04-10 22:00:00,2020-04-10,6,0,0,7,2
70,23,3,2020-04-09 22:00:00,2020-04-09,5,0,0,6,0
65,23,3,2020-04-08 22:00:00,2020-04-08,7,0,0,5,0
58,23,3,2020-04-07 22:00:00,2020-04-07,6,0,0,4,1
52,22,3,2020-04-06 22:00:00,2020-04-06,11,0,0,3,5
41,17,3,2020-04-05 22:00:00,2020-04-05,1,0,0,2,0
40,17,3,2020-04-04 21:00:00,2020-04-04,1,0,1,1,0
39,17,2,2020-04-03 21:00:00,2020-04-03,3,0,0,0,7
36,10,2,2020-04-02 21:00:00,2020-04-02,2,0,1,0,0
34,10,1,2020-04-01 21:00:00,2020-04-01,4,0,0,0,9
30,1,1,2020-03-31 21:00:00,2020-03-31,0,0,0,0,0
30,1,1,2020-03-30 21:00:00,2020-03-30,5,0,0,0,0
25,1,1,2020-03-29 21:00:00,2020-03-29,0,0,0,0,0
25,1,1,2020-03-28 21:00:00,2020-03-28,0,0,1,0,0
25,1,0,2020-03-27 21:10:00,2020-03-27,2,0,0,0,0
23,1,0,2020-03-26 22:20:00,2020-03-26,0,0,0,0,0
23,1,0,2020-03-25 23:20:00,2020-03-25,5,0,0,0,1
18,0,0,2020-03-24 21:20:00,2020-03-24,0,0,0,0,0
18,0,0,2020-03-23 21:40:00,2020-03-23,2,0,0,0,0
16,0,0,2020-03-22 21:00:00,2020-03-22,7,0,0,0,0
9,0,0,2020-03-21 21:00:00,2020-03-21,0,0,0,0,0
9,0,0,2020-03-20 21:20:00,2020-03-20,8,0,0,0,0
1,0,0,2020-03-19 21:30:00,2020-03-19,0,0,0,0,0
1,0,0,2020-03-18 22:00:00,2020-03-18,0,0,0,0,0
1,0,0,2020-03-17 21:00:00,2020-03-17,0,0,0,0,0
1,0,0,2020-03-16 21:00:00,2020-03-16,0,0,0,0,0
1,0,0,2020-03-15 21:00:00,2020-03-15,0,0,0,0,0
1,0,0,2020-03-14 21:00:00,2020-03-14,0,0,0,0,0
1,0,0,2020-03-13 21:00:00,2020-03-13,0,0,0,0,0
1,0,0,2020-03-12 21:00:00,2020-03-12,0,0,0,0,0
1,0,0,2020-03-11 21:00:00,2020-03-11,0,0,0,0,0
1,0,0,2020-03-10 21:00:00,2020-03-10,0,0,0,0,0
1,0,0,2020-03-09 21:00:00,2020-03-09,0,0,0,0,0
1,0,0,2020-03-08 21:00:00,2020-03-08,0,0,0,0,0
1,0,0,2020-03-07 21:00:00,2020-03-07,1,0,0,0,0
0,0,0,2020-03-06 21:00:00,2020-03-06,0,0,0,0,0
0,0,0,2020-03-05 21:00:00,2020-03-05,0,0,0,0,0
0,0,0,2020-03-04 21:00:00,2020-03-04,0,0,0,0,0
0,0,0,2020-03-03 21:00:00,2020-03-03,0,0,0,0,0
0,0,0,2020-03-02 21:00:00,2020-03-02,0,0,0,0,0
0,0,0,2020-03-01 21:00:00,2020-03-01,0,0,0,0,0
0,0,0,2020-02-29 21:00:00,2020-02-29,0,0,0,0,0
0,0,0,2020-02-28 21:00:00,2020-02-28,0,0,0,0,0
0,0,0,2020-02-27 21:00:00,2020-02-27,0,0,0,0,0
0,0,0,2020-02-26 21:00:00,2020-02-26,0,0,0,0,0
0,0,0,2020-02-25 21:00:00,2020-02-25,0,0,0,0,0
0,0,0,2020-02-24 21:00:00,2020-02-24,0,0,0,0,0
0,0,0,2020-02-23 21:00:00,2020-02-23,0,0,0,0,0
0,0,0,2020-02-22 21:00:00,2020-02-22,0,0,0,0,0
0,0,0,2020-02-21 21:00:00,2020-02-21,0,0,0,0,0
0,0,0,2020-02-20 21:00:00,2020-02-20,0,0,0,0,0
0,0,0,2020-02-19 21:00:00,2020-02-19,0,0,0,0,0
0,0,0,2020-02-18 21:00:00,2020-02-18,0,0,0,0,0
0,0,0,2020-02-17 21:00:00,2020-02-17,0,0,0,0,0
0,0,0,2020-02-16 21:00:00,2020-02-16,0,0,0,0,0
0,0,0,2020-02-15 21:00:00,2020-02-15,0,0,0,0,0
0,0,0,2020-02-14 21:00:00,2020-02-14,0,0,0,0,0
0,0,0,2020-02-13 21:00:00,2020-02-13,0,0,0,0,0
0,0,0,2020-02-12 21:00:00,2020-02-12,0,0,0,0,0
0,0,0,2020-02-11 20:30:00,2020-02-11,0,0,0,0,0
0,0,0,2020-02-10 21:00:00,2020-02-10,0,0,0,0,0
0,0,0,2020-02-09 21:00:00,2020-02-09,0,0,0,0,0
0,0,0,2020-02-08 21:00:00,2020-02-08,0,0,0,0,0
0,0,0,2020-02-07 21:00:00,2020-02-07,0,0,0,0,0
0,0,0,2020-02-06 21:00:00,2020-02-06,0,0,0,0,0
0,0,0,2020-02-05 21:00:00,2020-02-05,0,0,0,0,0
0,0,0,2020-02-04 20:00:00,2020-02-04,0,0,0,0,0
0,0,0,2020-02-03 20:00:00,2020-02-03,0,0,0,0,0
0,0,0,2020-02-02 20:00:00,2020-02-02,0,0,0,0,0
0,0,0,2020-02-01 10:00:00,2020-02-01,0,0,0,0,0
0,0,0,2020-01-31 12:30:00,2020-01-31,0,0,0,0,0
0,0,0,2020-01-30 12:00:00,2020-01-30,0,0,0,0,0
0,0,0,2020-01-29 14:00:00,2020-01-29,0,0,0,0,0
0,0,0,2020-01-28 11:30:00,2020-01-28,0,0,0,0,0
0,0,0,2020-01-27 14:00:00,2020-01-27,0,0,0,0,0
0,0,0,2020-01-26 13:00:00,2020-01-26,0,0,0,0,0
0,0,0,2020-01-25 15:00:00,2020-01-25,0,0,0,0,0
0,0,0,2020-01-24 15:00:00,2020-01-24,0,0,0,0,0
0,0,0,2020-01-23 15:00:00,2020-01-23,0,0,0,0,0
0,0,0,2020-01-22 15:00:00,2020-01-22,0,0,0,0,0
0,0,0,2020-01-21 15:00:00,2020-01-21,0,0,0,0,0
