Confirmed,Recovered,Deaths,Date_last_updated_AEDT,date_day,New,DayElapsed,New_death,DayElapsed_death,New_recover
1043,1004,0,2020-07-16 22:00:00,2020-07-16,0,71,0,0,0
1043,1004,0,2020-07-15 22:00:00,2020-07-15,3,70,0,0,20
1040,984,0,2020-07-14 22:00:00,2020-07-14,11,69,0,0,7
1029,977,0,2020-07-13 22:00:00,2020-07-13,4,68,0,0,5
1025,972,0,2020-07-12 22:00:00,2020-07-12,12,67,0,0,20
1013,952,0,2020-07-11 22:00:00,2020-07-11,7,66,0,0,14
1006,938,0,2020-07-10 22:00:00,2020-07-10,6,65,0,0,30
1000,908,0,2020-07-09 22:00:00,2020-07-09,23,64,0,0,4
977,904,0,2020-07-08 22:00:00,2020-07-08,6,63,0,0,8
971,896,0,2020-07-07 22:00:00,2020-07-07,18,62,0,0,4
953,892,0,2020-07-06 22:00:00,2020-07-06,14,61,0,0,1
939,891,0,2020-07-05 22:00:00,2020-07-05,12,60,0,0,42
927,849,0,2020-07-04 22:00:00,2020-07-04,16,59,0,0,0
911,849,0,2020-07-03 22:00:00,2020-07-03,9,58,0,0,2
902,847,0,2020-07-02 22:00:00,2020-07-02,9,57,0,0,10
893,837,0,2020-07-01 22:00:00,2020-07-01,23,56,0,0,29
870,808,0,2020-06-30 22:00:00,2020-06-30,0,55,0,0,0
870,808,0,2020-06-29 22:00:00,2020-06-29,11,54,0,0,14
859,794,0,2020-06-28 22:00:00,2020-06-28,11,53,0,0,33
848,761,0,2020-06-27 22:00:00,2020-06-27,15,52,0,0,0
833,761,0,2020-06-26 22:00:00,2020-06-26,28,51,0,0,44
805,717,0,2020-06-25 22:00:00,2020-06-25,0,50,0,0,0
805,717,0,2020-06-24 22:00:00,2020-06-24,8,49,0,0,18
797,699,0,2020-06-23 22:00:00,2020-06-23,23,48,0,0,68
774,631,0,2020-06-22 22:00:00,2020-06-22,4,47,0,0,53
770,578,0,2020-06-21 22:00:00,2020-06-21,7,46,0,0,86
763,492,0,2020-06-20 22:00:00,2020-06-20,8,45,0,0,6
755,486,0,2020-06-19 22:00:00,2020-06-19,14,44,0,0,44
741,442,0,2020-06-18 22:00:00,2020-06-18,9,43,0,0,22
732,420,0,2020-06-17 22:00:00,2020-06-17,8,42,0,0,69
724,351,0,2020-06-16 22:00:00,2020-06-16,19,41,0,0,52
705,299,0,2020-06-15 22:00:00,2020-06-15,9,40,0,0,59
696,240,0,2020-06-14 22:00:00,2020-06-14,2,39,0,0,41
694,199,0,2020-06-13 22:00:00,2020-06-13,8,38,0,0,38
686,161,0,2020-06-12 22:00:00,2020-06-12,7,37,0,0,41
679,120,0,2020-06-11 22:00:00,2020-06-11,14,36,0,0,1
665,119,0,2020-06-10 22:00:00,2020-06-10,8,35,0,0,1
657,118,0,2020-06-09 22:00:00,2020-06-09,11,34,0,0,15
646,103,0,2020-06-08 22:00:00,2020-06-08,53,33,0,0,21
593,82,0,2020-06-07 22:00:00,2020-06-07,36,32,0,0,0
557,82,0,2020-06-06 22:00:00,2020-06-06,0,31,0,0,0
557,82,0,2020-06-05 22:00:00,2020-06-05,35,30,0,0,0
522,82,0,2020-06-04 22:00:00,2020-06-04,15,29,0,0,0
507,82,0,2020-06-03 22:00:00,2020-06-03,18,28,0,0,3
489,79,0,2020-06-02 22:00:00,2020-06-02,32,27,0,0,7
457,72,0,2020-06-01 22:00:00,2020-06-01,44,26,0,0,0
413,72,0,2020-05-31 22:00:00,2020-05-31,84,25,0,0,0
329,72,0,2020-05-30 22:00:00,2020-05-30,12,24,0,0,3
317,69,0,2020-05-29 22:00:00,2020-05-29,36,23,0,0,0
281,69,0,2020-05-28 22:00:00,2020-05-28,28,22,0,0,0
253,69,0,2020-05-27 22:00:00,2020-05-27,31,21,0,0,0
222,69,0,2020-05-26 22:00:00,2020-05-26,10,20,0,0,1
212,68,0,2020-05-25 22:00:00,2020-05-25,14,19,0,0,0
198,68,0,2020-05-24 22:00:00,2020-05-24,23,18,0,0,0
175,68,0,2020-05-23 22:00:00,2020-05-23,15,17,0,0,2
160,66,0,2020-05-22 22:00:00,2020-05-22,-104,16,0,0,1
264,65,0,2020-05-21 22:00:00,2020-05-21,0,15,0,0,0
264,65,0,2020-05-20 22:00:00,2020-05-20,4,14,0,0,2
260,63,0,2020-05-19 22:00:00,2020-05-19,12,13,0,0,0
248,63,0,2020-05-18 22:00:00,2020-05-18,21,12,0,0,0
227,63,0,2020-05-17 22:00:00,2020-05-17,24,11,0,0,0
203,63,0,2020-05-16 22:00:00,2020-05-16,43,10,0,0,0
160,63,0,2020-05-15 22:00:00,2020-05-15,21,9,0,0,8
139,55,0,2020-05-14 22:00:00,2020-05-14,13,8,0,0,0
126,55,0,2020-05-13 22:00:00,2020-05-13,4,7,0,0,0
122,55,0,2020-05-12 22:00:00,2020-05-12,1,6,0,0,0
121,55,0,2020-05-11 22:00:00,2020-05-11,5,5,0,0,0
116,55,0,2020-05-10 22:00:00,2020-05-10,2,4,0,0,0
114,55,0,2020-05-09 22:00:00,2020-05-09,13,3,0,0,0
101,55,0,2020-05-08 22:00:00,2020-05-08,1,2,0,0,0
100,55,0,2020-05-07 22:00:00,2020-05-07,2,1,0,0,0
98,55,0,2020-05-06 22:00:00,2020-05-06,1,0,0,0,0
97,55,0,2020-05-05 22:00:00,2020-05-05,8,0,0,0,3
89,52,0,2020-05-04 22:00:00,2020-05-04,1,0,0,0,0
88,52,0,2020-05-03 22:00:00,2020-05-03,3,0,0,0,0
85,52,0,2020-05-02 22:00:00,2020-05-02,2,0,0,0,0
83,52,0,2020-05-01 22:00:00,2020-05-01,2,0,0,0,0
81,52,0,2020-04-30 22:00:00,2020-04-30,2,0,0,0,0
79,52,0,2020-04-29 22:00:00,2020-04-29,0,0,0,0,0
79,52,0,2020-04-28 22:00:00,2020-04-28,0,0,0,0,6
79,46,0,2020-04-27 22:00:00,2020-04-27,4,0,0,0,0
75,46,0,2020-04-26 22:00:00,2020-04-26,0,0,0,0,0
75,46,0,2020-04-25 22:00:00,2020-04-25,1,0,0,0,0
74,46,0,2020-04-24 22:00:00,2020-04-24,11,0,0,0,0
63,46,0,2020-04-23 22:00:00,2020-04-23,2,0,0,0,5
61,41,0,2020-04-22 22:00:00,2020-04-22,5,0,0,0,3
56,38,0,2020-04-21 22:00:00,2020-04-21,1,0,0,0,10
55,28,0,2020-04-20 22:00:00,2020-04-20,0,0,0,0,6
55,22,0,2020-04-19 22:00:00,2020-04-19,0,0,0,0,2
55,20,0,2020-04-18 22:00:00,2020-04-18,0,0,0,0,0
55,20,0,2020-04-17 22:00:00,2020-04-17,0,0,0,0,8
55,12,0,2020-04-16 22:00:00,2020-04-16,0,0,0,0,4
55,8,0,2020-04-15 22:00:00,2020-04-15,1,0,0,0,1
54,7,0,2020-04-14 22:00:00,2020-04-14,0,0,0,0,3
54,4,0,2020-04-13 22:00:00,2020-04-13,1,0,0,0,0
53,4,0,2020-04-12 22:00:00,2020-04-12,0,0,0,0,4
53,0,0,2020-04-11 22:00:00,2020-04-11,0,0,0,0,0
53,0,0,2020-04-10 22:00:00,2020-04-10,0,0,0,0,0
53,0,0,2020-04-09 22:00:00,2020-04-09,1,0,0,0,0
52,0,0,2020-04-08 22:00:00,2020-04-08,0,0,0,0,0
52,0,0,2020-04-07 22:00:00,2020-04-07,0,0,0,0,0
52,0,0,2020-04-06 22:00:00,2020-04-06,4,0,0,0,0
48,0,0,2020-04-05 22:00:00,2020-04-05,0,0,0,0,0
48,0,0,2020-04-04 21:00:00,2020-04-04,3,0,0,0,0
45,0,0,2020-04-03 21:00:00,2020-04-03,1,0,0,0,0
44,0,0,2020-04-02 21:00:00,2020-04-02,0,0,0,0,0
44,0,0,2020-04-01 21:00:00,2020-04-01,11,0,0,0,0
33,0,0,2020-03-31 21:00:00,2020-03-31,0,0,0,0,0
33,0,0,2020-03-30 21:00:00,2020-03-30,3,0,0,0,0
30,0,0,2020-03-29 21:00:00,2020-03-29,7,0,0,0,0
23,0,0,2020-03-28 21:00:00,2020-03-28,5,0,0,0,0
18,0,0,2020-03-27 21:10:00,2020-03-27,4,0,0,0,0
14,0,0,2020-03-26 22:20:00,2020-03-26,0,0,0,0,0
14,0,0,2020-03-25 23:20:00,2020-03-25,5,0,0,0,0
9,0,0,2020-03-24 21:20:00,2020-03-24,8,0,0,0,0
1,0,0,2020-03-23 21:40:00,2020-03-23,0,0,0,0,0
1,0,0,2020-03-22 21:00:00,2020-03-22,1,0,0,0,0
0,0,0,2020-03-21 21:00:00,2020-03-21,0,0,0,0,0
0,0,0,2020-03-20 21:20:00,2020-03-20,0,0,0,0,0
0,0,0,2020-03-19 21:30:00,2020-03-19,0,0,0,0,0
0,0,0,2020-03-18 22:00:00,2020-03-18,0,0,0,0,0
0,0,0,2020-03-17 21:00:00,2020-03-17,0,0,0,0,0
0,0,0,2020-03-16 21:00:00,2020-03-16,0,0,0,0,0
0,0,0,2020-03-15 21:00:00,2020-03-15,0,0,0,0,0
0,0,0,2020-03-14 21:00:00,2020-03-14,0,0,0,0,0
0,0,0,2020-03-13 21:00:00,2020-03-13,0,0,0,0,0
0,0,0,2020-03-12 21:00:00,2020-03-12,0,0,0,0,0
0,0,0,2020-03-11 21:00:00,2020-03-11,0,0,0,0,0
0,0,0,2020-03-10 21:00:00,2020-03-10,0,0,0,0,0
0,0,0,2020-03-09 21:00:00,2020-03-09,0,0,0,0,0
0,0,0,2020-03-08 21:00:00,2020-03-08,0,0,0,0,0
0,0,0,2020-03-07 21:00:00,2020-03-07,0,0,0,0,0
0,0,0,2020-03-06 21:00:00,2020-03-06,0,0,0,0,0
0,0,0,2020-03-05 21:00:00,2020-03-05,0,0,0,0,0
0,0,0,2020-03-04 21:00:00,2020-03-04,0,0,0,0,0
0,0,0,2020-03-03 21:00:00,2020-03-03,0,0,0,0,0
0,0,0,2020-03-02 21:00:00,2020-03-02,0,0,0,0,0
0,0,0,2020-03-01 21:00:00,2020-03-01,0,0,0,0,0
0,0,0,2020-02-29 21:00:00,2020-02-29,0,0,0,0,0
0,0,0,2020-02-28 21:00:00,2020-02-28,0,0,0,0,0
0,0,0,2020-02-27 21:00:00,2020-02-27,0,0,0,0,0
0,0,0,2020-02-26 21:00:00,2020-02-26,0,0,0,0,0
0,0,0,2020-02-25 21:00:00,2020-02-25,0,0,0,0,0
0,0,0,2020-02-24 21:00:00,2020-02-24,0,0,0,0,0
0,0,0,2020-02-23 21:00:00,2020-02-23,0,0,0,0,0
0,0,0,2020-02-22 21:00:00,2020-02-22,0,0,0,0,0
0,0,0,2020-02-21 21:00:00,2020-02-21,0,0,0,0,0
0,0,0,2020-02-20 21:00:00,2020-02-20,0,0,0,0,0
0,0,0,2020-02-19 21:00:00,2020-02-19,0,0,0,0,0
0,0,0,2020-02-18 21:00:00,2020-02-18,0,0,0,0,0
0,0,0,2020-02-17 21:00:00,2020-02-17,0,0,0,0,0
0,0,0,2020-02-16 21:00:00,2020-02-16,0,0,0,0,0
0,0,0,2020-02-15 21:00:00,2020-02-15,0,0,0,0,0
0,0,0,2020-02-14 21:00:00,2020-02-14,0,0,0,0,0
0,0,0,2020-02-13 21:00:00,2020-02-13,0,0,0,0,0
0,0,0,2020-02-12 21:00:00,2020-02-12,0,0,0,0,0
0,0,0,2020-02-11 20:30:00,2020-02-11,0,0,0,0,0
0,0,0,2020-02-10 21:00:00,2020-02-10,0,0,0,0,0
0,0,0,2020-02-09 21:00:00,2020-02-09,0,0,0,0,0
0,0,0,2020-02-08 21:00:00,2020-02-08,0,0,0,0,0
0,0,0,2020-02-07 21:00:00,2020-02-07,0,0,0,0,0
0,0,0,2020-02-06 21:00:00,2020-02-06,0,0,0,0,0
0,0,0,2020-02-05 21:00:00,2020-02-05,0,0,0,0,0
0,0,0,2020-02-04 20:00:00,2020-02-04,0,0,0,0,0
0,0,0,2020-02-03 20:00:00,2020-02-03,0,0,0,0,0
0,0,0,2020-02-02 20:00:00,2020-02-02,0,0,0,0,0
0,0,0,2020-02-01 10:00:00,2020-02-01,0,0,0,0,0
0,0,0,2020-01-31 12:30:00,2020-01-31,0,0,0,0,0
0,0,0,2020-01-30 12:00:00,2020-01-30,0,0,0,0,0
0,0,0,2020-01-29 14:00:00,2020-01-29,0,0,0,0,0
0,0,0,2020-01-28 11:30:00,2020-01-28,0,0,0,0,0
0,0,0,2020-01-27 14:00:00,2020-01-27,0,0,0,0,0
0,0,0,2020-01-26 13:00:00,2020-01-26,0,0,0,0,0
0,0,0,2020-01-25 15:00:00,2020-01-25,0,0,0,0,0
0,0,0,2020-01-24 15:00:00,2020-01-24,0,0,0,0,0
0,0,0,2020-01-23 15:00:00,2020-01-23,0,0,0,0,0
0,0,0,2020-01-22 15:00:00,2020-01-22,0,0,0,0,0
0,0,0,2020-01-21 15:00:00,2020-01-21,0,0,0,0,0
