Confirmed,Recovered,Deaths,Date_last_updated_AEDT,date_day,New,DayElapsed,New_death,DayElapsed_death,New_recover
352,236,7,2020-07-25 22:00:00,2020-07-25,16,21,0,98,54
336,182,7,2020-07-24 22:00:00,2020-07-24,16,20,0,97,10
320,172,7,2020-07-23 22:00:00,2020-07-23,16,19,1,96,37
304,135,6,2020-07-22 22:00:00,2020-07-22,0,18,0,95,0
304,135,6,2020-07-21 22:00:00,2020-07-21,21,17,0,94,2
283,133,6,2020-07-20 22:00:00,2020-07-20,0,16,0,93,0
283,133,6,2020-07-19 22:00:00,2020-07-19,19,15,0,92,7
264,126,6,2020-07-18 22:00:00,2020-07-18,15,14,0,91,6
249,120,6,2020-07-17 22:00:00,2020-07-17,6,13,0,90,8
243,112,6,2020-07-16 22:00:00,2020-07-16,37,12,0,89,16
206,96,6,2020-07-15 22:00:00,2020-07-15,0,11,0,88,0
206,96,6,2020-07-14 22:00:00,2020-07-14,25,10,0,87,3
181,93,6,2020-07-13 22:00:00,2020-07-13,14,9,0,86,1
167,92,6,2020-07-12 22:00:00,2020-07-12,14,8,0,85,5
153,87,6,2020-07-11 22:00:00,2020-07-11,9,7,0,84,6
144,81,6,2020-07-10 22:00:00,2020-07-10,22,6,0,83,1
122,80,6,2020-07-09 22:00:00,2020-07-09,6,5,0,82,1
116,79,6,2020-07-08 22:00:00,2020-07-08,4,4,0,81,0
112,79,6,2020-07-07 22:00:00,2020-07-07,1,3,0,80,3
111,76,6,2020-07-06 22:00:00,2020-07-06,0,2,0,79,0
111,76,6,2020-07-05 22:00:00,2020-07-05,13,1,0,78,1
98,75,6,2020-07-04 22:00:00,2020-07-04,6,0,0,77,0
92,75,6,2020-07-03 22:00:00,2020-07-03,2,0,0,76,2
90,73,6,2020-07-02 22:00:00,2020-07-02,9,0,0,75,6
81,67,6,2020-07-01 22:00:00,2020-07-01,0,0,0,74,0
81,67,6,2020-06-30 22:00:00,2020-06-30,0,0,0,73,0
81,67,6,2020-06-29 22:00:00,2020-06-29,0,0,0,72,0
81,67,6,2020-06-28 22:00:00,2020-06-28,0,0,0,71,0
81,67,6,2020-06-27 22:00:00,2020-06-27,1,0,0,70,3
80,64,6,2020-06-26 22:00:00,2020-06-26,4,0,0,69,0
76,64,6,2020-06-25 22:00:00,2020-06-25,0,0,0,68,0
76,64,6,2020-06-24 22:00:00,2020-06-24,0,0,0,67,0
76,64,6,2020-06-23 22:00:00,2020-06-23,0,0,0,66,0
76,64,6,2020-06-22 22:00:00,2020-06-22,3,0,0,65,0
73,64,6,2020-06-21 22:00:00,2020-06-21,0,0,0,64,0
73,64,6,2020-06-20 22:00:00,2020-06-20,0,0,0,63,0
73,64,6,2020-06-19 22:00:00,2020-06-19,0,0,0,62,0
73,64,6,2020-06-18 22:00:00,2020-06-18,1,0,0,61,0
72,64,6,2020-06-17 22:00:00,2020-06-17,0,0,0,60,0
72,64,6,2020-06-16 22:00:00,2020-06-16,0,0,0,59,0
72,64,6,2020-06-15 22:00:00,2020-06-15,0,0,0,58,0
72,64,6,2020-06-14 22:00:00,2020-06-14,0,0,0,57,0
72,64,6,2020-06-13 22:00:00,2020-06-13,0,0,0,56,0
72,64,6,2020-06-12 22:00:00,2020-06-12,0,0,0,55,0
72,64,6,2020-06-11 22:00:00,2020-06-11,1,0,0,54,1
71,63,6,2020-06-10 22:00:00,2020-06-10,0,0,0,53,1
71,62,6,2020-06-09 22:00:00,2020-06-09,0,0,0,52,0
71,62,6,2020-06-08 22:00:00,2020-06-08,0,0,0,51,0
71,62,6,2020-06-07 22:00:00,2020-06-07,0,0,0,50,0
71,62,6,2020-06-06 22:00:00,2020-06-06,0,0,0,49,0
71,62,6,2020-06-05 22:00:00,2020-06-05,1,0,0,48,0
70,62,6,2020-06-04 22:00:00,2020-06-04,0,0,0,47,0
70,62,6,2020-06-03 22:00:00,2020-06-03,0,0,0,46,0
70,62,6,2020-06-02 22:00:00,2020-06-02,1,0,0,45,1
69,61,6,2020-06-01 22:00:00,2020-06-01,0,0,0,44,0
69,61,6,2020-05-31 22:00:00,2020-05-31,0,0,0,43,0
69,61,6,2020-05-30 22:00:00,2020-05-30,0,0,0,42,0
69,61,6,2020-05-29 22:00:00,2020-05-29,0,0,0,41,0
69,61,6,2020-05-28 22:00:00,2020-05-28,0,0,0,40,0
69,61,6,2020-05-27 22:00:00,2020-05-27,0,0,0,39,0
69,61,6,2020-05-26 22:00:00,2020-05-26,0,0,0,38,0
69,61,6,2020-05-25 22:00:00,2020-05-25,0,0,0,37,0
69,61,6,2020-05-24 22:00:00,2020-05-24,0,0,0,36,0
69,61,6,2020-05-23 22:00:00,2020-05-23,0,0,0,35,0
69,61,6,2020-05-22 22:00:00,2020-05-22,0,0,0,34,0
69,61,6,2020-05-21 22:00:00,2020-05-21,0,0,0,33,0
69,61,6,2020-05-20 22:00:00,2020-05-20,0,0,0,32,0
69,61,6,2020-05-19 22:00:00,2020-05-19,0,0,0,31,0
69,61,6,2020-05-18 22:00:00,2020-05-18,0,0,0,30,0
69,61,6,2020-05-17 22:00:00,2020-05-17,0,0,0,29,0
69,61,6,2020-05-16 22:00:00,2020-05-16,0,0,0,28,0
69,61,6,2020-05-15 22:00:00,2020-05-15,0,0,0,27,0
69,61,6,2020-05-14 22:00:00,2020-05-14,0,0,0,26,1
69,60,6,2020-05-13 22:00:00,2020-05-13,0,0,1,25,0
69,60,5,2020-05-12 22:00:00,2020-05-12,0,0,1,24,1
69,59,4,2020-05-11 22:00:00,2020-05-11,1,0,0,23,2
68,57,4,2020-05-10 22:00:00,2020-05-10,0,0,0,22,0
68,57,4,2020-05-09 22:00:00,2020-05-09,2,0,0,21,3
66,54,4,2020-05-08 22:00:00,2020-05-08,0,0,0,20,3
66,51,4,2020-05-07 22:00:00,2020-05-07,0,0,0,19,0
66,51,4,2020-05-06 22:00:00,2020-05-06,0,0,0,18,0
66,51,4,2020-05-05 22:00:00,2020-05-05,0,0,0,17,0
66,51,4,2020-05-04 22:00:00,2020-05-04,0,0,0,16,0
66,51,4,2020-05-03 22:00:00,2020-05-03,0,0,0,15,0
66,51,4,2020-05-02 22:00:00,2020-05-02,0,0,0,14,0
66,51,4,2020-05-01 22:00:00,2020-05-01,9,0,0,13,0
57,51,4,2020-04-30 22:00:00,2020-04-30,0,0,0,12,0
57,51,4,2020-04-29 22:00:00,2020-04-29,0,0,0,11,0
57,51,4,2020-04-28 22:00:00,2020-04-28,0,0,0,10,0
57,51,4,2020-04-27 22:00:00,2020-04-27,2,0,1,9,-4
55,55,3,2020-04-26 22:00:00,2020-04-26,1,0,0,8,7
54,48,3,2020-04-25 22:00:00,2020-04-25,0,0,0,7,0
54,48,3,2020-04-24 22:00:00,2020-04-24,0,0,0,6,0
54,48,3,2020-04-23 22:00:00,2020-04-23,1,0,0,5,2
53,46,3,2020-04-22 22:00:00,2020-04-22,0,0,0,4,0
53,46,3,2020-04-21 22:00:00,2020-04-21,0,0,0,3,0
53,46,3,2020-04-20 22:00:00,2020-04-20,0,0,0,2,0
53,46,3,2020-04-19 22:00:00,2020-04-19,2,0,1,1,3
51,43,2,2020-04-18 22:00:00,2020-04-18,0,0,1,0,0
51,43,1,2020-04-17 22:00:00,2020-04-17,0,0,0,0,0
51,43,1,2020-04-16 22:00:00,2020-04-16,0,0,0,0,0
51,43,1,2020-04-15 22:00:00,2020-04-15,0,0,0,0,0
51,43,1,2020-04-14 22:00:00,2020-04-14,0,0,0,0,0
51,43,1,2020-04-13 22:00:00,2020-04-13,0,0,0,0,0
51,43,1,2020-04-12 22:00:00,2020-04-12,1,0,0,0,0
50,43,1,2020-04-11 22:00:00,2020-04-11,0,0,0,0,0
50,43,1,2020-04-10 22:00:00,2020-04-10,5,0,0,0,7
45,36,1,2020-04-09 22:00:00,2020-04-09,0,0,0,0,0
45,36,1,2020-04-08 22:00:00,2020-04-08,2,0,0,0,0
43,36,1,2020-04-07 22:00:00,2020-04-07,1,0,0,0,2
42,34,1,2020-04-06 22:00:00,2020-04-06,0,0,1,0,0
42,34,0,2020-04-05 22:00:00,2020-04-05,4,0,0,0,5
38,29,0,2020-04-04 21:00:00,2020-04-04,1,0,0,0,0
37,29,0,2020-04-03 21:00:00,2020-04-03,7,0,0,0,8
30,21,0,2020-04-02 21:00:00,2020-04-02,0,0,0,0,21
30,0,0,2020-04-01 21:00:00,2020-04-01,0,0,0,0,0
30,0,0,2020-03-31 21:00:00,2020-03-31,7,0,0,0,0
23,0,0,2020-03-30 21:00:00,2020-03-30,1,0,0,0,0
22,0,0,2020-03-29 21:00:00,2020-03-29,3,0,0,0,0
19,0,0,2020-03-28 21:00:00,2020-03-28,2,0,0,0,0
17,0,0,2020-03-27 21:10:00,2020-03-27,0,0,0,0,0
17,0,0,2020-03-26 22:20:00,2020-03-26,0,0,0,0,0
17,0,0,2020-03-25 23:20:00,2020-03-25,0,0,0,0,0
17,0,0,2020-03-24 21:20:00,2020-03-24,11,0,0,0,0
6,0,0,2020-03-23 21:40:00,2020-03-23,0,0,0,0,0
6,0,0,2020-03-22 21:00:00,2020-03-22,0,0,0,0,0
6,0,0,2020-03-21 21:00:00,2020-03-21,3,0,0,0,0
3,0,0,2020-03-20 21:20:00,2020-03-20,1,0,0,0,0
2,0,0,2020-03-19 21:30:00,2020-03-19,0,0,0,0,0
2,0,0,2020-03-18 22:00:00,2020-03-18,0,0,0,0,0
2,0,0,2020-03-17 21:00:00,2020-03-17,1,0,0,0,0
1,0,0,2020-03-16 21:00:00,2020-03-16,0,0,0,0,0
1,0,0,2020-03-15 21:00:00,2020-03-15,0,0,0,0,0
1,0,0,2020-03-14 21:00:00,2020-03-14,1,0,0,0,0
0,0,0,2020-03-13 21:00:00,2020-03-13,0,0,0,0,0
0,0,0,2020-03-12 21:00:00,2020-03-12,0,0,0,0,0
0,0,0,2020-03-11 21:00:00,2020-03-11,0,0,0,0,0
0,0,0,2020-03-10 21:00:00,2020-03-10,0,0,0,0,0
0,0,0,2020-03-09 21:00:00,2020-03-09,0,0,0,0,0
0,0,0,2020-03-08 21:00:00,2020-03-08,0,0,0,0,0
0,0,0,2020-03-07 21:00:00,2020-03-07,0,0,0,0,0
0,0,0,2020-03-06 21:00:00,2020-03-06,0,0,0,0,0
0,0,0,2020-03-05 21:00:00,2020-03-05,0,0,0,0,0
0,0,0,2020-03-04 21:00:00,2020-03-04,0,0,0,0,0
0,0,0,2020-03-03 21:00:00,2020-03-03,0,0,0,0,0
0,0,0,2020-03-02 21:00:00,2020-03-02,0,0,0,0,0
0,0,0,2020-03-01 21:00:00,2020-03-01,0,0,0,0,0
0,0,0,2020-02-29 21:00:00,2020-02-29,0,0,0,0,0
0,0,0,2020-02-28 21:00:00,2020-02-28,0,0,0,0,0
0,0,0,2020-02-27 21:00:00,2020-02-27,0,0,0,0,0
0,0,0,2020-02-26 21:00:00,2020-02-26,0,0,0,0,0
0,0,0,2020-02-25 21:00:00,2020-02-25,0,0,0,0,0
0,0,0,2020-02-24 21:00:00,2020-02-24,0,0,0,0,0
0,0,0,2020-02-23 21:00:00,2020-02-23,0,0,0,0,0
0,0,0,2020-02-22 21:00:00,2020-02-22,0,0,0,0,0
0,0,0,2020-02-21 21:00:00,2020-02-21,0,0,0,0,0
0,0,0,2020-02-20 21:00:00,2020-02-20,0,0,0,0,0
0,0,0,2020-02-19 21:00:00,2020-02-19,0,0,0,0,0
0,0,0,2020-02-18 21:00:00,2020-02-18,0,0,0,0,0
0,0,0,2020-02-17 21:00:00,2020-02-17,0,0,0,0,0
0,0,0,2020-02-16 21:00:00,2020-02-16,0,0,0,0,0
0,0,0,2020-02-15 21:00:00,2020-02-15,0,0,0,0,0
0,0,0,2020-02-14 21:00:00,2020-02-14,0,0,0,0,0
0,0,0,2020-02-13 21:00:00,2020-02-13,0,0,0,0,0
0,0,0,2020-02-12 21:00:00,2020-02-12,0,0,0,0,0
0,0,0,2020-02-11 20:30:00,2020-02-11,0,0,0,0,0
0,0,0,2020-02-10 21:00:00,2020-02-10,0,0,0,0,0
0,0,0,2020-02-09 21:00:00,2020-02-09,0,0,0,0,0
0,0,0,2020-02-08 21:00:00,2020-02-08,0,0,0,0,0
0,0,0,2020-02-07 21:00:00,2020-02-07,0,0,0,0,0
0,0,0,2020-02-06 21:00:00,2020-02-06,0,0,0,0,0
0,0,0,2020-02-05 21:00:00,2020-02-05,0,0,0,0,0
0,0,0,2020-02-04 20:00:00,2020-02-04,0,0,0,0,0
0,0,0,2020-02-03 20:00:00,2020-02-03,0,0,0,0,0
0,0,0,2020-02-02 20:00:00,2020-02-02,0,0,0,0,0
0,0,0,2020-02-01 10:00:00,2020-02-01,0,0,0,0,0
0,0,0,2020-01-31 12:30:00,2020-01-31,0,0,0,0,0
0,0,0,2020-01-30 12:00:00,2020-01-30,0,0,0,0,0
0,0,0,2020-01-29 14:00:00,2020-01-29,0,0,0,0,0
0,0,0,2020-01-28 11:30:00,2020-01-28,0,0,0,0,0
0,0,0,2020-01-27 14:00:00,2020-01-27,0,0,0,0,0
0,0,0,2020-01-26 13:00:00,2020-01-26,0,0,0,0,0
0,0,0,2020-01-25 15:00:00,2020-01-25,0,0,0,0,0
0,0,0,2020-01-24 15:00:00,2020-01-24,0,0,0,0,0
0,0,0,2020-01-23 15:00:00,2020-01-23,0,0,0,0,0
0,0,0,2020-01-22 15:00:00,2020-01-22,0,0,0,0,0
0,0,0,2020-01-21 15:00:00,2020-01-21,0,0,0,0,0
