Confirmed,Recovered,Deaths,Date_last_updated_AEDT,date_day,New,DayElapsed,New_death,DayElapsed_death,New_recover
18531,9872,99,2020-07-23 22:00:00,2020-07-23,360,118,3,107,351
18171,9521,96,2020-07-22 22:00:00,2020-07-22,581,117,4,106,58
17590,9463,92,2020-07-21 22:00:00,2020-07-21,624,116,4,105,184
16966,9279,88,2020-07-20 22:00:00,2020-07-20,537,115,5,104,152
16429,9127,83,2020-07-19 22:00:00,2020-07-19,533,114,3,103,124
15896,9003,80,2020-07-18 22:00:00,2020-07-18,547,113,4,102,220
15349,8783,76,2020-07-17 22:00:00,2020-07-17,562,112,4,101,128
14787,8655,72,2020-07-16 22:00:00,2020-07-16,494,111,4,100,328
14293,8327,68,2020-07-15 22:00:00,2020-07-15,421,110,4,99,297
13872,8030,64,2020-07-14 22:00:00,2020-07-14,679,109,3,98,178
13193,7852,61,2020-07-13 22:00:00,2020-07-13,487,108,3,97,129
12706,7723,58,2020-07-12 22:00:00,2020-07-12,500,107,2,96,183
12206,7540,56,2020-07-11 22:00:00,2020-07-11,349,106,3,95,205
11857,7335,53,2020-07-10 22:00:00,2020-07-10,598,105,6,94,275
11259,7060,47,2020-07-09 22:00:00,2020-07-09,421,104,6,93,249
10838,6811,41,2020-07-08 22:00:00,2020-07-08,379,103,4,92,121
10459,6690,37,2020-07-07 22:00:00,2020-07-07,316,102,2,91,106
10143,6584,35,2020-07-06 22:00:00,2020-07-06,314,101,4,90,159
9829,6425,31,2020-07-05 22:00:00,2020-07-05,329,100,2,89,174
9500,6251,29,2020-07-04 22:00:00,2020-07-04,301,99,2,88,217
9199,6034,27,2020-07-03 22:00:00,2020-07-03,295,98,1,87,187
8904,5847,26,2020-07-02 22:00:00,2020-07-02,277,97,0,86,165
8627,5682,26,2020-07-01 22:00:00,2020-07-01,329,96,2,85,113
8298,5569,24,2020-06-30 22:00:00,2020-06-30,267,95,2,84,240
8031,5329,22,2020-06-29 22:00:00,2020-06-29,306,94,2,83,89
7725,5240,20,2020-06-28 22:00:00,2020-06-28,235,93,0,82,202
7490,5038,20,2020-06-27 22:00:00,2020-06-27,262,92,0,81,161
7228,4877,20,2020-06-26 22:00:00,2020-06-26,238,91,1,80,192
6990,4685,19,2020-06-25 22:00:00,2020-06-25,235,90,0,79,125
6755,4560,19,2020-06-24 22:00:00,2020-06-24,255,89,0,78,110
6500,4450,19,2020-06-23 22:00:00,2020-06-23,142,88,0,77,73
6358,4377,19,2020-06-22 22:00:00,2020-06-22,142,87,0,76,87
6216,4290,19,2020-06-21 22:00:00,2020-06-21,191,86,0,75,17
6025,4273,19,2020-06-20 22:00:00,2020-06-20,170,85,0,74,74
5855,4199,19,2020-06-19 22:00:00,2020-06-19,158,84,0,73,68
5697,4131,19,2020-06-18 22:00:00,2020-06-18,136,83,0,72,35
5561,4096,19,2020-06-17 22:00:00,2020-06-17,268,82,0,71,77
5293,4019,19,2020-06-16 22:00:00,2020-06-16,190,81,0,70,34
5103,3985,19,2020-06-15 22:00:00,2020-06-15,109,80,0,69,75
4994,3910,19,2020-06-14 22:00:00,2020-06-14,93,79,0,68,152
4901,3758,19,2020-06-13 22:00:00,2020-06-13,82,78,0,67,58
4819,3700,19,2020-06-12 22:00:00,2020-06-12,124,77,0,66,168
4695,3532,19,2020-06-11 22:00:00,2020-06-11,148,76,1,65,73
4547,3459,18,2020-06-10 22:00:00,2020-06-10,99,75,0,64,36
4448,3423,18,2020-06-09 22:00:00,2020-06-09,96,74,1,63,69
4352,3354,17,2020-06-08 22:00:00,2020-06-08,171,73,0,62,86
4181,3268,17,2020-06-07 22:00:00,2020-06-07,159,72,1,61,21
4022,3247,16,2020-06-06 22:00:00,2020-06-06,57,71,0,60,160
3965,3087,16,2020-06-05 22:00:00,2020-06-05,91,70,0,59,5
3874,3082,16,2020-06-04 22:00:00,2020-06-04,105,69,1,58,121
3769,2961,15,2020-06-03 22:00:00,2020-06-03,51,68,0,57,102
3718,2859,15,2020-06-02 22:00:00,2020-06-02,56,67,0,56,22
3662,2837,15,2020-06-01 22:00:00,2020-06-01,108,66,1,55,54
3554,2783,14,2020-05-31 22:00:00,2020-05-31,41,65,0,54,55
3513,2728,14,2020-05-30 22:00:00,2020-05-30,50,64,0,53,34
3463,2694,14,2020-05-29 22:00:00,2020-05-29,67,63,0,52,26
3396,2668,14,2020-05-28 22:00:00,2020-05-28,63,62,0,51,9
3333,2659,14,2020-05-27 22:00:00,2020-05-27,72,61,1,50,52
3261,2607,13,2020-05-26 22:00:00,2020-05-26,81,60,0,49,42
3180,2565,13,2020-05-25 22:00:00,2020-05-25,48,59,0,48,33
3132,2532,13,2020-05-24 22:00:00,2020-05-24,96,58,0,47,40
3036,2492,13,2020-05-23 22:00:00,2020-05-23,30,57,0,46,85
3006,2407,13,2020-05-22 22:00:00,2020-05-22,56,56,0,45,35
2950,2372,13,2020-05-21 22:00:00,2020-05-21,70,55,0,44,6
2880,2366,13,2020-05-20 22:00:00,2020-05-20,55,54,0,43,28
2825,2338,13,2020-05-19 22:00:00,2020-05-19,63,53,1,42,91
2762,2247,12,2020-05-18 22:00:00,2020-05-18,21,52,1,41,34
2741,2213,11,2020-05-17 22:00:00,2020-05-17,50,51,0,40,55
2691,2158,11,2020-05-16 22:00:00,2020-05-16,39,50,0,39,22
2652,2136,11,2020-05-15 22:00:00,2020-05-15,32,49,0,38,60
2620,2076,11,2020-05-14 22:00:00,2020-05-14,52,48,1,37,36
2568,2040,10,2020-05-13 22:00:00,2020-05-13,59,47,0,36,52
2509,1988,10,2020-05-12 22:00:00,2020-05-12,56,46,0,35,6
2453,1982,10,2020-05-11 22:00:00,2020-05-11,42,45,0,34,112
2411,1870,10,2020-05-10 22:00:00,2020-05-10,75,44,0,33,95
2336,1775,10,2020-05-09 22:00:00,2020-05-09,22,43,0,32,54
2314,1721,10,2020-05-08 22:00:00,2020-05-08,48,42,0,31,129
2266,1592,10,2020-05-07 22:00:00,2020-05-07,49,41,0,30,36
2217,1556,10,2020-05-06 22:00:00,2020-05-06,28,40,0,29,102
2189,1454,10,2020-05-05 22:00:00,2020-05-05,29,39,0,28,127
2160,1327,10,2020-05-04 22:00:00,2020-05-04,33,38,1,27,56
2127,1271,9,2020-05-03 22:00:00,2020-05-03,33,37,0,26,42
2094,1229,9,2020-05-02 22:00:00,2020-05-02,19,36,0,25,47
2075,1182,9,2020-05-01 22:00:00,2020-05-01,58,35,0,24,86
2017,1096,9,2020-04-30 22:00:00,2020-04-30,48,34,1,23,41
1969,1055,8,2020-04-29 22:00:00,2020-04-29,30,33,0,22,97
1939,958,8,2020-04-28 22:00:00,2020-04-28,52,32,0,21,132
1887,826,8,2020-04-27 22:00:00,2020-04-27,22,31,0,20,119
1865,707,8,2020-04-26 22:00:00,2020-04-26,29,30,0,19,0
1836,707,8,2020-04-25 22:00:00,2020-04-25,58,29,0,18,109
1778,598,8,2020-04-24 22:00:00,2020-04-24,62,28,1,17,144
1716,454,7,2020-04-23 22:00:00,2020-04-23,24,27,0,16,30
1692,424,7,2020-04-22 22:00:00,2020-04-22,35,26,2,15,163
1657,261,5,2020-04-21 22:00:00,2020-04-21,75,25,0,14,21
1582,240,5,2020-04-20 22:00:00,2020-04-20,87,24,0,13,26
1495,214,5,2020-04-19 22:00:00,2020-04-19,45,23,1,12,46
1450,168,4,2020-04-18 22:00:00,2020-04-18,70,22,0,11,28
1380,140,4,2020-04-17 22:00:00,2020-04-17,31,21,0,10,33
1349,107,4,2020-04-16 22:00:00,2020-04-16,74,20,0,9,8
1275,99,4,2020-04-15 22:00:00,2020-04-15,162,19,0,8,0
1113,99,4,2020-04-14 22:00:00,2020-04-14,217,18,0,7,29
896,70,4,2020-04-13 22:00:00,2020-04-13,63,17,0,6,28
833,42,4,2020-04-12 22:00:00,2020-04-12,104,16,1,5,0
729,42,3,2020-04-11 22:00:00,2020-04-11,105,15,0,4,0
624,42,3,2020-04-10 22:00:00,2020-04-10,69,14,0,3,12
555,30,3,2020-04-09 22:00:00,2020-04-09,21,13,0,2,0
534,30,3,2020-04-08 22:00:00,2020-04-08,30,12,1,1,0
504,30,2,2020-04-07 22:00:00,2020-04-07,114,11,0,0,0
390,30,2,2020-04-06 22:00:00,2020-04-06,92,10,0,0,5
298,25,2,2020-04-05 22:00:00,2020-04-05,57,9,0,0,0
241,25,2,2020-04-04 21:00:00,2020-04-04,20,8,0,0,0
221,25,2,2020-04-03 21:00:00,2020-04-03,31,7,0,0,13
190,12,2,2020-04-02 21:00:00,2020-04-02,17,6,0,0,4
173,8,2,2020-04-01 21:00:00,2020-04-01,15,5,0,0,1
158,7,2,2020-03-31 21:00:00,2020-03-31,14,4,0,0,0
144,7,2,2020-03-30 21:00:00,2020-03-30,11,3,0,0,0
133,7,2,2020-03-29 21:00:00,2020-03-29,29,2,0,0,2
104,5,2,2020-03-28 21:00:00,2020-03-28,21,1,1,0,0
83,5,1,2020-03-27 21:10:00,2020-03-27,18,0,1,0,5
65,0,0,2020-03-26 22:20:00,2020-03-26,9,0,0,0,0
56,0,0,2020-03-25 23:20:00,2020-03-25,7,0,0,0,0
49,0,0,2020-03-24 21:20:00,2020-03-24,3,0,0,0,0
46,0,0,2020-03-23 21:40:00,2020-03-23,4,0,0,0,0
42,0,0,2020-03-22 21:00:00,2020-03-22,5,0,0,0,0
37,0,0,2020-03-21 21:00:00,2020-03-21,4,0,0,0,0
33,0,0,2020-03-20 21:20:00,2020-03-20,10,0,0,0,0
23,0,0,2020-03-19 21:30:00,2020-03-19,8,0,0,0,0
15,0,0,2020-03-18 22:00:00,2020-03-18,5,0,0,0,0
10,0,0,2020-03-17 21:00:00,2020-03-17,4,0,0,0,0
6,0,0,2020-03-16 21:00:00,2020-03-16,5,0,0,0,0
1,0,0,2020-03-15 21:00:00,2020-03-15,1,0,0,0,0
0,0,0,2020-03-14 21:00:00,2020-03-14,0,0,0,0,0
0,0,0,2020-03-13 21:00:00,2020-03-13,0,0,0,0,0
0,0,0,2020-03-12 21:00:00,2020-03-12,0,0,0,0,0
0,0,0,2020-03-11 21:00:00,2020-03-11,0,0,0,0,0
0,0,0,2020-03-10 21:00:00,2020-03-10,0,0,0,0,0
0,0,0,2020-03-09 21:00:00,2020-03-09,0,0,0,0,0
0,0,0,2020-03-08 21:00:00,2020-03-08,0,0,0,0,0
0,0,0,2020-03-07 21:00:00,2020-03-07,0,0,0,0,0
0,0,0,2020-03-06 21:00:00,2020-03-06,0,0,0,0,0
0,0,0,2020-03-05 21:00:00,2020-03-05,0,0,0,0,0
0,0,0,2020-03-04 21:00:00,2020-03-04,0,0,0,0,0
0,0,0,2020-03-03 21:00:00,2020-03-03,0,0,0,0,0
0,0,0,2020-03-02 21:00:00,2020-03-02,0,0,0,0,0
0,0,0,2020-03-01 21:00:00,2020-03-01,0,0,0,0,0
0,0,0,2020-02-29 21:00:00,2020-02-29,0,0,0,0,0
0,0,0,2020-02-28 21:00:00,2020-02-28,0,0,0,0,0
0,0,0,2020-02-27 21:00:00,2020-02-27,0,0,0,0,0
0,0,0,2020-02-26 21:00:00,2020-02-26,0,0,0,0,0
0,0,0,2020-02-25 21:00:00,2020-02-25,0,0,0,0,0
0,0,0,2020-02-24 21:00:00,2020-02-24,0,0,0,0,0
0,0,0,2020-02-23 21:00:00,2020-02-23,0,0,0,0,0
0,0,0,2020-02-22 21:00:00,2020-02-22,0,0,0,0,0
0,0,0,2020-02-21 21:00:00,2020-02-21,0,0,0,0,0
0,0,0,2020-02-20 21:00:00,2020-02-20,0,0,0,0,0
0,0,0,2020-02-19 21:00:00,2020-02-19,0,0,0,0,0
0,0,0,2020-02-18 21:00:00,2020-02-18,0,0,0,0,0
0,0,0,2020-02-17 21:00:00,2020-02-17,0,0,0,0,0
0,0,0,2020-02-16 21:00:00,2020-02-16,0,0,0,0,0
0,0,0,2020-02-15 21:00:00,2020-02-15,0,0,0,0,0
0,0,0,2020-02-14 21:00:00,2020-02-14,0,0,0,0,0
0,0,0,2020-02-13 21:00:00,2020-02-13,0,0,0,0,0
0,0,0,2020-02-12 21:00:00,2020-02-12,0,0,0,0,0
0,0,0,2020-02-11 20:30:00,2020-02-11,0,0,0,0,0
0,0,0,2020-02-10 21:00:00,2020-02-10,0,0,0,0,0
0,0,0,2020-02-09 21:00:00,2020-02-09,0,0,0,0,0
0,0,0,2020-02-08 21:00:00,2020-02-08,0,0,0,0,0
0,0,0,2020-02-07 21:00:00,2020-02-07,0,0,0,0,0
0,0,0,2020-02-06 21:00:00,2020-02-06,0,0,0,0,0
0,0,0,2020-02-05 21:00:00,2020-02-05,0,0,0,0,0
0,0,0,2020-02-04 20:00:00,2020-02-04,0,0,0,0,0
0,0,0,2020-02-03 20:00:00,2020-02-03,0,0,0,0,0
0,0,0,2020-02-02 20:00:00,2020-02-02,0,0,0,0,0
0,0,0,2020-02-01 10:00:00,2020-02-01,0,0,0,0,0
0,0,0,2020-01-31 12:30:00,2020-01-31,0,0,0,0,0
0,0,0,2020-01-30 12:00:00,2020-01-30,0,0,0,0,0
0,0,0,2020-01-29 14:00:00,2020-01-29,0,0,0,0,0
0,0,0,2020-01-28 11:30:00,2020-01-28,0,0,0,0,0
0,0,0,2020-01-27 14:00:00,2020-01-27,0,0,0,0,0
0,0,0,2020-01-26 13:00:00,2020-01-26,0,0,0,0,0
0,0,0,2020-01-25 15:00:00,2020-01-25,0,0,0,0,0
0,0,0,2020-01-24 15:00:00,2020-01-24,0,0,0,0,0
0,0,0,2020-01-23 15:00:00,2020-01-23,0,0,0,0,0
0,0,0,2020-01-22 15:00:00,2020-01-22,0,0,0,0,0
0,0,0,2020-01-21 15:00:00,2020-01-21,0,0,0,0,0
