Confirmed,Recovered,Deaths,Date_last_updated_AEDT,date_day,New,DayElapsed,New_death,DayElapsed_death,New_recover
10428,3050,100,2020-07-16 22:00:00,2020-07-16,418,113,4,109,379
10010,2671,96,2020-07-15 22:00:00,2020-07-15,303,112,3,108,0
9707,2671,93,2020-07-14 22:00:00,2020-07-14,242,111,4,107,0
9465,2671,89,2020-07-13 22:00:00,2020-07-13,287,110,4,106,0
9178,2671,85,2020-07-12 22:00:00,2020-07-12,375,109,2,105,0
8803,2671,83,2020-07-11 22:00:00,2020-07-11,431,108,3,104,127
8372,2544,80,2020-07-10 22:00:00,2020-07-10,364,107,5,103,444
8008,2100,75,2020-07-09 22:00:00,2020-07-09,315,106,4,102,0
7693,2100,71,2020-07-08 22:00:00,2020-07-08,282,105,3,101,0
7411,2100,68,2020-07-07 22:00:00,2020-07-07,242,104,3,100,0
7169,2100,65,2020-07-06 22:00:00,2020-07-06,419,103,3,99,0
6750,2100,62,2020-07-05 22:00:00,2020-07-05,213,102,3,98,0
6537,2100,59,2020-07-04 22:00:00,2020-07-04,264,101,2,97,0
6273,2100,57,2020-07-03 22:00:00,2020-07-03,211,100,3,96,451
6062,1649,54,2020-07-02 22:00:00,2020-07-02,230,99,3,95,0
5832,1649,51,2020-07-01 22:00:00,2020-07-01,302,98,3,94,0
5530,1649,48,2020-06-30 22:00:00,2020-06-30,233,97,4,93,0
5297,1649,44,2020-06-29 22:00:00,2020-06-29,167,96,2,92,322
5130,1327,42,2020-06-28 22:00:00,2020-06-28,351,95,1,91,0
4779,1327,41,2020-06-27 22:00:00,2020-06-27,216,94,2,90,0
4563,1327,39,2020-06-26 22:00:00,2020-06-26,197,93,1,89,0
4366,1327,38,2020-06-25 22:00:00,2020-06-25,179,92,3,88,0
4187,1327,35,2020-06-24 22:00:00,2020-06-24,139,91,0,87,0
4048,1327,35,2020-06-23 22:00:00,2020-06-23,131,90,2,86,492
3917,835,33,2020-06-22 22:00:00,2020-06-22,128,89,0,85,0
3789,835,33,2020-06-21 22:00:00,2020-06-21,198,88,3,84,0
3591,835,30,2020-06-20 22:00:00,2020-06-20,108,87,2,83,0
3483,835,28,2020-06-19 22:00:00,2020-06-19,97,86,0,82,0
3386,835,28,2020-06-18 22:00:00,2020-06-18,236,85,1,81,0
3150,835,27,2020-06-17 22:00:00,2020-06-17,88,84,1,80,0
3062,835,26,2020-06-16 22:00:00,2020-06-16,84,83,1,79,0
2978,835,25,2020-06-15 22:00:00,2020-06-15,74,82,1,78,348
2904,487,24,2020-06-14 22:00:00,2020-06-14,25,81,1,77,0
2879,487,23,2020-06-13 22:00:00,2020-06-13,65,80,0,76,0
2814,487,23,2020-06-12 22:00:00,2020-06-12,76,79,0,75,0
2738,487,23,2020-06-11 22:00:00,2020-06-11,106,78,0,74,0
2632,487,23,2020-06-10 22:00:00,2020-06-10,159,77,1,73,0
2473,487,22,2020-06-09 22:00:00,2020-06-09,96,76,0,72,0
2377,487,22,2020-06-08 22:00:00,2020-06-08,61,75,0,71,102
2316,385,22,2020-06-07 22:00:00,2020-06-07,171,74,2,70,51
2145,334,20,2020-06-06 22:00:00,2020-06-06,58,73,0,69,0
2087,334,20,2020-06-05 22:00:00,2020-06-05,135,72,0,68,0
1952,334,20,2020-06-04 22:00:00,2020-06-04,133,71,2,67,0
1819,334,18,2020-06-03 22:00:00,2020-06-03,157,70,1,66,32
1662,302,17,2020-06-02 22:00:00,2020-06-02,152,69,3,65,0
1510,302,14,2020-06-01 22:00:00,2020-06-01,51,68,0,64,0
1459,302,14,2020-05-31 22:00:00,2020-05-31,89,67,0,63,0
1370,302,14,2020-05-30 22:00:00,2020-05-30,45,66,3,62,0
1325,302,11,2020-05-29 22:00:00,2020-05-29,80,65,0,61,0
1245,302,11,2020-05-28 22:00:00,2020-05-28,34,64,0,60,0
1211,302,11,2020-05-27 22:00:00,2020-05-27,34,63,1,59,0
1177,302,10,2020-05-26 22:00:00,2020-05-26,56,62,0,58,40
1121,262,10,2020-05-25 22:00:00,2020-05-25,111,61,0,57,0
1010,262,10,2020-05-24 22:00:00,2020-05-24,66,60,0,56,0
944,262,10,2020-05-23 22:00:00,2020-05-23,62,59,0,55,0
882,262,10,2020-05-22 22:00:00,2020-05-22,58,58,0,54,0
824,262,10,2020-05-21 22:00:00,2020-05-21,75,57,0,53,9
749,253,10,2020-05-20 22:00:00,2020-05-20,131,56,0,52,0
618,253,10,2020-05-19 22:00:00,2020-05-19,77,55,0,51,12
541,241,10,2020-05-18 22:00:00,2020-05-18,37,54,0,50,0
504,241,10,2020-05-17 22:00:00,2020-05-17,45,53,0,49,12
459,229,10,2020-05-16 22:00:00,2020-05-16,4,52,0,48,9
455,220,10,2020-05-15 22:00:00,2020-05-15,15,51,0,47,0
440,220,10,2020-05-14 22:00:00,2020-05-14,17,50,0,46,0
423,220,10,2020-05-13 22:00:00,2020-05-13,1,49,0,45,15
422,205,10,2020-05-12 22:00:00,2020-05-12,8,48,0,44,12
414,193,10,2020-05-11 22:00:00,2020-05-11,12,47,0,43,3
402,190,10,2020-05-10 22:00:00,2020-05-10,14,46,0,42,0
388,190,10,2020-05-09 22:00:00,2020-05-09,7,45,0,41,5
381,185,10,2020-05-08 22:00:00,2020-05-08,2,44,0,40,9
379,176,10,2020-05-07 22:00:00,2020-05-07,12,43,0,39,12
367,164,10,2020-05-06 22:00:00,2020-05-06,6,42,0,38,6
361,158,10,2020-05-05 22:00:00,2020-05-05,4,41,0,37,0
357,158,10,2020-05-04 22:00:00,2020-05-04,12,40,0,36,10
345,148,10,2020-05-03 22:00:00,2020-05-03,10,39,0,35,0
335,148,10,2020-05-02 22:00:00,2020-05-02,2,38,-6,34,6
333,142,16,2020-05-01 22:00:00,2020-05-01,2,37,6,33,0
331,142,10,2020-04-30 22:00:00,2020-04-30,2,36,0,32,0
329,142,10,2020-04-29 22:00:00,2020-04-29,0,35,0,31,0
329,142,10,2020-04-28 22:00:00,2020-04-28,4,34,0,30,5
325,137,10,2020-04-27 22:00:00,2020-04-27,2,33,0,29,5
323,132,10,2020-04-26 22:00:00,2020-04-26,5,32,0,28,0
318,132,10,2020-04-25 22:00:00,2020-04-25,7,31,0,27,6
311,126,10,2020-04-24 22:00:00,2020-04-24,13,30,0,26,4
298,122,10,2020-04-23 22:00:00,2020-04-23,10,29,0,25,0
288,122,10,2020-04-22 22:00:00,2020-04-22,3,28,0,24,5
285,117,10,2020-04-21 22:00:00,2020-04-21,29,27,1,23,0
256,117,9,2020-04-20 22:00:00,2020-04-20,29,26,0,22,0
227,117,9,2020-04-19 22:00:00,2020-04-19,0,25,0,21,4
227,113,9,2020-04-18 22:00:00,2020-04-18,23,24,0,20,2
204,111,9,2020-04-17 22:00:00,2020-04-17,7,23,0,19,0
197,111,9,2020-04-16 22:00:00,2020-04-16,0,22,0,18,0
197,111,9,2020-04-15 22:00:00,2020-04-15,8,21,0,17,1
189,110,9,2020-04-14 22:00:00,2020-04-14,8,20,0,16,17
181,93,9,2020-04-13 22:00:00,2020-04-13,6,19,0,15,0
175,93,9,2020-04-12 22:00:00,2020-04-12,0,18,0,14,9
175,84,9,2020-04-11 22:00:00,2020-04-11,4,17,0,13,0
171,84,9,2020-04-10 22:00:00,2020-04-10,4,16,0,12,19
167,65,9,2020-04-09 22:00:00,2020-04-09,1,15,2,11,0
166,65,7,2020-04-08 22:00:00,2020-04-08,1,14,0,10,0
165,65,7,2020-04-07 22:00:00,2020-04-07,6,13,0,9,13
159,52,7,2020-04-06 22:00:00,2020-04-06,4,12,0,8,0
155,52,7,2020-04-05 22:00:00,2020-04-05,2,11,0,7,0
153,52,7,2020-04-04 21:00:00,2020-04-04,7,10,2,6,9
146,43,5,2020-04-03 21:00:00,2020-04-03,2,9,2,5,0
144,43,3,2020-04-02 21:00:00,2020-04-02,1,8,0,4,2
143,41,3,2020-04-01 21:00:00,2020-04-01,8,7,0,3,2
135,39,3,2020-03-31 21:00:00,2020-03-31,16,6,0,2,0
119,39,3,2020-03-30 21:00:00,2020-03-30,0,5,1,1,0
119,39,2,2020-03-29 21:00:00,2020-03-29,6,4,0,0,8
113,31,2,2020-03-28 21:00:00,2020-03-28,6,3,1,0,16
107,15,1,2020-03-27 21:10:00,2020-03-27,1,2,1,0,0
106,15,0,2020-03-26 22:20:00,2020-03-26,15,1,0,0,0
91,15,0,2020-03-25 23:20:00,2020-03-25,7,0,0,0,0
84,15,0,2020-03-24 21:20:00,2020-03-24,7,0,0,0,0
77,15,0,2020-03-23 21:40:00,2020-03-23,7,0,0,0,0
70,15,0,2020-03-22 21:00:00,2020-03-22,5,0,0,0,14
65,1,0,2020-03-21 21:00:00,2020-03-21,23,0,0,0,1
42,0,0,2020-03-20 21:20:00,2020-03-20,6,0,0,0,0
36,0,0,2020-03-19 21:30:00,2020-03-19,0,0,0,0,0
36,0,0,2020-03-18 22:00:00,2020-03-18,3,0,0,0,0
33,0,0,2020-03-17 21:00:00,2020-03-17,16,0,0,0,0
17,0,0,2020-03-16 21:00:00,2020-03-16,7,0,0,0,0
10,0,0,2020-03-15 21:00:00,2020-03-15,8,0,0,0,0
2,0,0,2020-03-14 21:00:00,2020-03-14,2,0,0,0,0
0,0,0,2020-03-13 21:00:00,2020-03-13,0,0,0,0,0
0,0,0,2020-03-12 21:00:00,2020-03-12,0,0,0,0,0
0,0,0,2020-03-11 21:00:00,2020-03-11,0,0,0,0,0
0,0,0,2020-03-10 21:00:00,2020-03-10,0,0,0,0,0
0,0,0,2020-03-09 21:00:00,2020-03-09,0,0,0,0,0
0,0,0,2020-03-08 21:00:00,2020-03-08,0,0,0,0,0
0,0,0,2020-03-07 21:00:00,2020-03-07,0,0,0,0,0
0,0,0,2020-03-06 21:00:00,2020-03-06,0,0,0,0,0
0,0,0,2020-03-05 21:00:00,2020-03-05,0,0,0,0,0
0,0,0,2020-03-04 21:00:00,2020-03-04,0,0,0,0,0
0,0,0,2020-03-03 21:00:00,2020-03-03,0,0,0,0,0
0,0,0,2020-03-02 21:00:00,2020-03-02,0,0,0,0,0
0,0,0,2020-03-01 21:00:00,2020-03-01,0,0,0,0,0
0,0,0,2020-02-29 21:00:00,2020-02-29,0,0,0,0,0
0,0,0,2020-02-28 21:00:00,2020-02-28,0,0,0,0,0
0,0,0,2020-02-27 21:00:00,2020-02-27,0,0,0,0,0
0,0,0,2020-02-26 21:00:00,2020-02-26,0,0,0,0,0
0,0,0,2020-02-25 21:00:00,2020-02-25,0,0,0,0,0
0,0,0,2020-02-24 21:00:00,2020-02-24,0,0,0,0,0
0,0,0,2020-02-23 21:00:00,2020-02-23,0,0,0,0,0
0,0,0,2020-02-22 21:00:00,2020-02-22,0,0,0,0,0
0,0,0,2020-02-21 21:00:00,2020-02-21,0,0,0,0,0
0,0,0,2020-02-20 21:00:00,2020-02-20,0,0,0,0,0
0,0,0,2020-02-19 21:00:00,2020-02-19,0,0,0,0,0
0,0,0,2020-02-18 21:00:00,2020-02-18,0,0,0,0,0
0,0,0,2020-02-17 21:00:00,2020-02-17,0,0,0,0,0
0,0,0,2020-02-16 21:00:00,2020-02-16,0,0,0,0,0
0,0,0,2020-02-15 21:00:00,2020-02-15,0,0,0,0,0
0,0,0,2020-02-14 21:00:00,2020-02-14,0,0,0,0,0
0,0,0,2020-02-13 21:00:00,2020-02-13,0,0,0,0,0
0,0,0,2020-02-12 21:00:00,2020-02-12,0,0,0,0,0
0,0,0,2020-02-11 20:30:00,2020-02-11,0,0,0,0,0
0,0,0,2020-02-10 21:00:00,2020-02-10,0,0,0,0,0
0,0,0,2020-02-09 21:00:00,2020-02-09,0,0,0,0,0
0,0,0,2020-02-08 21:00:00,2020-02-08,0,0,0,0,0
0,0,0,2020-02-07 21:00:00,2020-02-07,0,0,0,0,0
0,0,0,2020-02-06 21:00:00,2020-02-06,0,0,0,0,0
0,0,0,2020-02-05 21:00:00,2020-02-05,0,0,0,0,0
0,0,0,2020-02-04 20:00:00,2020-02-04,0,0,0,0,0
0,0,0,2020-02-03 20:00:00,2020-02-03,0,0,0,0,0
0,0,0,2020-02-02 20:00:00,2020-02-02,0,0,0,0,0
0,0,0,2020-02-01 10:00:00,2020-02-01,0,0,0,0,0
0,0,0,2020-01-31 12:30:00,2020-01-31,0,0,0,0,0
0,0,0,2020-01-30 12:00:00,2020-01-30,0,0,0,0,0
0,0,0,2020-01-29 14:00:00,2020-01-29,0,0,0,0,0
0,0,0,2020-01-28 11:30:00,2020-01-28,0,0,0,0,0
0,0,0,2020-01-27 14:00:00,2020-01-27,0,0,0,0,0
0,0,0,2020-01-26 13:00:00,2020-01-26,0,0,0,0,0
0,0,0,2020-01-25 15:00:00,2020-01-25,0,0,0,0,0
0,0,0,2020-01-24 15:00:00,2020-01-24,0,0,0,0,0
0,0,0,2020-01-23 15:00:00,2020-01-23,0,0,0,0,0
0,0,0,2020-01-22 15:00:00,2020-01-22,0,0,0,0,0
0,0,0,2020-01-21 15:00:00,2020-01-21,0,0,0,0,0
