Confirmed,Recovered,Deaths,Date_last_updated_AEDT,date_day,New,DayElapsed,New_death,DayElapsed_death,New_recover
1131,915,55,2020-06-18 22:00:00,2020-06-18,0,85,0,87,1
1131,914,55,2020-06-17 22:00:00,2020-06-17,3,84,0,86,2
1128,912,55,2020-06-16 22:00:00,2020-06-16,1,83,0,85,3
1127,909,55,2020-06-15 22:00:00,2020-06-15,2,82,0,84,1
1125,908,55,2020-06-14 22:00:00,2020-06-14,6,81,0,83,1
1119,907,55,2020-06-13 22:00:00,2020-06-13,9,80,0,82,2
1110,905,55,2020-06-12 22:00:00,2020-06-12,15,79,0,81,2
1095,903,55,2020-06-11 22:00:00,2020-06-11,11,78,0,80,2
1084,901,55,2020-06-10 22:00:00,2020-06-10,9,77,0,79,6
1075,895,55,2020-06-09 22:00:00,2020-06-09,12,76,0,78,5
1063,890,55,2020-06-08 22:00:00,2020-06-08,17,75,0,77,2
1046,888,55,2020-06-07 22:00:00,2020-06-07,19,74,0,76,6
1027,882,55,2020-06-06 22:00:00,2020-06-06,1,73,0,75,1
1026,881,55,2020-06-05 22:00:00,2020-06-05,36,72,0,74,1
990,880,55,2020-06-04 22:00:00,2020-06-04,2,71,0,73,0
988,880,55,2020-06-03 22:00:00,2020-06-03,5,70,0,72,0
983,880,55,2020-06-02 22:00:00,2020-06-02,2,69,0,71,7
981,873,55,2020-06-01 22:00:00,2020-06-01,4,68,0,70,8
977,865,55,2020-05-31 22:00:00,2020-05-31,2,67,0,69,10
975,855,55,2020-05-30 22:00:00,2020-05-30,1,66,0,68,0
974,855,55,2020-05-29 22:00:00,2020-05-29,3,65,1,67,12
971,843,54,2020-05-28 22:00:00,2020-05-28,4,64,0,66,0
967,843,54,2020-05-27 22:00:00,2020-05-27,5,63,0,65,0
962,843,54,2020-05-26 22:00:00,2020-05-26,6,62,0,64,47
956,796,54,2020-05-25 22:00:00,2020-05-25,2,61,0,63,0
954,796,54,2020-05-24 22:00:00,2020-05-24,2,60,0,62,0
952,796,54,2020-05-23 22:00:00,2020-05-23,2,59,0,61,0
950,796,54,2020-05-22 22:00:00,2020-05-22,6,58,0,60,0
944,796,54,2020-05-21 22:00:00,2020-05-21,0,57,0,59,0
944,796,54,2020-05-20 22:00:00,2020-05-20,4,56,0,58,0
940,796,54,2020-05-19 22:00:00,2020-05-19,0,55,0,57,0
940,796,54,2020-05-18 22:00:00,2020-05-18,6,54,1,56,0
934,796,53,2020-05-17 22:00:00,2020-05-17,1,53,0,55,0
933,796,53,2020-05-16 22:00:00,2020-05-16,1,52,0,54,7
932,789,53,2020-05-15 22:00:00,2020-05-15,3,51,0,53,0
929,789,53,2020-05-14 22:00:00,2020-05-14,2,50,0,52,2
927,787,53,2020-05-13 22:00:00,2020-05-13,0,49,0,51,10
927,777,53,2020-05-12 22:00:00,2020-05-12,0,48,0,50,0
927,777,53,2020-05-11 22:00:00,2020-05-11,6,47,0,49,40
921,737,53,2020-05-10 22:00:00,2020-05-10,2,46,0,48,0
919,737,53,2020-05-09 22:00:00,2020-05-09,3,45,0,47,737
916,0,53,2020-05-08 22:00:00,2020-05-08,8,44,0,46,0
908,0,53,2020-05-07 22:00:00,2020-05-07,1,43,0,45,0
907,0,53,2020-05-06 22:00:00,2020-05-06,5,42,0,44,0
902,0,53,2020-05-05 22:00:00,2020-05-05,5,41,0,43,0
897,0,53,2020-05-04 22:00:00,2020-05-04,11,40,2,42,0
886,0,51,2020-05-03 22:00:00,2020-05-03,7,39,1,41,0
879,0,50,2020-05-02 22:00:00,2020-05-02,13,38,1,40,0
866,0,49,2020-05-01 22:00:00,2020-05-01,4,37,2,39,0
862,0,47,2020-04-30 22:00:00,2020-04-30,0,36,0,38,0
862,0,47,2020-04-29 22:00:00,2020-04-29,7,35,0,37,0
855,0,47,2020-04-28 22:00:00,2020-04-28,4,34,1,36,0
851,0,46,2020-04-27 22:00:00,2020-04-27,8,33,0,35,0
843,0,46,2020-04-26 22:00:00,2020-04-26,16,32,2,34,0
827,0,44,2020-04-25 22:00:00,2020-04-25,2,31,1,33,0
825,0,43,2020-04-24 22:00:00,2020-04-24,2,30,3,32,0
823,0,40,2020-04-23 22:00:00,2020-04-23,5,29,0,31,0
818,0,40,2020-04-22 22:00:00,2020-04-22,2,28,2,30,0
816,0,38,2020-04-21 22:00:00,2020-04-21,3,27,0,29,0
813,0,38,2020-04-20 22:00:00,2020-04-20,10,26,0,28,0
803,0,38,2020-04-19 22:00:00,2020-04-19,24,25,3,27,0
779,0,35,2020-04-18 22:00:00,2020-04-18,11,24,0,26,0
768,0,35,2020-04-17 22:00:00,2020-04-17,9,23,5,25,0
759,0,30,2020-04-16 22:00:00,2020-04-16,-24,22,1,24,0
783,0,29,2020-04-15 22:00:00,2020-04-15,35,21,1,23,0
748,0,28,2020-04-14 22:00:00,2020-04-14,21,20,1,22,0
727,0,27,2020-04-13 22:00:00,2020-04-13,16,19,2,21,0
711,0,25,2020-04-12 22:00:00,2020-04-12,32,18,1,20,0
679,0,24,2020-04-11 22:00:00,2020-04-11,51,17,1,19,0
628,0,23,2020-04-10 22:00:00,2020-04-10,23,16,0,18,0
605,0,23,2020-04-09 22:00:00,2020-04-09,30,15,0,17,0
575,0,23,2020-04-08 22:00:00,2020-04-08,32,14,0,16,0
543,0,23,2020-04-07 22:00:00,2020-04-07,31,13,1,15,0
512,0,22,2020-04-06 22:00:00,2020-04-06,51,12,2,14,0
461,0,20,2020-04-05 22:00:00,2020-04-05,72,11,3,13,0
389,0,17,2020-04-04 21:00:00,2020-04-04,51,10,0,12,0
338,0,17,2020-04-03 21:00:00,2020-04-03,17,9,1,11,0
321,0,16,2020-04-02 21:00:00,2020-04-02,28,8,3,10,0
293,0,13,2020-04-01 21:00:00,2020-04-01,37,7,1,9,0
256,0,12,2020-03-31 21:00:00,2020-03-31,21,6,0,8,0
235,0,12,2020-03-30 21:00:00,2020-03-30,24,5,0,7,0
211,0,12,2020-03-29 21:00:00,2020-03-29,27,4,2,6,0
184,0,10,2020-03-28 21:00:00,2020-03-28,26,3,1,5,0
158,0,9,2020-03-27 21:10:00,2020-03-27,33,2,1,4,0
125,0,8,2020-03-26 22:20:00,2020-03-26,30,1,1,3,0
95,0,7,2020-03-25 23:20:00,2020-03-25,20,0,2,2,0
75,0,5,2020-03-24 21:20:00,2020-03-24,23,0,3,1,0
52,0,2,2020-03-23 21:40:00,2020-03-23,3,0,0,0,0
49,0,2,2020-03-22 21:00:00,2020-03-22,20,0,0,0,0
29,0,2,2020-03-21 21:00:00,2020-03-21,7,0,0,0,0
22,0,2,2020-03-20 21:20:00,2020-03-20,3,0,2,0,0
19,0,0,2020-03-19 21:30:00,2020-03-19,2,0,0,0,0
17,0,0,2020-03-18 22:00:00,2020-03-18,5,0,0,0,0
12,0,0,2020-03-17 21:00:00,2020-03-17,4,0,0,0,0
8,0,0,2020-03-16 21:00:00,2020-03-16,3,0,0,0,0
5,0,0,2020-03-15 21:00:00,2020-03-15,3,0,0,0,0
2,0,0,2020-03-14 21:00:00,2020-03-14,0,0,0,0,0
2,0,0,2020-03-13 21:00:00,2020-03-13,0,0,0,0,0
2,0,0,2020-03-12 21:00:00,2020-03-12,1,0,0,0,0
1,0,0,2020-03-11 21:00:00,2020-03-11,0,0,0,0,0
1,0,0,2020-03-10 21:00:00,2020-03-10,0,0,0,0,0
1,0,0,2020-03-09 21:00:00,2020-03-09,0,0,0,0,0
1,0,0,2020-03-08 21:00:00,2020-03-08,1,0,0,0,0
0,0,0,2020-03-07 21:00:00,2020-03-07,0,0,0,0,0
0,0,0,2020-03-06 21:00:00,2020-03-06,0,0,0,0,0
0,0,0,2020-03-05 21:00:00,2020-03-05,0,0,0,0,0
0,0,0,2020-03-04 21:00:00,2020-03-04,0,0,0,0,0
0,0,0,2020-03-03 21:00:00,2020-03-03,0,0,0,0,0
0,0,0,2020-03-02 21:00:00,2020-03-02,0,0,0,0,0
0,0,0,2020-03-01 21:00:00,2020-03-01,0,0,0,0,0
0,0,0,2020-02-29 21:00:00,2020-02-29,0,0,0,0,0
0,0,0,2020-02-28 21:00:00,2020-02-28,0,0,0,0,0
0,0,0,2020-02-27 21:00:00,2020-02-27,0,0,0,0,0
0,0,0,2020-02-26 21:00:00,2020-02-26,0,0,0,0,0
0,0,0,2020-02-25 21:00:00,2020-02-25,0,0,0,0,0
0,0,0,2020-02-24 21:00:00,2020-02-24,0,0,0,0,0
0,0,0,2020-02-23 21:00:00,2020-02-23,0,0,0,0,0
0,0,0,2020-02-22 21:00:00,2020-02-22,0,0,0,0,0
0,0,0,2020-02-21 21:00:00,2020-02-21,0,0,0,0,0
0,0,0,2020-02-20 21:00:00,2020-02-20,0,0,0,0,0
0,0,0,2020-02-19 21:00:00,2020-02-19,0,0,0,0,0
0,0,0,2020-02-18 21:00:00,2020-02-18,0,0,0,0,0
0,0,0,2020-02-17 21:00:00,2020-02-17,0,0,0,0,0
0,0,0,2020-02-16 21:00:00,2020-02-16,0,0,0,0,0
0,0,0,2020-02-15 21:00:00,2020-02-15,0,0,0,0,0
0,0,0,2020-02-14 21:00:00,2020-02-14,0,0,0,0,0
0,0,0,2020-02-13 21:00:00,2020-02-13,0,0,0,0,0
0,0,0,2020-02-12 21:00:00,2020-02-12,0,0,0,0,0
0,0,0,2020-02-11 20:30:00,2020-02-11,0,0,0,0,0
0,0,0,2020-02-10 21:00:00,2020-02-10,0,0,0,0,0
0,0,0,2020-02-09 21:00:00,2020-02-09,0,0,0,0,0
0,0,0,2020-02-08 21:00:00,2020-02-08,0,0,0,0,0
0,0,0,2020-02-07 21:00:00,2020-02-07,0,0,0,0,0
0,0,0,2020-02-06 21:00:00,2020-02-06,0,0,0,0,0
0,0,0,2020-02-05 21:00:00,2020-02-05,0,0,0,0,0
0,0,0,2020-02-04 20:00:00,2020-02-04,0,0,0,0,0
0,0,0,2020-02-03 20:00:00,2020-02-03,0,0,0,0,0
0,0,0,2020-02-02 20:00:00,2020-02-02,0,0,0,0,0
0,0,0,2020-02-01 10:00:00,2020-02-01,0,0,0,0,0
0,0,0,2020-01-31 12:30:00,2020-01-31,0,0,0,0,0
0,0,0,2020-01-30 12:00:00,2020-01-30,0,0,0,0,0
0,0,0,2020-01-29 14:00:00,2020-01-29,0,0,0,0,0
0,0,0,2020-01-28 11:30:00,2020-01-28,0,0,0,0,0
0,0,0,2020-01-27 14:00:00,2020-01-27,0,0,0,0,0
0,0,0,2020-01-26 13:00:00,2020-01-26,0,0,0,0,0
0,0,0,2020-01-25 15:00:00,2020-01-25,0,0,0,0,0
0,0,0,2020-01-24 15:00:00,2020-01-24,0,0,0,0,0
0,0,0,2020-01-23 15:00:00,2020-01-23,0,0,0,0,0
0,0,0,2020-01-22 15:00:00,2020-01-22,0,0,0,0,0
0,0,0,2020-01-21 15:00:00,2020-01-21,0,0,0,0,0
