Confirmed,Recovered,Deaths,Date_last_updated_AEDT,date_day,New,DayElapsed,New_death,DayElapsed_death,New_recover
355,340,0,2020-07-04 22:00:00,2020-07-04,0,104,0,0,0
355,340,0,2020-07-03 22:00:00,2020-07-03,0,103,0,0,4
355,336,0,2020-07-02 22:00:00,2020-07-02,0,102,0,0,1
355,335,0,2020-07-01 22:00:00,2020-07-01,0,101,0,0,0
355,335,0,2020-06-30 22:00:00,2020-06-30,0,100,0,0,5
355,330,0,2020-06-29 22:00:00,2020-06-29,0,99,0,0,0
355,330,0,2020-06-28 22:00:00,2020-06-28,0,98,0,0,0
355,330,0,2020-06-27 22:00:00,2020-06-27,2,97,0,0,0
353,330,0,2020-06-26 22:00:00,2020-06-26,1,96,0,0,1
352,329,0,2020-06-25 22:00:00,2020-06-25,0,95,0,0,0
352,329,0,2020-06-24 22:00:00,2020-06-24,3,94,0,0,1
349,328,0,2020-06-23 22:00:00,2020-06-23,0,93,0,0,1
349,327,0,2020-06-22 22:00:00,2020-06-22,0,92,0,0,0
349,327,0,2020-06-21 22:00:00,2020-06-21,0,91,0,0,1
349,326,0,2020-06-20 22:00:00,2020-06-20,7,90,0,0,1
342,325,0,2020-06-19 22:00:00,2020-06-19,0,89,0,0,0
342,325,0,2020-06-18 22:00:00,2020-06-18,7,88,0,0,0
335,325,0,2020-06-17 22:00:00,2020-06-17,1,87,0,0,2
334,323,0,2020-06-16 22:00:00,2020-06-16,0,86,0,0,0
334,323,0,2020-06-15 22:00:00,2020-06-15,0,85,0,0,0
334,323,0,2020-06-14 22:00:00,2020-06-14,1,84,0,0,0
333,323,0,2020-06-13 22:00:00,2020-06-13,1,83,0,0,2
332,321,0,2020-06-12 22:00:00,2020-06-12,0,82,0,0,1
332,320,0,2020-06-11 22:00:00,2020-06-11,0,81,0,0,3
332,317,0,2020-06-10 22:00:00,2020-06-10,0,80,0,0,1
332,316,0,2020-06-09 22:00:00,2020-06-09,0,79,0,0,0
332,316,0,2020-06-08 22:00:00,2020-06-08,3,78,0,0,9
329,307,0,2020-06-07 22:00:00,2020-06-07,0,77,0,0,0
329,307,0,2020-06-06 22:00:00,2020-06-06,1,76,0,0,0
328,307,0,2020-06-05 22:00:00,2020-06-05,0,75,0,0,5
328,302,0,2020-06-04 22:00:00,2020-06-04,0,74,0,0,0
328,302,0,2020-06-03 22:00:00,2020-06-03,0,73,0,0,4
328,298,0,2020-06-02 22:00:00,2020-06-02,0,72,0,0,5
328,293,0,2020-06-01 22:00:00,2020-06-01,0,71,0,0,14
328,279,0,2020-05-31 22:00:00,2020-05-31,0,70,0,0,0
328,279,0,2020-05-30 22:00:00,2020-05-30,1,69,0,0,1
327,278,0,2020-05-29 22:00:00,2020-05-29,0,68,0,0,0
327,278,0,2020-05-28 22:00:00,2020-05-28,0,67,0,0,0
327,278,0,2020-05-27 22:00:00,2020-05-27,1,66,0,0,6
326,272,0,2020-05-26 22:00:00,2020-05-26,1,65,0,0,5
325,267,0,2020-05-25 22:00:00,2020-05-25,0,64,0,0,0
325,267,0,2020-05-24 22:00:00,2020-05-24,1,63,0,0,0
324,267,0,2020-05-23 22:00:00,2020-05-23,0,62,0,0,1
324,266,0,2020-05-22 22:00:00,2020-05-22,0,61,0,0,2
324,264,0,2020-05-21 22:00:00,2020-05-21,0,60,0,0,1
324,263,0,2020-05-20 22:00:00,2020-05-20,0,59,0,0,0
324,263,0,2020-05-19 22:00:00,2020-05-19,0,58,0,0,0
324,263,0,2020-05-18 22:00:00,2020-05-18,6,57,0,0,3
318,260,0,2020-05-17 22:00:00,2020-05-17,0,56,0,0,0
318,260,0,2020-05-16 22:00:00,2020-05-16,6,55,0,0,0
312,260,0,2020-05-15 22:00:00,2020-05-15,24,54,0,0,8
288,252,0,2020-05-14 22:00:00,2020-05-14,0,53,0,0,0
288,252,0,2020-05-13 22:00:00,2020-05-13,0,52,0,0,0
288,252,0,2020-05-12 22:00:00,2020-05-12,0,51,0,0,3
288,249,0,2020-05-11 22:00:00,2020-05-11,0,50,0,0,8
288,241,0,2020-05-10 22:00:00,2020-05-10,0,49,0,0,0
288,241,0,2020-05-09 22:00:00,2020-05-09,0,48,0,0,0
288,241,0,2020-05-08 22:00:00,2020-05-08,0,47,0,0,8
288,233,0,2020-05-07 22:00:00,2020-05-07,17,46,0,0,1
271,232,0,2020-05-06 22:00:00,2020-05-06,0,45,0,0,0
271,232,0,2020-05-05 22:00:00,2020-05-05,0,44,0,0,13
271,219,0,2020-05-04 22:00:00,2020-05-04,0,43,0,0,0
271,219,0,2020-05-03 22:00:00,2020-05-03,1,42,0,0,0
270,219,0,2020-05-02 22:00:00,2020-05-02,0,41,0,0,0
270,219,0,2020-05-01 22:00:00,2020-05-01,0,40,0,0,0
270,219,0,2020-04-30 22:00:00,2020-04-30,0,39,0,0,-3
270,222,0,2020-04-29 22:00:00,2020-04-29,0,38,0,0,-3
270,225,0,2020-04-28 22:00:00,2020-04-28,0,37,0,0,0
270,225,0,2020-04-27 22:00:00,2020-04-27,0,36,0,0,0
270,225,0,2020-04-26 22:00:00,2020-04-26,0,35,0,0,5
270,220,0,2020-04-25 22:00:00,2020-04-25,2,34,0,0,-5
268,225,0,2020-04-24 22:00:00,2020-04-24,0,33,0,0,1
268,224,0,2020-04-23 22:00:00,2020-04-23,0,32,0,0,1
268,223,0,2020-04-22 22:00:00,2020-04-22,0,31,0,0,7
268,216,0,2020-04-21 22:00:00,2020-04-21,0,30,0,0,9
268,207,0,2020-04-20 22:00:00,2020-04-20,0,29,0,0,4
268,203,0,2020-04-19 22:00:00,2020-04-19,0,28,0,0,2
268,201,0,2020-04-18 22:00:00,2020-04-18,0,27,0,0,3
268,198,0,2020-04-17 22:00:00,2020-04-17,0,26,0,0,22
268,176,0,2020-04-16 22:00:00,2020-04-16,1,25,0,0,5
267,171,0,2020-04-15 22:00:00,2020-04-15,1,24,0,0,2
266,169,0,2020-04-14 22:00:00,2020-04-14,1,23,0,0,24
265,145,0,2020-04-13 22:00:00,2020-04-13,7,22,0,0,1
258,144,0,2020-04-12 22:00:00,2020-04-12,0,21,0,0,0
258,144,0,2020-04-11 22:00:00,2020-04-11,1,20,0,0,0
257,144,0,2020-04-10 22:00:00,2020-04-10,6,19,0,0,16
251,128,0,2020-04-09 22:00:00,2020-04-09,0,18,0,0,2
251,126,0,2020-04-08 22:00:00,2020-04-08,2,17,0,0,3
249,123,0,2020-04-07 22:00:00,2020-04-07,4,16,0,0,28
245,95,0,2020-04-06 22:00:00,2020-04-06,4,15,0,0,5
241,90,0,2020-04-05 22:00:00,2020-04-05,2,14,0,0,0
239,90,0,2020-04-04 21:00:00,2020-04-04,6,13,0,0,5
233,85,0,2020-04-03 21:00:00,2020-04-03,11,12,0,0,10
222,75,0,2020-04-02 21:00:00,2020-04-02,10,11,0,0,12
212,63,0,2020-04-01 21:00:00,2020-04-01,8,10,0,0,8
204,55,0,2020-03-31 21:00:00,2020-03-31,10,9,0,0,3
194,52,0,2020-03-30 21:00:00,2020-03-30,15,8,0,0,31
179,21,0,2020-03-29 21:00:00,2020-03-29,10,7,0,0,1
169,20,0,2020-03-28 21:00:00,2020-03-28,16,6,0,0,0
153,20,0,2020-03-27 21:10:00,2020-03-27,0,5,0,0,3
153,17,0,2020-03-26 22:20:00,2020-03-26,12,4,0,0,0
141,17,0,2020-03-25 23:20:00,2020-03-25,18,3,0,0,0
123,17,0,2020-03-24 21:20:00,2020-03-24,2,2,0,0,0
121,17,0,2020-03-23 21:40:00,2020-03-23,27,1,0,0,0
94,17,0,2020-03-22 21:00:00,2020-03-22,2,0,0,0,0
92,17,0,2020-03-21 21:00:00,2020-03-21,5,0,0,0,1
87,16,0,2020-03-20 21:20:00,2020-03-20,11,0,0,0,0
76,16,0,2020-03-19 21:30:00,2020-03-19,8,0,0,0,0
68,16,0,2020-03-18 22:00:00,2020-03-18,7,0,0,0,0
61,16,0,2020-03-17 21:00:00,2020-03-17,4,0,0,0,0
57,16,0,2020-03-16 21:00:00,2020-03-16,4,0,0,0,0
53,16,0,2020-03-15 21:00:00,2020-03-15,0,0,0,0,0
53,16,0,2020-03-14 21:00:00,2020-03-14,9,0,0,0,0
44,16,0,2020-03-13 21:00:00,2020-03-13,5,0,0,0,0
39,16,0,2020-03-12 21:00:00,2020-03-12,2,0,0,0,0
37,16,0,2020-03-11 21:00:00,2020-03-11,6,0,0,0,0
31,16,0,2020-03-10 21:00:00,2020-03-10,1,0,0,0,0
30,16,0,2020-03-09 21:00:00,2020-03-09,9,0,0,0,0
21,16,0,2020-03-08 21:00:00,2020-03-08,4,0,0,0,0
17,16,0,2020-03-07 21:00:00,2020-03-07,1,0,0,0,0
16,16,0,2020-03-06 21:00:00,2020-03-06,0,0,0,0,0
16,16,0,2020-03-05 21:00:00,2020-03-05,0,0,0,0,0
16,16,0,2020-03-04 21:00:00,2020-03-04,0,0,0,0,0
16,16,0,2020-03-03 21:00:00,2020-03-03,0,0,0,0,0
16,16,0,2020-03-02 21:00:00,2020-03-02,0,0,0,0,0
16,16,0,2020-03-01 21:00:00,2020-03-01,0,0,0,0,0
16,16,0,2020-02-29 21:00:00,2020-02-29,0,0,0,0,0
16,16,0,2020-02-28 21:00:00,2020-02-28,0,0,0,0,0
16,16,0,2020-02-27 21:00:00,2020-02-27,0,0,0,0,0
16,16,0,2020-02-26 21:00:00,2020-02-26,0,0,0,0,0
16,16,0,2020-02-25 21:00:00,2020-02-25,0,0,0,0,1
16,15,0,2020-02-24 21:00:00,2020-02-24,0,0,0,0,0
16,15,0,2020-02-23 21:00:00,2020-02-23,0,0,0,0,0
16,15,0,2020-02-22 21:00:00,2020-02-22,0,0,0,0,0
16,15,0,2020-02-21 21:00:00,2020-02-21,0,0,0,0,1
16,14,0,2020-02-20 21:00:00,2020-02-20,0,0,0,0,0
16,14,0,2020-02-19 21:00:00,2020-02-19,0,0,0,0,7
16,7,0,2020-02-18 21:00:00,2020-02-18,0,0,0,0,0
16,7,0,2020-02-17 21:00:00,2020-02-17,0,0,0,0,0
16,7,0,2020-02-16 21:00:00,2020-02-16,0,0,0,0,0
16,7,0,2020-02-15 21:00:00,2020-02-15,0,0,0,0,0
16,7,0,2020-02-14 21:00:00,2020-02-14,0,0,0,0,0
16,7,0,2020-02-13 21:00:00,2020-02-13,1,0,0,0,1
15,6,0,2020-02-12 21:00:00,2020-02-12,0,0,0,0,3
15,3,0,2020-02-11 20:30:00,2020-02-11,1,0,0,0,0
14,3,0,2020-02-10 21:00:00,2020-02-10,0,0,0,0,0
14,3,0,2020-02-09 21:00:00,2020-02-09,1,0,0,0,0
13,3,0,2020-02-08 21:00:00,2020-02-08,1,0,0,0,0
12,3,0,2020-02-07 21:00:00,2020-02-07,2,0,0,0,0
10,3,0,2020-02-06 21:00:00,2020-02-06,0,0,0,0,0
10,3,0,2020-02-05 21:00:00,2020-02-05,0,0,0,0,2
10,1,0,2020-02-04 20:00:00,2020-02-04,4,0,0,0,0
6,1,0,2020-02-03 20:00:00,2020-02-03,0,0,0,0,0
6,1,0,2020-02-02 20:00:00,2020-02-02,4,0,0,0,1
2,0,0,2020-02-01 10:00:00,2020-02-01,0,0,0,0,0
2,0,0,2020-01-31 12:30:00,2020-01-31,0,0,0,0,0
2,0,0,2020-01-30 12:00:00,2020-01-30,0,0,0,0,0
2,0,0,2020-01-29 14:00:00,2020-01-29,0,0,0,0,0
2,0,0,2020-01-28 11:30:00,2020-01-28,0,0,0,0,0
2,0,0,2020-01-27 14:00:00,2020-01-27,0,0,0,0,0
2,0,0,2020-01-26 13:00:00,2020-01-26,0,0,0,0,0
2,0,0,2020-01-25 15:00:00,2020-01-25,0,0,0,0,0
2,0,0,2020-01-24 15:00:00,2020-01-24,0,0,0,0,0
2,0,0,2020-01-23 15:00:00,2020-01-23,2,0,0,0,0
0,0,0,2020-01-22 15:00:00,2020-01-22,0,0,0,0,0
0,0,0,2020-01-21 15:00:00,2020-01-21,0,0,0,0,0
