Confirmed,Recovered,Deaths,Date_last_updated_AEDT,date_day,New,DayElapsed,New_death,DayElapsed_death,New_recover
73527,9527,1993,2020-07-16 22:00:00,2020-07-16,1084,119,15,117,104
72443,9423,1978,2020-07-15 22:00:00,2020-07-15,801,118,9,116,93
71642,9330,1969,2020-07-14 22:00:00,2020-07-14,972,117,2,115,20
70670,9310,1967,2020-07-13 22:00:00,2020-07-13,888,116,4,114,39
69782,9271,1963,2020-07-12 22:00:00,2020-07-12,851,115,4,113,82
68931,9189,1959,2020-07-11 22:00:00,2020-07-11,943,114,21,112,124
67988,9065,1938,2020-07-10 22:00:00,2020-07-10,613,113,32,111,54
67375,9011,1906,2020-07-09 22:00:00,2020-07-09,635,112,24,110,98
66740,8913,1882,2020-07-08 22:00:00,2020-07-08,638,111,27,109,104
66102,8809,1855,2020-07-07 22:00:00,2020-07-07,354,110,0,108,25
65748,8784,1855,2020-07-06 22:00:00,2020-07-06,639,109,5,107,43
65109,8741,1850,2020-07-05 22:00:00,2020-07-05,712,108,4,106,30
64397,8711,1846,2020-07-04 22:00:00,2020-07-04,662,107,28,105,215
63735,8496,1818,2020-07-03 22:00:00,2020-07-03,516,106,30,104,365
63219,8131,1788,2020-07-02 22:00:00,2020-07-02,426,105,23,103,50
62793,8081,1765,2020-07-01 22:00:00,2020-07-01,604,104,24,102,58
62189,8023,1741,2020-06-30 22:00:00,2020-06-30,453,103,8,101,18
61736,8005,1733,2020-06-29 22:00:00,2020-06-29,488,102,8,100,37
61248,7968,1725,2020-06-28 22:00:00,2020-06-28,678,101,24,99,100
60570,7868,1701,2020-06-27 22:00:00,2020-06-27,624,100,25,98,50
59946,7818,1676,2020-06-26 22:00:00,2020-06-26,432,99,14,97,53
59514,7765,1662,2020-06-25 22:00:00,2020-06-25,520,98,17,96,40
58994,7725,1645,2020-06-24 22:00:00,2020-06-24,529,97,24,95,62
58465,7663,1621,2020-06-23 22:00:00,2020-06-23,471,96,9,94,17
57994,7646,1612,2020-06-22 22:00:00,2020-06-22,548,95,4,93,83
57446,7563,1608,2020-06-21 22:00:00,2020-06-21,652,94,4,92,0
56794,7563,1604,2020-06-20 22:00:00,2020-06-20,556,93,17,91,70
56238,7493,1587,2020-06-19 22:00:00,2020-06-19,463,92,3,90,64
55775,7429,1584,2020-06-18 22:00:00,2020-06-18,444,91,13,89,88
55331,7341,1571,2020-06-17 22:00:00,2020-06-17,445,90,18,88,111
54886,7230,1553,2020-06-16 22:00:00,2020-06-16,380,89,6,87,52
54506,7178,1547,2020-06-15 22:00:00,2020-06-15,637,88,5,86,47
53869,7131,1542,2020-06-14 22:00:00,2020-06-14,658,87,7,85,129
53211,7002,1535,2020-06-13 22:00:00,2020-06-13,564,86,14,84,107
52647,6895,1521,2020-06-12 22:00:00,2020-06-12,470,85,6,83,69
52177,6826,1515,2020-06-11 22:00:00,2020-06-11,439,84,18,82,149
51738,6677,1497,2020-06-10 22:00:00,2020-06-10,487,83,19,81,120
51251,6557,1478,2020-06-09 22:00:00,2020-06-09,1854,82,17,80,165
49397,6392,1461,2020-06-08 22:00:00,2020-06-08,0,81,0,79,0
49397,6392,1461,2020-06-07 22:00:00,2020-06-07,865,80,7,78,0
48532,6392,1454,2020-06-06 22:00:00,2020-06-06,676,79,9,77,108
47856,6284,1445,2020-06-05 22:00:00,2020-06-05,951,78,17,76,119
46905,6165,1428,2020-06-04 22:00:00,2020-06-04,666,77,21,75,154
46239,6011,1407,2020-06-03 22:00:00,2020-06-03,841,76,15,74,143
45398,5868,1392,2020-06-02 22:00:00,2020-06-02,791,75,17,73,0
44607,5868,1375,2020-06-01 22:00:00,2020-06-01,996,74,5,72,123
43611,5745,1370,2020-05-31 22:00:00,2020-05-31,1078,73,12,71,273
42533,5472,1358,2020-05-30 22:00:00,2020-05-30,1132,72,20,70,0
41401,5472,1338,2020-05-29 22:00:00,2020-05-29,1152,71,57,69,245
40249,5227,1281,2020-05-28 22:00:00,2020-05-28,907,70,45,68,0
39342,5227,1236,2020-05-27 22:00:00,2020-05-27,1615,69,28,67,82
37727,5145,1208,2020-05-26 22:00:00,2020-05-26,1483,68,37,66,43
36244,5102,1171,2020-05-25 22:00:00,2020-05-25,495,67,12,65,55
35749,5047,1159,2020-05-24 22:00:00,2020-05-24,799,66,23,64,84
34950,4963,1136,2020-05-23 22:00:00,2020-05-23,813,65,36,63,185
34137,4778,1100,2020-05-22 22:00:00,2020-05-22,1229,64,25,62,255
32908,4523,1075,2020-05-21 22:00:00,2020-05-21,763,63,33,61,252
32145,4271,1042,2020-05-20 22:00:00,2020-05-20,1005,62,27,60,164
31140,4107,1015,2020-05-19 22:00:00,2020-05-19,752,61,5,59,114
30388,3993,1010,2020-05-18 22:00:00,2020-05-18,705,60,7,58,84
29683,3909,1003,2020-05-17 22:00:00,2020-05-17,1011,59,25,57,104
28672,3805,978,2020-05-16 22:00:00,2020-05-16,859,58,22,56,251
27813,3554,956,2020-05-15 22:00:00,2020-05-15,1067,57,28,55,0
26746,3554,928,2020-05-14 22:00:00,2020-05-14,946,56,36,54,154
25800,3400,892,2020-05-13 22:00:00,2020-05-13,730,55,42,53,127
25070,3273,850,2020-05-12 22:00:00,2020-05-12,989,54,11,52,72
24081,3201,839,2020-05-11 22:00:00,2020-05-11,885,53,12,51,77
23196,3124,827,2020-05-10 22:00:00,2020-05-10,854,52,15,50,127
22342,2997,812,2020-05-09 22:00:00,2020-05-09,772,51,43,49,172
21570,2825,769,2020-05-08 22:00:00,2020-05-08,1313,50,56,48,2104
20257,721,713,2020-05-07 22:00:00,2020-05-07,0,49,0,47,0
20257,721,713,2020-05-06 22:00:00,2020-05-06,764,48,29,46,0
19493,721,684,2020-05-05 22:00:00,2020-05-05,821,47,24,45,0
18672,721,660,2020-05-04 22:00:00,2020-05-04,934,46,43,44,0
17738,721,617,2020-05-03 22:00:00,2020-05-03,836,45,36,43,0
16902,721,581,2020-05-02 22:00:00,2020-05-02,1055,44,29,42,0
15847,721,552,2020-05-01 22:00:00,2020-05-01,885,43,30,41,0
14962,721,522,2020-04-30 22:00:00,2020-04-30,623,42,30,40,0
14339,721,492,2020-04-29 22:00:00,2020-04-29,801,41,32,39,0
13538,721,460,2020-04-28 22:00:00,2020-04-28,568,40,11,38,0
12970,721,449,2020-04-27 22:00:00,2020-04-27,604,39,12,37,0
12366,721,437,2020-04-26 22:00:00,2020-04-26,772,38,26,36,0
11594,721,411,2020-04-25 22:00:00,2020-04-25,596,37,38,35,0
10998,721,373,2020-04-24 22:00:00,2020-04-24,732,36,24,34,0
10266,721,349,2020-04-23 22:00:00,2020-04-23,636,35,25,33,0
9630,721,324,2020-04-22 22:00:00,2020-04-22,640,34,24,32,0
8990,721,300,2020-04-21 22:00:00,2020-04-21,448,33,23,31,0
8542,721,277,2020-04-20 22:00:00,2020-04-20,489,32,19,30,0
8053,721,258,2020-04-19 22:00:00,2020-04-19,562,31,27,29,0
7491,721,231,2020-04-18 22:00:00,2020-04-18,602,30,23,28,0
6889,721,208,2020-04-17 22:00:00,2020-04-17,389,29,13,27,0
6500,721,195,2020-04-16 22:00:00,2020-04-16,318,28,38,26,0
6182,721,157,2020-04-15 22:00:00,2020-04-15,435,27,8,25,719
5747,2,149,2020-04-14 22:00:00,2020-04-14,473,26,8,24,0
5274,2,141,2020-04-13 22:00:00,2020-04-13,197,25,11,23,0
5077,2,130,2020-04-12 22:00:00,2020-04-12,568,24,9,22,0
4509,2,121,2020-04-11 22:00:00,2020-04-11,467,23,12,21,0
4042,2,109,2020-04-10 22:00:00,2020-04-10,397,22,34,20,0
3645,2,75,2020-04-09 22:00:00,2020-04-09,310,21,9,19,0
3335,2,66,2020-04-08 22:00:00,2020-04-08,457,20,0,18,0
2878,2,66,2020-04-07 22:00:00,2020-04-07,238,19,14,17,0
2640,2,52,2020-04-06 22:00:00,2020-04-06,233,18,0,16,0
2407,2,52,2020-04-05 22:00:00,2020-04-05,395,17,5,15,0
2012,2,47,2020-04-04 21:00:00,2020-04-04,306,16,6,14,0
1706,2,41,2020-04-03 21:00:00,2020-04-03,220,15,6,13,0
1486,2,35,2020-04-02 21:00:00,2020-04-02,236,14,8,12,2
1250,0,27,2020-04-01 21:00:00,2020-04-01,230,13,2,11,0
1020,0,25,2020-03-31 21:00:00,2020-03-31,130,12,1,10,0
890,0,24,2020-03-30 21:00:00,2020-03-30,150,11,7,9,0
740,0,17,2020-03-29 21:00:00,2020-03-29,130,10,1,8,0
610,0,16,2020-03-28 21:00:00,2020-03-28,139,9,2,7,0
471,0,14,2020-03-27 21:10:00,2020-03-27,72,8,1,6,0
399,0,13,2020-03-26 22:20:00,2020-03-26,95,7,4,5,0
304,0,9,2020-03-25 23:20:00,2020-03-25,50,6,2,4,0
254,0,7,2020-03-24 21:20:00,2020-03-24,33,5,1,3,0
221,0,6,2020-03-23 21:40:00,2020-03-23,63,4,3,2,0
158,0,3,2020-03-22 21:00:00,2020-03-22,33,3,1,1,0
125,0,2,2020-03-21 21:00:00,2020-03-21,21,2,0,0,0
104,0,2,2020-03-20 21:20:00,2020-03-20,25,1,0,0,0
79,0,2,2020-03-19 21:30:00,2020-03-19,12,0,0,0,0
67,0,2,2020-03-18 22:00:00,2020-03-18,15,0,0,0,0
52,0,2,2020-03-17 21:00:00,2020-03-17,7,0,1,0,0
45,0,1,2020-03-16 21:00:00,2020-03-16,4,0,0,0,0
41,0,1,2020-03-15 21:00:00,2020-03-15,11,0,1,0,0
30,0,0,2020-03-14 21:00:00,2020-03-14,12,0,0,0,0
18,0,0,2020-03-13 21:00:00,2020-03-13,8,0,0,0,0
10,0,0,2020-03-12 21:00:00,2020-03-12,1,0,0,0,0
9,0,0,2020-03-11 21:00:00,2020-03-11,2,0,0,0,0
7,0,0,2020-03-10 21:00:00,2020-03-10,5,0,0,0,0
2,0,0,2020-03-09 21:00:00,2020-03-09,1,0,0,0,0
1,0,0,2020-03-08 21:00:00,2020-03-08,1,0,0,0,0
0,0,0,2020-03-07 21:00:00,2020-03-07,0,0,0,0,0
0,0,0,2020-03-06 21:00:00,2020-03-06,0,0,0,0,0
0,0,0,2020-03-05 21:00:00,2020-03-05,0,0,0,0,0
0,0,0,2020-03-04 21:00:00,2020-03-04,0,0,0,0,0
0,0,0,2020-03-03 21:00:00,2020-03-03,0,0,0,0,0
0,0,0,2020-03-02 21:00:00,2020-03-02,0,0,0,0,0
0,0,0,2020-03-01 21:00:00,2020-03-01,0,0,0,0,0
0,0,0,2020-02-29 21:00:00,2020-02-29,0,0,0,0,0
0,0,0,2020-02-28 21:00:00,2020-02-28,0,0,0,0,0
0,0,0,2020-02-27 21:00:00,2020-02-27,0,0,0,0,0
0,0,0,2020-02-26 21:00:00,2020-02-26,0,0,0,0,0
0,0,0,2020-02-25 21:00:00,2020-02-25,0,0,0,0,0
0,0,0,2020-02-24 21:00:00,2020-02-24,0,0,0,0,0
0,0,0,2020-02-23 21:00:00,2020-02-23,0,0,0,0,0
0,0,0,2020-02-22 21:00:00,2020-02-22,0,0,0,0,0
0,0,0,2020-02-21 21:00:00,2020-02-21,0,0,0,0,0
0,0,0,2020-02-20 21:00:00,2020-02-20,0,0,0,0,0
0,0,0,2020-02-19 21:00:00,2020-02-19,0,0,0,0,0
0,0,0,2020-02-18 21:00:00,2020-02-18,0,0,0,0,0
0,0,0,2020-02-17 21:00:00,2020-02-17,0,0,0,0,0
0,0,0,2020-02-16 21:00:00,2020-02-16,0,0,0,0,0
0,0,0,2020-02-15 21:00:00,2020-02-15,0,0,0,0,0
0,0,0,2020-02-14 21:00:00,2020-02-14,0,0,0,0,0
0,0,0,2020-02-13 21:00:00,2020-02-13,0,0,0,0,0
0,0,0,2020-02-12 21:00:00,2020-02-12,0,0,0,0,0
0,0,0,2020-02-11 20:30:00,2020-02-11,0,0,0,0,0
0,0,0,2020-02-10 21:00:00,2020-02-10,0,0,0,0,0
0,0,0,2020-02-09 21:00:00,2020-02-09,0,0,0,0,0
0,0,0,2020-02-08 21:00:00,2020-02-08,0,0,0,0,0
0,0,0,2020-02-07 21:00:00,2020-02-07,0,0,0,0,0
0,0,0,2020-02-06 21:00:00,2020-02-06,0,0,0,0,0
0,0,0,2020-02-05 21:00:00,2020-02-05,0,0,0,0,0
0,0,0,2020-02-04 20:00:00,2020-02-04,0,0,0,0,0
0,0,0,2020-02-03 20:00:00,2020-02-03,0,0,0,0,0
0,0,0,2020-02-02 20:00:00,2020-02-02,0,0,0,0,0
0,0,0,2020-02-01 10:00:00,2020-02-01,0,0,0,0,0
0,0,0,2020-01-31 12:30:00,2020-01-31,0,0,0,0,0
0,0,0,2020-01-30 12:00:00,2020-01-30,0,0,0,0,0
0,0,0,2020-01-29 14:00:00,2020-01-29,0,0,0,0,0
0,0,0,2020-01-28 11:30:00,2020-01-28,0,0,0,0,0
0,0,0,2020-01-27 14:00:00,2020-01-27,0,0,0,0,0
0,0,0,2020-01-26 13:00:00,2020-01-26,0,0,0,0,0
0,0,0,2020-01-25 15:00:00,2020-01-25,0,0,0,0,0
0,0,0,2020-01-24 15:00:00,2020-01-24,0,0,0,0,0
0,0,0,2020-01-23 15:00:00,2020-01-23,0,0,0,0,0
0,0,0,2020-01-22 15:00:00,2020-01-22,0,0,0,0,0
0,0,0,2020-01-21 15:00:00,2020-01-21,0,0,0,0,0
