Confirmed,Recovered,Deaths,Date_last_updated_AEDT,date_day,New,DayElapsed,New_death,DayElapsed_death,New_recover
11946884,6489558,546955,2020-07-08 22:00:00,2020-07-08,210150,170,5799,170,145013
11736734,6344545,541156,2020-07-07 22:00:00,2020-07-07,181116,169,4082,169,199067
11555618,6145478,537074,2020-07-06 22:00:00,2020-07-06,176390,168,3244,168,73047
11379228,6072431,533830,2020-07-05 22:00:00,2020-07-05,192928,167,4637,167,79666
11186300,5992765,529193,2020-07-04 22:00:00,2020-07-04,202105,166,4894,166,153229
10984195,5839536,524299,2020-07-03 22:00:00,2020-07-03,179539,165,5166,165,106825
10804656,5732711,519133,2020-07-02 22:00:00,2020-07-02,219960,164,5586,164,224003
10584696,5508708,513547,2020-07-01 22:00:00,2020-07-01,181760,163,5242,163,119520
10402936,5389188,508305,2020-06-30 22:00:00,2020-06-30,160134,162,3824,162,119859
10242802,5269329,504481,2020-06-29 22:00:00,2020-06-29,161343,161,3045,161,85894
10081459,5183435,501436,2020-06-28 22:00:00,2020-06-28,175480,160,4338,160,93550
9905979,5089885,497098,2020-06-27 22:00:00,2020-06-27,193794,159,5012,159,106414
9712185,4983471,492086,2020-06-26 22:00:00,2020-06-26,181823,158,6806,158,80758
9530362,4902713,485280,2020-06-25 22:00:00,2020-06-25,171831,157,5153,157,114767
9358531,4787946,480127,2020-06-24 22:00:00,2020-06-24,164621,156,5419,156,96070
9193910,4691876,474708,2020-06-23 22:00:00,2020-06-23,145073,155,3811,155,96230
9048837,4595646,470897,2020-06-22 22:00:00,2020-06-22,128104,154,3890,154,95115
8920733,4500531,467007,2020-06-21 22:00:00,2020-06-21,155989,153,4135,153,104514
8764744,4396017,462872,2020-06-20 22:00:00,2020-06-20,179763,152,6190,152,70172
8584981,4325845,456682,2020-06-19 22:00:00,2020-06-19,141543,151,4992,151,118705
8443438,4207140,451690,2020-06-18 22:00:00,2020-06-18,178383,150,5227,150,89346
8265055,4117794,446463,2020-06-17 22:00:00,2020-06-17,143886,149,7012,149,82562
8121169,4035232,439451,2020-06-16 22:00:00,2020-06-16,123626,148,3535,148,111089
7997543,3924143,435916,2020-06-15 22:00:00,2020-06-15,121239,147,3205,147,72626
7876304,3851517,432711,2020-06-14 22:00:00,2020-06-14,137184,146,4303,146,72841
7739120,3778676,428408,2020-06-13 22:00:00,2020-06-13,135971,145,4393,145,113751
7603149,3664925,424015,2020-06-12 22:00:00,2020-06-12,138702,144,4834,144,69217
7464447,3595708,419181,2020-06-11 22:00:00,2020-06-11,138719,143,5315,143,161847
7325728,3433861,413866,2020-06-10 22:00:00,2020-06-10,125123,142,4992,142,121508
7200605,3312353,408874,2020-06-09 22:00:00,2020-06-09,106960,141,2495,141,77160
7093645,3235193,406379,2020-06-08 22:00:00,2020-06-08,111809,140,4222,140,110249
6981836,3124944,402157,2020-06-07 22:00:00,2020-06-07,132410,139,3971,139,49442
6849426,3075502,398186,2020-06-06 22:00:00,2020-06-06,128889,138,4793,138,85953
6720537,2989549,393393,2020-06-05 22:00:00,2020-06-05,129850,137,5224,137,65306
6590687,2924243,388169,2020-06-04 22:00:00,2020-06-04,121691,136,5427,136,66968
6468996,2857275,382742,2020-06-03 22:00:00,2020-06-03,80791,135,4922,135,134695
6388205,2722580,377820,2020-06-02 22:00:00,2020-06-02,103518,134,3683,134,57677
6284687,2664903,374137,2020-06-01 22:00:00,2020-06-01,105522,133,2923,133,52826
6179165,2612077,371214,2020-05-31 22:00:00,2020-05-31,128441,132,4065,132,62937
6050724,2549140,367149,2020-05-30 22:00:00,2020-05-30,124123,131,4685,131,65899
5926601,2483241,362464,2020-05-29 22:00:00,2020-05-29,118239,130,4662,130,84478
5808362,2398763,357802,2020-05-28 22:00:00,2020-05-28,102976,129,5232,129,60799
5705386,2337964,352570,2020-05-27 22:00:00,2020-05-27,99583,128,4334,128,61233
5605803,2276731,348236,2020-05-26 22:00:00,2020-05-26,88835,127,2221,127,67787
5516968,2208944,346015,2020-05-25 22:00:00,2020-05-25,93766,126,2603,126,59001
5423202,2149943,343412,2020-05-24 22:00:00,2020-05-24,99610,125,4028,125,58577
5323592,2091366,339384,2020-05-23 22:00:00,2020-05-23,109945,124,5291,124,65819
5213647,2025547,334093,2020-05-22 22:00:00,2020-05-22,107787,123,4854,123,54504
5105860,1971043,329239,2020-05-21 22:00:00,2020-05-21,104491,122,4886,122,57564
5001369,1913479,324353,2020-05-20 22:00:00,2020-05-20,90990,121,4772,121,56148
4910379,1857331,319581,2020-05-19 22:00:00,2020-05-19,97242,120,3389,120,57155
4813137,1800176,316192,2020-05-18 22:00:00,2020-05-18,75549,119,2916,119,39029
4737588,1761147,313276,2020-05-17 22:00:00,2020-05-17,96384,118,4339,118,57621
4641204,1703526,308937,2020-05-16 22:00:00,2020-05-16,101119,117,5167,117,52057
4540085,1651469,303770,2020-05-15 22:00:00,2020-05-15,93251,116,5205,116,41308
4446834,1610161,298565,2020-05-14 22:00:00,2020-05-14,90515,115,5364,115,55797
4356319,1554364,293201,2020-05-13 22:00:00,2020-05-13,83815,114,5572,114,58126
4272504,1496238,287629,2020-05-12 22:00:00,2020-05-12,74027,113,3395,113,39562
4198477,1456676,284234,2020-05-11 22:00:00,2020-05-11,77563,112,3455,112,41300
4120914,1415376,280779,2020-05-10 22:00:00,2020-05-10,88504,111,4256,111,57450
4032410,1357926,276523,2020-05-09 22:00:00,2020-05-09,96752,110,5500,110,48064
3935658,1309862,271023,2020-05-08 22:00:00,2020-05-08,92190,109,5340,109,38698
3843468,1271164,265683,2020-05-07 22:00:00,2020-05-07,96395,108,6715,108,55965
3747073,1215199,258968,2020-05-06 22:00:00,2020-05-06,83660,107,6278,107,36579
3663413,1178620,252690,2020-05-05 22:00:00,2020-05-05,80788,106,4302,106,42099
3582625,1136521,248388,2020-05-04 22:00:00,2020-05-04,78954,105,3465,105,29009
3503671,1107512,244923,2020-05-03 22:00:00,2020-05-03,80605,104,4740,104,39966
3423066,1067546,240183,2020-05-02 22:00:00,2020-05-02,94124,103,5582,103,40735
3328942,1026811,234601,2020-05-01 22:00:00,2020-05-01,90173,102,5897,102,37028
3238769,989783,228704,2020-04-30 22:00:00,2020-04-30,84216,101,10295,101,48141
3154553,941642,218409,2020-04-29 22:00:00,2020-04-29,70561,100,5961,100,34411
3083992,907231,212448,2020-04-28 22:00:00,2020-04-28,64574,99,4499,99,21353
3019418,885878,207949,2020-04-27 22:00:00,2020-04-27,82557,98,4152,98,54067
2936861,831811,203797,2020-04-26 22:00:00,2020-04-26,86409,97,5570,97,28428
2850452,803383,198227,2020-04-25 22:00:00,2020-04-25,97384,96,6030,96,48507
2753068,754876,192197,2020-04-24 22:00:00,2020-04-24,99684,95,6956,95,31599
2653384,723277,185241,2020-04-23 22:00:00,2020-04-23,80167,94,6793,94,27826
2573217,695451,178448,2020-04-22 22:00:00,2020-04-22,76191,93,6977,93,37339
2497026,658112,171471,2020-04-21 22:00:00,2020-04-21,77706,92,5274,92,23395
2419320,634717,166197,2020-04-20 22:00:00,2020-04-20,72909,91,4768,91,31464
2346411,603253,161429,2020-04-19 22:00:00,2020-04-19,82495,90,6427,90,26609
2263916,576644,155002,2020-04-18 22:00:00,2020-04-18,90583,89,11265,89,22368
2173333,554276,143737,2020-04-17 22:00:00,2020-04-17,93994,88,6718,88,28490
2079339,525786,137019,2020-04-16 22:00:00,2020-04-16,80521,87,9350,87,23337
1998818,502449,127669,2020-04-15 22:00:00,2020-04-15,77797,86,7057,86,36660
1921021,465789,120612,2020-04-14 22:00:00,2020-04-14,69701,85,5444,85,23037
1851320,442752,115168,2020-04-13 22:00:00,2020-04-13,72125,84,5324,84,29692
1779195,413060,109844,2020-04-12 22:00:00,2020-04-12,79902,83,6288,83,29459
1699293,383601,103556,2020-04-11 22:00:00,2020-04-11,93780,82,6605,82,17458
1605513,366143,96951,2020-04-10 22:00:00,2020-04-10,88276,81,7497,81,27862
1517237,338281,89454,2020-04-09 22:00:00,2020-04-09,80258,80,5986,80,28490
1436979,309791,83468,2020-04-08 22:00:00,2020-04-08,83824,79,7459,79,15955
1353155,293836,76009,2020-04-07 22:00:00,2020-04-07,71801,78,5630,78,22220
1281354,271616,70379,2020-04-06 22:00:00,2020-04-06,71994,77,4666,77,19156
1209360,252460,65713,2020-04-05 22:00:00,2020-04-05,83734,76,5832,76,18886
1125626,233574,59881,2020-04-04 21:00:00,2020-04-04,95388,75,5755,75,14865
1030238,218709,54126,2020-04-03 21:00:00,2020-04-03,78449,74,5839,74,16291
951789,202418,48287,2020-04-02 21:00:00,2020-04-02,77821,73,4996,73,17914
873968,184504,43291,2020-04-01 21:00:00,2020-04-01,73927,72,4567,72,14475
800041,170029,38724,2020-03-31 21:00:00,2020-03-31,64648,71,3892,71,13761
735393,156268,34832,2020-03-30 21:00:00,2020-03-30,56783,70,3128,70,9944
678610,146324,31704,2020-03-29 21:00:00,2020-03-29,64187,69,3463,69,9030
614423,137294,28241,2020-03-28 21:00:00,2020-03-28,71590,68,3873,68,11009
542833,126285,24368,2020-03-27 21:10:00,2020-03-27,54792,67,2330,67,8813
488041,117472,22038,2020-03-26 22:20:00,2020-03-26,51325,66,2378,66,5572
436716,111900,19660,2020-03-25 23:20:00,2020-03-25,44358,65,2514,65,9250
392358,102650,17146,2020-03-24 21:20:00,2020-03-24,42567,64,1832,64,2303
349791,100347,15314,2020-03-23 21:40:00,2020-03-23,41069,63,2246,63,4657
308722,95690,13068,2020-03-22 21:00:00,2020-03-22,26030,62,1250,62,2301
282692,93389,11818,2020-03-21 21:00:00,2020-03-21,30707,61,1417,61,4429
251985,88960,10401,2020-03-20 21:20:00,2020-03-20,28953,60,1254,60,3243
223032,85717,9147,2020-03-19 21:30:00,2020-03-19,19447,59,922,59,2940
203585,82777,8225,2020-03-18 22:00:00,2020-03-18,19475,58,1045,58,2919
184110,79858,7180,2020-03-17 21:00:00,2020-03-17,13014,57,654,57,2148
171096,77710,6526,2020-03-16 21:00:00,2020-03-16,13282,56,680,56,1803
157814,75907,5846,2020-03-15 21:00:00,2020-03-15,9997,55,304,55,3370
147817,72537,5542,2020-03-14 21:00:00,2020-03-14,11971,54,554,54,2168
135846,70369,4988,2020-03-13 21:00:00,2020-03-13,8112,53,273,53,2056
127734,68313,4715,2020-03-12 21:00:00,2020-03-12,7120,52,350,52,1446
120614,66867,4365,2020-03-11 21:00:00,2020-03-11,5937,51,335,51,2615
114677,64252,4030,2020-03-10 21:00:00,2020-03-10,3402,50,157,50,1615
111275,62637,3873,2020-03-09 21:00:00,2020-03-09,4030,49,224,49,1835
107245,60802,3649,2020-03-08 21:00:00,2020-03-08,4651,48,150,48,3219
102594,57583,3499,2020-03-07 21:00:00,2020-03-07,3672,47,111,47,1915
98922,55668,3388,2020-03-06 21:00:00,2020-03-06,2699,46,88,46,1984
96223,53684,3300,2020-03-05 21:00:00,2020-03-05,2669,45,97,45,2697
93554,50987,3203,2020-03-04 21:00:00,2020-03-04,1379,44,76,44,2738
92175,48249,3127,2020-03-03 21:00:00,2020-03-03,2405,43,60,43,3077
89770,45172,3067,2020-03-02 21:00:00,2020-03-02,2786,42,88,42,2582
86984,42590,2979,2020-03-01 21:00:00,2020-03-01,1312,41,46,41,2939
85672,39651,2933,2020-02-29 21:00:00,2020-02-29,1812,40,66,40,2971
83860,36680,2867,2020-02-28 21:00:00,2020-02-28,1362,39,58,39,3537
82498,33143,2809,2020-02-27 21:00:00,2020-02-27,1277,38,40,38,2862
81221,30281,2769,2020-02-26 21:00:00,2020-02-26,894,37,63,37,2458
80327,27823,2706,2020-02-25 21:00:00,2020-02-25,817,36,81,36,2670
79510,25153,2625,2020-02-24 21:00:00,2020-02-24,626,35,160,35,1827
78884,23326,2465,2020-02-23 21:00:00,2020-02-23,959,34,103,34,2093
77925,21233,2362,2020-02-22 21:00:00,2020-02-22,1341,33,113,33,2428
76584,18805,2249,2020-02-21 21:00:00,2020-02-21,823,32,120,32,1969
75761,16836,2129,2020-02-20 21:00:00,2020-02-20,471,31,117,31,1904
75290,14932,2012,2020-02-19 21:00:00,2020-02-19,1866,30,139,30,1867
73424,13065,1873,2020-02-18 21:00:00,2020-02-18,1982,29,98,29,1788
71442,11277,1775,2020-02-17 21:00:00,2020-02-17,2160,28,106,28,1490
69282,9787,1669,2020-02-16 21:00:00,2020-02-16,2097,27,142,27,1331
67185,8456,1527,2020-02-15 21:00:00,2020-02-15,2732,26,143,26,1369
64453,7087,1384,2020-02-14 21:00:00,2020-02-14,4059,25,15,25,868
60394,6219,1369,2020-02-13 21:00:00,2020-02-13,15187,24,253,24,1184
45207,5035,1116,2020-02-12 21:00:00,2020-02-12,2076,23,98,23,806
43131,4229,1018,2020-02-11 20:30:00,2020-02-11,2484,22,108,22,714
40647,3515,910,2020-02-10 21:00:00,2020-02-10,3047,21,96,21,654
37600,2861,814,2020-02-09 21:00:00,2020-02-09,2644,20,89,20,505
34956,2356,725,2020-02-08 21:00:00,2020-02-08,3448,19,87,19,669
31508,1687,638,2020-02-07 21:00:00,2020-02-07,3160,18,73,18,368
28348,1319,565,2020-02-06 21:00:00,2020-02-06,3732,17,71,17,339
24616,980,494,2020-02-05 21:00:00,2020-02-05,3939,16,67,16,279
20677,701,427,2020-02-04 20:00:00,2020-02-04,3194,15,65,15,202
17483,499,362,2020-02-03 20:00:00,2020-02-03,2855,14,57,14,151
14628,348,305,2020-02-02 20:00:00,2020-02-02,3254,13,46,13,97
11374,251,259,2020-02-01 10:00:00,2020-02-01,1599,12,46,12,64
9775,187,213,2020-01-31 12:30:00,2020-01-31,1992,11,43,11,54
7783,133,170,2020-01-30 12:00:00,2020-01-30,1726,10,38,10,23
6057,110,132,2020-01-29 14:00:00,2020-01-29,1584,9,26,9,47
4473,63,106,2020-01-28 11:30:00,2020-01-28,1679,8,26,8,9
2794,54,80,2020-01-27 14:00:00,2020-01-27,775,7,24,7,5
2019,49,56,2020-01-26 13:00:00,2020-01-26,662,6,15,6,11
1357,38,41,2020-01-25 15:00:00,2020-01-25,476,5,15,5,4
881,34,26,2020-01-24 15:00:00,2020-01-24,227,4,8,4,4
654,30,18,2020-01-23 15:00:00,2020-01-23,99,3,1,3,30
555,0,17,2020-01-22 15:00:00,2020-01-22,223,2,11,2,0
332,0,6,2020-01-21 15:00:00,2020-01-21,0,1,0,1,0
