Confirmed,Recovered,Deaths,Date_last_updated_AEDT,date_day,New,DayElapsed,New_death,DayElapsed_death,New_recover
1839,1361,21,2020-07-12 22:00:00,2020-07-12,49,103,0,82,48
1790,1313,21,2020-07-11 22:00:00,2020-07-11,21,102,0,81,0
1769,1313,21,2020-07-10 22:00:00,2020-07-10,29,101,0,80,22
1740,1291,21,2020-07-09 22:00:00,2020-07-09,31,100,0,79,17
1709,1274,21,2020-07-08 22:00:00,2020-07-08,34,99,1,78,40
1675,1234,20,2020-07-07 22:00:00,2020-07-07,41,98,0,77,65
1634,1169,20,2020-07-06 22:00:00,2020-07-06,28,97,0,76,15
1606,1154,20,2020-07-05 22:00:00,2020-07-05,24,96,0,75,0
1582,1154,20,2020-07-04 22:00:00,2020-07-04,32,95,0,74,15
1550,1139,20,2020-07-03 22:00:00,2020-07-03,36,94,0,73,20
1514,1119,20,2020-07-02 22:00:00,2020-07-02,27,93,0,72,22
1487,1097,20,2020-07-01 22:00:00,2020-07-01,37,92,0,71,27
1450,1070,20,2020-06-30 22:00:00,2020-06-30,33,91,0,70,13
1417,1057,20,2020-06-29 22:00:00,2020-06-29,25,90,0,69,3
1392,1054,20,2020-06-28 22:00:00,2020-06-28,24,89,0,68,21
1368,1033,20,2020-06-27 22:00:00,2020-06-27,42,88,0,67,37
1326,996,20,2020-06-26 22:00:00,2020-06-26,44,87,0,66,30
1282,966,20,2020-06-25 22:00:00,2020-06-25,28,86,0,65,13
1254,953,20,2020-06-24 22:00:00,2020-06-24,24,85,0,64,22
1230,931,20,2020-06-23 22:00:00,2020-06-23,33,84,0,63,22
1197,909,20,2020-06-22 22:00:00,2020-06-22,18,83,0,62,13
1179,896,20,2020-06-21 22:00:00,2020-06-21,6,82,0,61,26
1173,870,20,2020-06-20 22:00:00,2020-06-20,29,81,2,60,8
1144,862,18,2020-06-19 22:00:00,2020-06-19,30,80,0,59,10
1114,852,18,2020-06-18 22:00:00,2020-06-18,25,79,0,58,0
1089,852,18,2020-06-17 22:00:00,2020-06-17,8,78,0,57,14
1081,838,18,2020-06-16 22:00:00,2020-06-16,21,77,0,56,4
1060,834,18,2020-06-15 22:00:00,2020-06-15,10,76,0,55,1
1050,833,18,2020-06-14 22:00:00,2020-06-14,22,75,0,54,19
1028,814,18,2020-06-13 22:00:00,2020-06-13,19,74,0,53,0
1009,814,18,2020-06-12 22:00:00,2020-06-12,29,73,0,52,10
980,804,18,2020-06-11 22:00:00,2020-06-11,8,72,1,51,15
972,789,17,2020-06-10 22:00:00,2020-06-10,12,71,0,50,16
960,773,17,2020-06-09 22:00:00,2020-06-09,13,70,0,49,16
947,757,17,2020-06-08 22:00:00,2020-06-08,8,69,0,48,0
939,757,17,2020-06-07 22:00:00,2020-06-07,6,68,0,47,2
933,755,17,2020-06-06 22:00:00,2020-06-06,12,67,0,46,41
921,714,17,2020-06-05 22:00:00,2020-06-05,6,66,0,45,0
915,714,17,2020-06-04 22:00:00,2020-06-04,3,65,0,44,22
912,692,17,2020-06-03 22:00:00,2020-06-03,2,64,1,43,25
910,667,16,2020-06-02 22:00:00,2020-06-02,7,63,0,42,9
903,658,16,2020-06-01 22:00:00,2020-06-01,5,62,0,41,0
898,658,16,2020-05-31 22:00:00,2020-05-31,7,61,1,40,16
891,642,15,2020-05-30 22:00:00,2020-05-30,15,60,0,39,8
876,634,15,2020-05-29 22:00:00,2020-05-29,16,59,1,38,10
860,624,14,2020-05-28 22:00:00,2020-05-28,10,58,2,37,17
850,607,12,2020-05-27 22:00:00,2020-05-27,7,57,0,36,8
843,599,12,2020-05-26 22:00:00,2020-05-26,5,56,0,35,24
838,575,12,2020-05-25 22:00:00,2020-05-25,25,55,0,34,19
813,556,12,2020-05-24 22:00:00,2020-05-24,10,54,0,33,5
803,551,12,2020-05-23 22:00:00,2020-05-23,2,53,0,32,5
801,546,12,2020-05-22 22:00:00,2020-05-22,14,52,1,31,18
787,528,11,2020-05-21 22:00:00,2020-05-21,11,51,1,30,0
776,528,10,2020-05-20 22:00:00,2020-05-20,10,50,0,29,24
766,504,10,2020-05-19 22:00:00,2020-05-19,12,49,2,28,6
754,498,8,2020-05-18 22:00:00,2020-05-18,13,48,1,27,0
741,498,7,2020-05-17 22:00:00,2020-05-17,25,47,0,26,11
716,487,7,2020-05-16 22:00:00,2020-05-16,15,46,0,25,0
701,487,7,2020-05-15 22:00:00,2020-05-15,13,45,0,24,7
688,480,7,2020-05-14 22:00:00,2020-05-14,13,44,0,23,3
675,477,7,2020-05-13 22:00:00,2020-05-13,6,43,0,22,26
669,451,7,2020-05-12 22:00:00,2020-05-12,7,42,0,21,8
662,443,7,2020-05-11 22:00:00,2020-05-11,9,41,0,20,0
653,443,7,2020-05-10 22:00:00,2020-05-10,9,40,0,19,5
644,438,7,2020-05-09 22:00:00,2020-05-09,9,39,0,18,22
635,416,7,2020-05-08 22:00:00,2020-05-08,4,38,0,17,0
631,416,7,2020-05-07 22:00:00,2020-05-07,27,37,0,16,11
604,405,7,2020-05-06 22:00:00,2020-05-06,8,36,0,15,0
596,405,7,2020-05-05 22:00:00,2020-05-05,10,35,0,14,14
586,391,7,2020-05-04 22:00:00,2020-05-04,7,34,0,13,0
579,391,7,2020-05-03 22:00:00,2020-05-03,13,33,0,12,13
566,378,7,2020-05-02 22:00:00,2020-05-02,7,32,0,11,0
559,378,7,2020-05-01 22:00:00,2020-05-01,14,31,0,10,0
545,378,7,2020-04-30 22:00:00,2020-04-30,9,30,0,9,0
536,378,7,2020-04-29 22:00:00,2020-04-29,16,29,0,8,44
520,334,7,2020-04-28 22:00:00,2020-04-28,18,28,0,7,0
502,334,7,2020-04-27 22:00:00,2020-04-27,11,27,0,6,0
491,334,7,2020-04-26 22:00:00,2020-04-26,18,26,0,5,55
473,279,7,2020-04-25 22:00:00,2020-04-25,20,25,0,4,0
453,279,7,2020-04-24 22:00:00,2020-04-24,6,24,1,3,-11
447,290,6,2020-04-23 22:00:00,2020-04-23,6,23,0,2,0
441,290,6,2020-04-22 22:00:00,2020-04-22,12,22,4,1,0
429,290,2,2020-04-21 22:00:00,2020-04-21,116,21,0,0,57
313,233,2,2020-04-20 22:00:00,2020-04-20,4,20,0,0,6
309,227,2,2020-04-19 22:00:00,2020-04-19,4,19,0,0,40
305,187,2,2020-04-18 22:00:00,2020-04-18,9,18,0,0,23
296,164,2,2020-04-17 22:00:00,2020-04-17,8,17,0,0,0
288,164,2,2020-04-16 22:00:00,2020-04-16,6,16,1,0,0
282,164,1,2020-04-15 22:00:00,2020-04-15,7,15,0,0,27
275,137,1,2020-04-14 22:00:00,2020-04-14,5,14,1,0,0
270,137,0,2020-04-13 22:00:00,2020-04-13,9,13,0,0,0
261,137,0,2020-04-12 22:00:00,2020-04-12,8,12,0,0,36
253,101,0,2020-04-11 22:00:00,2020-04-11,14,11,0,0,0
239,101,0,2020-04-10 22:00:00,2020-04-10,9,10,0,0,39
230,62,0,2020-04-09 22:00:00,2020-04-09,9,9,0,0,0
221,62,0,2020-04-08 22:00:00,2020-04-08,9,8,0,0,12
212,50,0,2020-04-07 22:00:00,2020-04-07,12,7,0,0,0
200,50,0,2020-04-06 22:00:00,2020-04-06,13,6,0,0,13
187,37,0,2020-04-05 22:00:00,2020-04-05,21,5,0,0,0
166,37,0,2020-04-04 21:00:00,2020-04-04,13,4,0,0,6
153,31,0,2020-04-03 21:00:00,2020-04-03,16,3,0,0,0
137,31,0,2020-04-02 21:00:00,2020-04-02,17,2,0,0,31
120,0,0,2020-04-01 21:00:00,2020-04-01,25,1,0,0,0
95,0,0,2020-03-31 21:00:00,2020-03-31,8,0,0,0,0
87,0,0,2020-03-30 21:00:00,2020-03-30,3,0,0,0,0
84,0,0,2020-03-29 21:00:00,2020-03-29,11,0,0,0,0
73,0,0,2020-03-28 21:00:00,2020-03-28,17,0,0,0,0
56,0,0,2020-03-27 21:10:00,2020-03-27,7,0,0,0,0
49,0,0,2020-03-26 22:20:00,2020-03-26,12,0,0,0,0
37,0,0,2020-03-25 23:20:00,2020-03-25,9,0,0,0,0
28,0,0,2020-03-24 21:20:00,2020-03-24,2,0,0,0,0
26,0,0,2020-03-23 21:40:00,2020-03-23,2,0,0,0,0
24,0,0,2020-03-22 21:00:00,2020-03-22,2,0,0,0,0
22,0,0,2020-03-21 21:00:00,2020-03-21,4,0,0,0,0
18,0,0,2020-03-20 21:20:00,2020-03-20,0,0,0,0,0
18,0,0,2020-03-19 21:30:00,2020-03-19,3,0,0,0,0
15,0,0,2020-03-18 22:00:00,2020-03-18,5,0,0,0,0
10,0,0,2020-03-17 21:00:00,2020-03-17,7,0,0,0,0
3,0,0,2020-03-16 21:00:00,2020-03-16,0,0,0,0,0
3,0,0,2020-03-15 21:00:00,2020-03-15,1,0,0,0,0
2,0,0,2020-03-14 21:00:00,2020-03-14,1,0,0,0,0
1,0,0,2020-03-13 21:00:00,2020-03-13,0,0,0,0,0
1,0,0,2020-03-12 21:00:00,2020-03-12,1,0,0,0,0
0,0,0,2020-03-11 21:00:00,2020-03-11,0,0,0,0,0
0,0,0,2020-03-10 21:00:00,2020-03-10,0,0,0,0,0
0,0,0,2020-03-09 21:00:00,2020-03-09,0,0,0,0,0
0,0,0,2020-03-08 21:00:00,2020-03-08,0,0,0,0,0
0,0,0,2020-03-07 21:00:00,2020-03-07,0,0,0,0,0
0,0,0,2020-03-06 21:00:00,2020-03-06,0,0,0,0,0
0,0,0,2020-03-05 21:00:00,2020-03-05,0,0,0,0,0
0,0,0,2020-03-04 21:00:00,2020-03-04,0,0,0,0,0
0,0,0,2020-03-03 21:00:00,2020-03-03,0,0,0,0,0
0,0,0,2020-03-02 21:00:00,2020-03-02,0,0,0,0,0
0,0,0,2020-03-01 21:00:00,2020-03-01,0,0,0,0,0
0,0,0,2020-02-29 21:00:00,2020-02-29,0,0,0,0,0
0,0,0,2020-02-28 21:00:00,2020-02-28,0,0,0,0,0
0,0,0,2020-02-27 21:00:00,2020-02-27,0,0,0,0,0
0,0,0,2020-02-26 21:00:00,2020-02-26,0,0,0,0,0
0,0,0,2020-02-25 21:00:00,2020-02-25,0,0,0,0,0
0,0,0,2020-02-24 21:00:00,2020-02-24,0,0,0,0,0
0,0,0,2020-02-23 21:00:00,2020-02-23,0,0,0,0,0
0,0,0,2020-02-22 21:00:00,2020-02-22,0,0,0,0,0
0,0,0,2020-02-21 21:00:00,2020-02-21,0,0,0,0,0
0,0,0,2020-02-20 21:00:00,2020-02-20,0,0,0,0,0
0,0,0,2020-02-19 21:00:00,2020-02-19,0,0,0,0,0
0,0,0,2020-02-18 21:00:00,2020-02-18,0,0,0,0,0
0,0,0,2020-02-17 21:00:00,2020-02-17,0,0,0,0,0
0,0,0,2020-02-16 21:00:00,2020-02-16,0,0,0,0,0
0,0,0,2020-02-15 21:00:00,2020-02-15,0,0,0,0,0
0,0,0,2020-02-14 21:00:00,2020-02-14,0,0,0,0,0
0,0,0,2020-02-13 21:00:00,2020-02-13,0,0,0,0,0
0,0,0,2020-02-12 21:00:00,2020-02-12,0,0,0,0,0
0,0,0,2020-02-11 20:30:00,2020-02-11,0,0,0,0,0
0,0,0,2020-02-10 21:00:00,2020-02-10,0,0,0,0,0
0,0,0,2020-02-09 21:00:00,2020-02-09,0,0,0,0,0
0,0,0,2020-02-08 21:00:00,2020-02-08,0,0,0,0,0
0,0,0,2020-02-07 21:00:00,2020-02-07,0,0,0,0,0
0,0,0,2020-02-06 21:00:00,2020-02-06,0,0,0,0,0
0,0,0,2020-02-05 21:00:00,2020-02-05,0,0,0,0,0
0,0,0,2020-02-04 20:00:00,2020-02-04,0,0,0,0,0
0,0,0,2020-02-03 20:00:00,2020-02-03,0,0,0,0,0
0,0,0,2020-02-02 20:00:00,2020-02-02,0,0,0,0,0
0,0,0,2020-02-01 10:00:00,2020-02-01,0,0,0,0,0
0,0,0,2020-01-31 12:30:00,2020-01-31,0,0,0,0,0
0,0,0,2020-01-30 12:00:00,2020-01-30,0,0,0,0,0
0,0,0,2020-01-29 14:00:00,2020-01-29,0,0,0,0,0
0,0,0,2020-01-28 11:30:00,2020-01-28,0,0,0,0,0
0,0,0,2020-01-27 14:00:00,2020-01-27,0,0,0,0,0
0,0,0,2020-01-26 13:00:00,2020-01-26,0,0,0,0,0
0,0,0,2020-01-25 15:00:00,2020-01-25,0,0,0,0,0
0,0,0,2020-01-24 15:00:00,2020-01-24,0,0,0,0,0
0,0,0,2020-01-23 15:00:00,2020-01-23,0,0,0,0,0
0,0,0,2020-01-22 15:00:00,2020-01-22,0,0,0,0,0
0,0,0,2020-01-21 15:00:00,2020-01-21,0,0,0,0,0
