Confirmed,Recovered,Deaths,Date_last_updated_AEDT,date_day,New,DayElapsed,New_death,DayElapsed_death,New_recover
1478,439,25,2020-07-19 22:00:00,2020-07-19,58,53,1,102,1
1420,438,24,2020-07-18 22:00:00,2020-07-18,58,52,1,101,13
1362,425,23,2020-07-17 22:00:00,2020-07-17,273,51,3,100,30
1089,395,20,2020-07-16 22:00:00,2020-07-16,25,50,0,99,52
1064,343,20,2020-07-15 22:00:00,2020-07-15,30,49,1,98,0
1034,343,19,2020-07-14 22:00:00,2020-07-14,49,48,1,97,15
985,328,18,2020-07-13 22:00:00,2020-07-13,3,47,0,96,8
982,320,18,2020-07-12 22:00:00,2020-07-12,40,46,5,95,0
942,320,13,2020-07-11 22:00:00,2020-07-11,16,45,1,94,14
926,306,12,2020-07-10 22:00:00,2020-07-10,41,44,3,93,100
885,206,9,2020-07-09 22:00:00,2020-07-09,98,43,0,92,5
787,201,9,2020-07-08 22:00:00,2020-07-08,53,42,0,91,4
734,197,9,2020-07-07 22:00:00,2020-07-07,18,41,1,90,16
716,181,8,2020-07-06 22:00:00,2020-07-06,18,40,0,89,0
698,181,8,2020-07-05 22:00:00,2020-07-05,73,39,1,88,5
625,176,7,2020-07-04 22:00:00,2020-07-04,8,38,0,87,3
617,173,7,2020-07-03 22:00:00,2020-07-03,12,37,0,86,7
605,166,7,2020-07-02 22:00:00,2020-07-02,14,36,0,85,4
591,162,7,2020-07-01 22:00:00,2020-07-01,17,35,0,84,10
574,152,7,2020-06-30 22:00:00,2020-06-30,7,34,1,83,10
567,142,6,2020-06-29 22:00:00,2020-06-29,0,33,0,82,0
567,142,6,2020-06-28 22:00:00,2020-06-28,6,32,0,81,7
561,135,6,2020-06-27 22:00:00,2020-06-27,10,31,0,80,7
551,128,6,2020-06-26 22:00:00,2020-06-26,21,30,0,79,5
530,123,6,2020-06-25 22:00:00,2020-06-25,5,29,0,78,59
525,64,6,2020-06-24 22:00:00,2020-06-24,13,28,0,77,0
512,64,6,2020-06-23 22:00:00,2020-06-23,23,27,0,76,0
489,64,6,2020-06-22 22:00:00,2020-06-22,10,26,2,75,1
479,63,4,2020-06-21 22:00:00,2020-06-21,0,25,0,74,0
479,63,4,2020-06-20 22:00:00,2020-06-20,16,24,0,73,0
463,63,4,2020-06-19 22:00:00,2020-06-19,62,23,0,72,0
401,63,4,2020-06-18 22:00:00,2020-06-18,10,22,0,71,1
391,62,4,2020-06-17 22:00:00,2020-06-17,4,21,0,70,8
387,54,4,2020-06-16 22:00:00,2020-06-16,4,20,0,69,0
383,54,4,2020-06-15 22:00:00,2020-06-15,27,19,0,68,0
356,54,4,2020-06-14 22:00:00,2020-06-14,13,18,0,67,3
343,51,4,2020-06-13 22:00:00,2020-06-13,11,17,0,66,0
332,51,4,2020-06-12 22:00:00,2020-06-12,12,16,0,65,2
320,49,4,2020-06-11 22:00:00,2020-06-11,6,15,0,64,3
314,46,4,2020-06-10 22:00:00,2020-06-10,27,14,0,63,0
287,46,4,2020-06-09 22:00:00,2020-06-09,5,13,0,62,12
282,34,4,2020-06-08 22:00:00,2020-06-08,3,12,0,61,1
279,33,4,2020-06-07 22:00:00,2020-06-07,14,11,0,60,0
265,33,4,2020-06-06 22:00:00,2020-06-06,28,10,0,59,2
237,31,4,2020-06-05 22:00:00,2020-06-05,15,9,0,58,2
222,29,4,2020-06-04 22:00:00,2020-06-04,16,8,0,57,0
206,29,4,2020-06-03 22:00:00,2020-06-03,3,7,0,56,0
203,29,4,2020-06-02 22:00:00,2020-06-02,25,6,0,55,0
178,29,4,2020-06-01 22:00:00,2020-06-01,4,5,0,54,0
174,29,4,2020-05-31 22:00:00,2020-05-31,14,4,0,53,0
160,29,4,2020-05-30 22:00:00,2020-05-30,11,3,0,52,1
149,28,4,2020-05-29 22:00:00,2020-05-29,17,2,0,51,3
132,25,4,2020-05-28 22:00:00,2020-05-28,76,1,0,50,0
56,25,4,2020-05-27 22:00:00,2020-05-27,0,0,0,49,0
56,25,4,2020-05-26 22:00:00,2020-05-26,0,0,0,48,0
56,25,4,2020-05-25 22:00:00,2020-05-25,0,0,0,47,7
56,18,4,2020-05-24 22:00:00,2020-05-24,5,0,0,46,0
51,18,4,2020-05-23 22:00:00,2020-05-23,0,0,0,45,0
51,18,4,2020-05-22 22:00:00,2020-05-22,3,0,0,44,0
48,18,4,2020-05-21 22:00:00,2020-05-21,2,0,0,43,0
46,18,4,2020-05-20 22:00:00,2020-05-20,0,0,0,42,0
46,18,4,2020-05-19 22:00:00,2020-05-19,2,0,0,41,1
44,17,4,2020-05-18 22:00:00,2020-05-18,0,0,0,40,0
44,17,4,2020-05-17 22:00:00,2020-05-17,2,0,0,39,4
42,13,4,2020-05-16 22:00:00,2020-05-16,5,0,0,38,0
37,13,4,2020-05-15 22:00:00,2020-05-15,0,0,0,37,1
37,12,4,2020-05-14 22:00:00,2020-05-14,1,0,0,36,3
36,9,4,2020-05-13 22:00:00,2020-05-13,0,0,0,35,0
36,9,4,2020-05-12 22:00:00,2020-05-12,0,0,0,34,0
36,9,4,2020-05-11 22:00:00,2020-05-11,0,0,0,33,0
36,9,4,2020-05-10 22:00:00,2020-05-10,2,0,0,32,0
34,9,4,2020-05-09 22:00:00,2020-05-09,0,0,0,31,4
34,5,4,2020-05-08 22:00:00,2020-05-08,0,0,0,30,0
34,5,4,2020-05-07 22:00:00,2020-05-07,0,0,0,29,0
34,5,4,2020-05-06 22:00:00,2020-05-06,0,0,0,28,0
34,5,4,2020-05-05 22:00:00,2020-05-05,0,0,0,27,0
34,5,4,2020-05-04 22:00:00,2020-05-04,0,0,0,26,0
34,5,4,2020-05-03 22:00:00,2020-05-03,0,0,0,25,0
34,5,4,2020-05-02 22:00:00,2020-05-02,-6,0,0,24,0
40,5,4,2020-05-01 22:00:00,2020-05-01,0,0,0,23,0
40,5,4,2020-04-30 22:00:00,2020-04-30,8,0,0,22,0
32,5,4,2020-04-29 22:00:00,2020-04-29,0,0,0,21,0
32,5,4,2020-04-28 22:00:00,2020-04-28,1,0,0,20,0
31,5,4,2020-04-27 22:00:00,2020-04-27,0,0,0,19,3
31,2,4,2020-04-26 22:00:00,2020-04-26,2,0,0,18,0
29,2,4,2020-04-25 22:00:00,2020-04-25,0,0,0,17,0
29,2,4,2020-04-24 22:00:00,2020-04-24,1,0,0,16,0
28,2,4,2020-04-23 22:00:00,2020-04-23,0,0,1,15,0
28,2,3,2020-04-22 22:00:00,2020-04-22,3,0,0,14,0
25,2,3,2020-04-21 22:00:00,2020-04-21,0,0,0,13,0
25,2,3,2020-04-20 22:00:00,2020-04-20,0,0,0,12,0
25,2,3,2020-04-19 22:00:00,2020-04-19,1,0,0,11,0
24,2,3,2020-04-18 22:00:00,2020-04-18,0,0,0,10,0
24,2,3,2020-04-17 22:00:00,2020-04-17,1,0,0,9,1
23,1,3,2020-04-16 22:00:00,2020-04-16,5,0,0,8,0
18,1,3,2020-04-15 22:00:00,2020-04-15,1,0,0,7,1
17,0,3,2020-04-14 22:00:00,2020-04-14,3,0,0,6,0
14,0,3,2020-04-13 22:00:00,2020-04-13,0,0,0,5,0
14,0,3,2020-04-12 22:00:00,2020-04-12,1,0,0,4,0
13,0,3,2020-04-11 22:00:00,2020-04-11,2,0,0,3,0
11,0,3,2020-04-10 22:00:00,2020-04-10,0,0,0,2,0
11,0,3,2020-04-09 22:00:00,2020-04-09,0,0,1,1,0
11,0,2,2020-04-08 22:00:00,2020-04-08,1,0,1,0,0
10,0,1,2020-04-07 22:00:00,2020-04-07,1,0,0,0,0
9,0,1,2020-04-06 22:00:00,2020-04-06,0,0,0,0,0
9,0,1,2020-04-05 22:00:00,2020-04-05,0,0,0,0,0
9,0,1,2020-04-04 21:00:00,2020-04-04,0,0,0,0,0
9,0,1,2020-04-03 21:00:00,2020-04-03,1,0,0,0,0
8,0,1,2020-04-02 21:00:00,2020-04-02,0,0,0,0,0
8,0,1,2020-04-01 21:00:00,2020-04-01,0,0,0,0,0
8,0,1,2020-03-31 21:00:00,2020-03-31,1,0,0,0,0
7,0,1,2020-03-30 21:00:00,2020-03-30,0,0,0,0,0
7,0,1,2020-03-29 21:00:00,2020-03-29,2,0,0,0,0
5,0,1,2020-03-28 21:00:00,2020-03-28,0,0,0,0,0
5,0,1,2020-03-27 21:10:00,2020-03-27,2,0,0,0,0
3,0,1,2020-03-26 22:20:00,2020-03-26,0,0,0,0,0
3,0,1,2020-03-25 23:20:00,2020-03-25,0,0,0,0,0
3,0,1,2020-03-24 21:20:00,2020-03-24,0,0,1,0,0
3,0,0,2020-03-23 21:40:00,2020-03-23,0,0,0,0,0
3,0,0,2020-03-22 21:00:00,2020-03-22,0,0,0,0,0
3,0,0,2020-03-21 21:00:00,2020-03-21,3,0,0,0,0
0,0,0,2020-03-20 21:20:00,2020-03-20,0,0,0,0,0
0,0,0,2020-03-19 21:30:00,2020-03-19,0,0,0,0,0
0,0,0,2020-03-18 22:00:00,2020-03-18,0,0,0,0,0
0,0,0,2020-03-17 21:00:00,2020-03-17,0,0,0,0,0
0,0,0,2020-03-16 21:00:00,2020-03-16,0,0,0,0,0
0,0,0,2020-03-15 21:00:00,2020-03-15,0,0,0,0,0
0,0,0,2020-03-14 21:00:00,2020-03-14,0,0,0,0,0
0,0,0,2020-03-13 21:00:00,2020-03-13,0,0,0,0,0
0,0,0,2020-03-12 21:00:00,2020-03-12,0,0,0,0,0
0,0,0,2020-03-11 21:00:00,2020-03-11,0,0,0,0,0
0,0,0,2020-03-10 21:00:00,2020-03-10,0,0,0,0,0
0,0,0,2020-03-09 21:00:00,2020-03-09,0,0,0,0,0
0,0,0,2020-03-08 21:00:00,2020-03-08,0,0,0,0,0
0,0,0,2020-03-07 21:00:00,2020-03-07,0,0,0,0,0
0,0,0,2020-03-06 21:00:00,2020-03-06,0,0,0,0,0
0,0,0,2020-03-05 21:00:00,2020-03-05,0,0,0,0,0
0,0,0,2020-03-04 21:00:00,2020-03-04,0,0,0,0,0
0,0,0,2020-03-03 21:00:00,2020-03-03,0,0,0,0,0
0,0,0,2020-03-02 21:00:00,2020-03-02,0,0,0,0,0
0,0,0,2020-03-01 21:00:00,2020-03-01,0,0,0,0,0
0,0,0,2020-02-29 21:00:00,2020-02-29,0,0,0,0,0
0,0,0,2020-02-28 21:00:00,2020-02-28,0,0,0,0,0
0,0,0,2020-02-27 21:00:00,2020-02-27,0,0,0,0,0
0,0,0,2020-02-26 21:00:00,2020-02-26,0,0,0,0,0
0,0,0,2020-02-25 21:00:00,2020-02-25,0,0,0,0,0
0,0,0,2020-02-24 21:00:00,2020-02-24,0,0,0,0,0
0,0,0,2020-02-23 21:00:00,2020-02-23,0,0,0,0,0
0,0,0,2020-02-22 21:00:00,2020-02-22,0,0,0,0,0
0,0,0,2020-02-21 21:00:00,2020-02-21,0,0,0,0,0
0,0,0,2020-02-20 21:00:00,2020-02-20,0,0,0,0,0
0,0,0,2020-02-19 21:00:00,2020-02-19,0,0,0,0,0
0,0,0,2020-02-18 21:00:00,2020-02-18,0,0,0,0,0
0,0,0,2020-02-17 21:00:00,2020-02-17,0,0,0,0,0
0,0,0,2020-02-16 21:00:00,2020-02-16,0,0,0,0,0
0,0,0,2020-02-15 21:00:00,2020-02-15,0,0,0,0,0
0,0,0,2020-02-14 21:00:00,2020-02-14,0,0,0,0,0
0,0,0,2020-02-13 21:00:00,2020-02-13,0,0,0,0,0
0,0,0,2020-02-12 21:00:00,2020-02-12,0,0,0,0,0
0,0,0,2020-02-11 20:30:00,2020-02-11,0,0,0,0,0
0,0,0,2020-02-10 21:00:00,2020-02-10,0,0,0,0,0
0,0,0,2020-02-09 21:00:00,2020-02-09,0,0,0,0,0
0,0,0,2020-02-08 21:00:00,2020-02-08,0,0,0,0,0
0,0,0,2020-02-07 21:00:00,2020-02-07,0,0,0,0,0
0,0,0,2020-02-06 21:00:00,2020-02-06,0,0,0,0,0
0,0,0,2020-02-05 21:00:00,2020-02-05,0,0,0,0,0
0,0,0,2020-02-04 20:00:00,2020-02-04,0,0,0,0,0
0,0,0,2020-02-03 20:00:00,2020-02-03,0,0,0,0,0
0,0,0,2020-02-02 20:00:00,2020-02-02,0,0,0,0,0
0,0,0,2020-02-01 10:00:00,2020-02-01,0,0,0,0,0
0,0,0,2020-01-31 12:30:00,2020-01-31,0,0,0,0,0
0,0,0,2020-01-30 12:00:00,2020-01-30,0,0,0,0,0
0,0,0,2020-01-29 14:00:00,2020-01-29,0,0,0,0,0
0,0,0,2020-01-28 11:30:00,2020-01-28,0,0,0,0,0
0,0,0,2020-01-27 14:00:00,2020-01-27,0,0,0,0,0
0,0,0,2020-01-26 13:00:00,2020-01-26,0,0,0,0,0
0,0,0,2020-01-25 15:00:00,2020-01-25,0,0,0,0,0
0,0,0,2020-01-24 15:00:00,2020-01-24,0,0,0,0,0
0,0,0,2020-01-23 15:00:00,2020-01-23,0,0,0,0,0
0,0,0,2020-01-22 15:00:00,2020-01-22,0,0,0,0,0
0,0,0,2020-01-21 15:00:00,2020-01-21,0,0,0,0,0
